0 0.15781250000000002 0.4248046875 0.1484375 0.4443359375 0.146875 0.4755859375 0.14921875 0.4833984375 0.1640625 0.4814453125 0.17578125 0.4697265625 0.234375 0.376953125 0.25234375 0.3427734375 0.2453125 0.3310546875 0.23593750000000002 0.330078125 0.21484375 0.3408203125 0.18203124999999998 0.3837890625 0.15781250000000002 0.4248046875
0 0.31875 0.697265625 0.34921875 0.7080078125 0.421875 0.7138671875 0.46328125 0.7119140625 0.47109375 0.7080078125 0.47343749999999996 0.6982421875 0.459375 0.6787109375 0.44140625 0.669921875 0.34062499999999996 0.666015625 0.32890624999999996 0.671875 0.31875 0.6826171875 0.31875 0.697265625
0 0.36875 0.7529296875 0.37734375 0.7607421875 0.37421875000000004 0.771484375 0.3921875 0.771484375 0.396875 0.779296875 0.40625 0.7822265625 0.41093749999999996 0.791015625 0.4234375 0.7958984375 0.44765625 0.8134765625 0.47890625 0.8271484375 0.49609375 0.8291015625 0.50546875 0.822265625 0.503125 0.8056640625 0.48671875 0.77734375 0.44375 0.7451171875 0.42500000000000004 0.736328125 0.41093749999999996 0.7236328125 0.40703124999999996 0.7158203125 0.38203125000000004 0.7109375 0.36875 0.716796875 0.36171875 0.732421875 0.36875 0.7529296875
0 0.6015625 0.7236328125 0.6109375 0.7333984375 0.6312500000000001 0.740234375 0.70703125 0.751953125 0.74140625 0.75 0.7484375000000001 0.74609375 0.75078125 0.73828125 0.75078125 0.732421875 0.73359375 0.7109375 0.7210937500000001 0.7041015625 0.67890625 0.697265625 0.63359375 0.6953125 0.6109375 0.7041015625 0.60234375 0.716796875 0.6015625 0.7236328125
0 0.7945312499999999 0.810546875 0.8070312500000001 0.8251953125 0.8335937499999999 0.841796875 0.8804687499999999 0.859375 0.8984375 0.857421875 0.9085937500000001 0.8486328125 0.9109375 0.833984375 0.8960937499999999 0.8154296875 0.8359375 0.7802734375 0.8101562499999999 0.7705078125 0.7945312499999999 0.76953125 0.78515625 0.7783203125 0.7828124999999999 0.787109375 0.7945312499999999 0.810546875
0 0.8851562500000001 0.7275390625 0.8984375 0.7373046875 0.9117187499999999 0.7333984375 0.903125 0.720703125 0.8695312500000001 0.7197265625 0.8617187500000001 0.720703125 0.8609374999999999 0.724609375 0.8851562500000001 0.7275390625
0 0.38593750000000004 0.4189453125 0.4 0.4365234375 0.41874999999999996 0.453125 0.4375 0.4765625 0.4625 0.49609375 0.48203125 0.498046875 0.4921875 0.48828125 0.49531250000000004 0.482421875 0.49375 0.47265625 0.47578125000000004 0.4462890625 0.446875 0.4130859375 0.40859375 0.3779296875 0.39375000000000004 0.3681640625 0.38828125 0.3681640625 0.37578124999999996 0.3779296875 0.37578124999999996 0.3935546875 0.38593750000000004 0.4189453125
0 0.51640625 0.5439453125 0.515625 0.55859375 0.52265625 0.5712890625 0.53125 0.5771484375 0.5484375 0.5771484375 0.5609375 0.572265625 0.58515625 0.5546875 0.5890625 0.54296875 0.5890625 0.505859375 0.584375 0.498046875 0.5765625 0.4970703125 0.55078125 0.5078125 0.52265625 0.533203125 0.51640625 0.5439453125
0 0.6187499999999999 0.4326171875 0.61796875 0.4560546875 0.62578125 0.49609375 0.6468750000000001 0.5205078125 0.6742187500000001 0.4951171875 0.68046875 0.451171875 0.67890625 0.4287109375 0.67109375 0.416015625 0.6585937500000001 0.408203125 0.64375 0.40625 0.6312500000000001 0.4111328125 0.6226562499999999 0.4208984375 0.6187499999999999 0.4326171875
0 0.67890625 0.505859375 0.6812499999999999 0.5205078125 0.6898437500000001 0.53515625 0.71015625 0.541015625 0.7234375 0.533203125 0.73046875 0.5205078125 0.734375 0.5009765625 0.73515625 0.466796875 0.721875 0.4443359375 0.70625 0.43359375 0.6921875 0.4453125 0.6875 0.48046875 0.67890625 0.505859375
0 0.6796875 0.5888671875 0.6898437500000001 0.6103515625 0.7085937499999999 0.62890625 0.746875 0.6201171875 0.75390625 0.607421875 0.73828125 0.5712890625 0.7109375 0.5419921875 0.7007812499999999 0.5419921875 0.68359375 0.552734375 0.67578125 0.5703125 0.6796875 0.5888671875