0 0.4723557692307692 0.2247596153846154 0.16346153846153846 0.20192307692307693
0 0.5036057692307693 0.5757211538461539 0.1658653846153846 0.1466346153846154
0 0.5072115384615384 0.6935096153846154 0.13701923076923078 0.18509615384615385
0 0.7079326923076923 0.8233173076923077 0.14903846153846154 0.140625
0 0.6586538461538461 0.40024038461538464 0.15144230769230768 0.18629807692307693
0 0.7956730769230769 0.9735576923076923 0.06971153846153846 0.052884615384615384
0 0.8858173076923077 0.9555288461538461 0.11057692307692307 0.08533653846153846
0 0.6995192307692307 0.5829326923076923 0.11057692307692307 0.10216346153846154
0 0.8112980769230769 0.7391826923076923 0.09495192307692307 0.10576923076923077
0 0.8149038461538461 0.5973557692307693 0.07692307692307693 0.11538461538461539
0 0.8425480769230769 0.6598557692307693 0.07932692307692307 0.11899038461538461