0 0.21514423076923078 0.38461538461538464 0.16346153846153846 0.20192307692307693
0 0.41346153846153844 0.6862980769230769 0.1778846153846154 0.08173076923076923
0 0.45552884615384615 0.7764423076923077 0.1346153846153846 0.1875
0 0.6971153846153846 0.7319711538461539 0.15504807692307693 0.09975961538461539
0 0.4483173076923077 0.41586538461538464 0.15144230769230768 0.18629807692307693
0 0.8581730769230769 0.8245192307692307 0.14423076923076922 0.12259615384615384
0 0.9146634615384616 0.7584134615384616 0.15144230769230768 0.09014423076923077
0 0.5733173076923077 0.5432692307692307 0.11057692307692307 0.10216346153846154
0 0.734375 0.5925480769230769 0.09495192307692307 0.10576923076923077
0 0.6814903846153846 0.47836538461538464 0.07091346153846154 0.11538461538461539
0 0.7367788461538461 0.4951923076923077 0.07932692307692307 0.11899038461538461