0 0.3125 0.34975961538461536 0.16346153846153846 0.20192307692307693
0 0.4567307692307692 0.6646634615384616 0.1778846153846154 0.08173076923076923
0 0.4855769230769231 0.7644230769230769 0.1346153846153846 0.1875
0 0.7331730769230769 0.7788461538461539 0.15504807692307693 0.09975961538461539
0 0.5372596153846154 0.4230769230769231 0.15144230769230768 0.18629807692307693
0 0.8870192307692307 0.9026442307692307 0.14423076923076922 0.12259615384615384
0 0.9242788461538461 0.8389423076923077 0.15144230769230768 0.09014423076923077
0 0.6442307692307693 0.5576923076923077 0.11057692307692307 0.10216346153846154
0 0.7920673076923077 0.6454326923076923 0.09495192307692307 0.10576923076923077
0 0.7596153846153846 0.5252403846153846 0.07091346153846154 0.11538461538461539
0 0.8064903846153846 0.5444711538461539 0.07932692307692307 0.11899038461538461