0 0.26738934134615383 0.2977624783653846 0.2881662139423077 0.32013769471153847 0.3495934951923077 0.36316695432692303 0.3766937668269231 0.3752151466346154 0.3956639567307692 0.37349397596153844 0.41373080288461533 0.34423407932692307 0.4101174350961539 0.31841652403846155 0.3938572716346154 0.2977624783653846 0.3062330625 0.23580034375 0.2818428173076923 0.2237521514423077 0.2646793125 0.2237521514423077 0.25654923317307693 0.23407917307692308 0.2529358629807692 0.2564543894230769 0.26738934134615383 0.2977624783653846
0 0.8482384831730769 0.4681583485576923 0.8446251129807693 0.4853700504807692 0.8455284543269231 0.507745266826923 0.8599819326923076 0.5232358004807692 0.8753387524038462 0.5215146298076923 0.9810298100961539 0.4475043028846154 0.9936766033653845 0.4234079182692308 0.9927732620192308 0.40275387259615386 0.9738030721153846 0.3752151466346154 0.9584462499999999 0.37177280528846157 0.8925022572115384 0.40963855528846155 0.8654019879807693 0.43545611057692307 0.8482384831730769 0.4681583485576923
0 0.8184281850961538 0.6127366610576923 0.8346883461538461 0.6402753870192307 0.8455284543269231 0.6471600697115385 0.8934056009615384 0.6557659206730769 0.93857271875 0.65404475 0.9557362235576924 0.6402753870192307 0.9665763317307692 0.6092943197115385 0.9656729903846154 0.5920826153846154 0.9602529350961538 0.58175559375 0.9439927740384615 0.5697074014423077 0.8346883461538461 0.5542168677884616 0.8139114735576923 0.5662650600961538 0.8102981033653845 0.5869191057692308 0.8184281850961538 0.6127366610576923
0 0.2881662139423077 0.7882960408653846 0.2890695576923077 0.8089500865384616 0.31074977403846155 0.8106712572115384 0.3360433605769231 0.8020654038461538 0.4453477860576923 0.7297762475961539 0.45799457932692306 0.709122201923077 0.4570912379807692 0.6936316706730768 0.44625112980769227 0.6798623052884616 0.43089431009615387 0.6695352836538462 0.4155374879807692 0.6695352836538462 0.3089430889423077 0.7418244399038462 0.29268292788461536 0.7693631658653846 0.2881662139423077 0.7882960408653846
0 0.36043360336538466 0.8382099831730769 0.38121047836538463 0.8519793461538462 0.4372177043269231 0.8795180721153847 0.4841915096153846 0.8932874350961538 0.5230352307692308 0.891566264423077 0.5338753389423077 0.8760757307692307 0.5239385721153846 0.8433734927884615 0.49954832932692306 0.8141135961538463 0.4354110216346154 0.7900172115384615 0.37217705528846157 0.7814113605769231 0.3541102067307692 0.7986230625 0.35230352403846155 0.819277108173077 0.36043360336538466 0.8382099831730769
0 0.05239385817307692 0.37693631730769234 0.029810298076923078 0.5301204807692308 0.038843721153846156 0.5903614447115385 0.05149051442307692 0.5920826153846154 0.058717254807692305 0.5851979350961538 0.06775067788461539 0.5524956971153846 0.1056910576923077 0.31841652403846155 0.10659439903846153 0.2891566274038462 0.09936766105769232 0.27882960336538465 0.08672086778846154 0.2839931153846154 0.07317073076923077 0.30120481971153845 0.05239385817307692 0.37693631730769234
0 0.6025293581730768 0.636833045673077 0.6025293581730768 0.6660929423076923 0.6088527548076923 0.6729776249999999 0.6242095745192308 0.6729776249999999 0.6919602524038461 0.6437177283653847 0.7425474254807691 0.6144578317307693 0.765130985576923 0.5851979350961538 0.765130985576923 0.5679862307692308 0.7588075889423076 0.5593803798076923 0.7235772355769231 0.5456110144230769 0.6964769639423077 0.5524956971153846 0.6169828365384615 0.6058519783653846 0.6025293581730768 0.636833045673077
0 0.4543812115384615 0.3941480216346154 0.4525745264423077 0.42685025721153846 0.4661246610576923 0.45783132451923075 0.4796747956730769 0.4595524951923077 0.4968383028846154 0.44922547355769227 0.5158084903846154 0.4199655769230769 0.53026196875 0.3803786586538462 0.5311653125 0.36660929326923075 0.5248419158653846 0.3476764206730769 0.5176151754807692 0.29948364903846153 0.5121951225961539 0.2891566274038462 0.5031616971153846 0.2874354567307692 0.49051490625 0.29948364903846153 0.4733513990384616 0.3339070576923077 0.4543812115384615 0.3941480216346154
0 0.5429087620192308 0.17039587019230767 0.5609756105769231 0.27022375240384616 0.5691056899038461 0.2857142860576923 0.5826558269230769 0.2857142860576923 0.5898825649038462 0.27882960336538465 0.6115627812500001 0.22719449278846152 0.6133694663461539 0.20654044711538463 0.6007226730769231 0.12908777884615386 0.5844625120192307 0.10499139423076922 0.5700090336538461 0.10327022355769232 0.5483288173076923 0.12564543990384616 0.5429087620192308 0.14802065384615384 0.5429087620192308 0.17039587019230767
0 0.6151761514423076 0.24612736778846156 0.6205962067307692 0.25989673076923075 0.6314363149038461 0.26850258173076924 0.6603432692307692 0.2633390697115385 0.6711833774038461 0.2426850264423077 0.6757000913461538 0.2185886394230769 0.6757000913461538 0.17383820913461537 0.6702800360576924 0.12908777884615386 0.6621499543269231 0.11359724519230768 0.644083108173077 0.10843373557692308 0.6205962067307692 0.09122203125 0.612466125 0.10154905288461538 0.6079494134615385 0.12392426923076923 0.6151761514423076 0.24612736778846156
0 0.6287262884615384 0.3098106706730769 0.6287262884615384 0.33218588701923074 0.6377597115384616 0.35972461298076924 0.6603432692307692 0.3855421682692307 0.6964769639423077 0.3975903605769231 0.7299006322115384 0.3304647163461538 0.7235772355769231 0.3098106706730769 0.7009936754807692 0.2857142860576923 0.6775067740384616 0.27022375240384616 0.65311653125 0.2650602403846154 0.642276423076923 0.27022375240384616 0.6341463413461538 0.2874354567307692 0.6287262884615384 0.3098106706730769