0 0.23828125 0.359375 0.23359375 0.3671875 0.22812500000000002 0.390625 0.23046875 0.404296875 0.24375000000000002 0.4052734375 0.25703125 0.396484375 0.33671874999999996 0.3037109375 0.3453125 0.2919921875 0.35 0.2783203125 0.34296875000000004 0.2705078125 0.33046875 0.2685546875 0.31484375 0.2734375 0.29453125 0.2900390625 0.23828125 0.359375
0 0.40312499999999996 0.6630859375 0.43828124999999996 0.669921875 0.45234375000000004 0.6787109375 0.49765625 0.6884765625 0.5140625 0.6884765625 0.525 0.68359375 0.52421875 0.6689453125 0.5109375 0.650390625 0.50234375 0.64453125 0.43203125 0.6240234375 0.3984375 0.619140625 0.37734375 0.62890625 0.37265625 0.646484375 0.40312499999999996 0.6630859375
0 0.45625000000000004 0.7431640625 0.475 0.76953125 0.51640625 0.806640625 0.52890625 0.8134765625 0.54609375 0.8095703125 0.54765625 0.7958984375 0.5375 0.76953125 0.52421875 0.751953125 0.4671875 0.6962890625 0.4609375 0.685546875 0.446875 0.6767578125 0.42890625000000004 0.67578125 0.41874999999999996 0.6826171875 0.41484374999999996 0.697265625 0.45625000000000004 0.7431640625
0 0.65703125 0.73828125 0.690625 0.75390625 0.7578125 0.7763671875 0.78046875 0.7783203125 0.79296875 0.771484375 0.78984375 0.7578125 0.7734375 0.7314453125 0.7132812500000001 0.7109375 0.6859375000000001 0.7041015625 0.66796875 0.7041015625 0.6499999999999999 0.7197265625 0.6507812500000001 0.7314453125 0.65703125 0.73828125
0 0.8304687500000001 0.8525390625 0.8390625 0.865234375 0.8703125 0.8916015625 0.90703125 0.9140625 0.92578125 0.9150390625 0.93828125 0.9033203125 0.9398437500000001 0.8935546875 0.93671875 0.884765625 0.9203125000000001 0.865234375 0.8625 0.818359375 0.8421875000000001 0.8076171875 0.8328125 0.806640625 0.8226562500000001 0.8154296875 0.8203125 0.8251953125 0.8304687500000001 0.8525390625
0 1 0.8046875 0.9875 0.787109375 0.92890625 0.7705078125 0.8968750000000001 0.76953125 0.878125 0.7783203125 0.871875 0.7861328125 0.87109375 0.7998046875 0.88359375 0.8115234375 0.9624999999999999 0.8330078125 0.9898437499999999 0.833984375 1 0.830078125 1 0.8046875
0 0.47578125000000004 0.3955078125 0.484375 0.404296875 0.49921875000000004 0.4326171875 0.53828125 0.4755859375 0.5578125 0.48046875 0.56640625 0.4755859375 0.571875 0.4677734375 0.571875 0.4541015625 0.56171875 0.4326171875 0.52421875 0.3779296875 0.49375 0.3408203125 0.484375 0.3349609375 0.4765625 0.3349609375 0.46640625 0.341796875 0.46484375 0.3681640625 0.47578125000000004 0.3955078125
0 0.58359375 0.5458984375 0.59140625 0.564453125 0.603125 0.5712890625 0.6140625 0.5712890625 0.65234375 0.5556640625 0.65703125 0.5458984375 0.65625 0.5283203125 0.6625000000000001 0.505859375 0.65703125 0.498046875 0.64375 0.4970703125 0.60703125 0.5126953125 0.5875 0.53125 0.58359375 0.5458984375
0 0.70625 0.5185546875 0.7093750000000001 0.52734375 0.71796875 0.5341796875 0.72578125 0.533203125 0.75078125 0.517578125 0.76484375 0.482421875 0.765625 0.466796875 0.7601562500000001 0.44921875 0.74921875 0.4384765625 0.7328125000000001 0.4345703125 0.7171875000000001 0.4423828125 0.70625 0.4814453125 0.70625 0.5185546875
0 0.76484375 0.5087890625 0.7562500000000001 0.5224609375 0.7562500000000001 0.5517578125 0.76171875 0.5615234375 0.7710937499999999 0.5654296875 0.7867187499999999 0.5634765625 0.796875 0.5537109375 0.8015625 0.54296875 0.8062499999999999 0.505859375 0.8101562499999999 0.4970703125 0.8101562499999999 0.4921875 0.796875 0.474609375 0.7828124999999999 0.46484375 0.778125 0.4697265625 0.76640625 0.49609375 0.76484375 0.5087890625
0 0.74140625 0.619140625 0.7523437500000001 0.64453125 0.76875 0.658203125 0.80859375 0.6474609375 0.80859375 0.6318359375 0.7867187499999999 0.578125 0.77421875 0.5634765625 0.7601562500000001 0.5615234375 0.7398437499999999 0.580078125 0.7375 0.5908203125 0.74140625 0.619140625