0 0.7306015697115384 0.9268292692307691 0.7454228413461539 0.9569583942307692 0.7576285961538461 0.9641319951923077 0.826503923076923 0.9641319951923077 0.8744551009615384 0.955523673076923 0.9049694855769231 0.93974175 0.9328683533653847 0.8981348629807692 0.9319965120192308 0.8837876610576922 0.925021795673077 0.8751793389423077 0.8910200528846153 0.8723098990384616 0.7593722764423076 0.8967001442307693 0.7428073245192308 0.9081779062499999 0.7306015697115384 0.9268292692307691
0 0.6129032259615385 0.6599713052884616 0.5911072355769231 0.6901004302884615 0.5902353966346154 0.7073170721153846 0.6207497812499999 0.7230989951923077 0.633827375 0.7216642764423077 0.6660854399038462 0.7030129134615385 0.7183958149038462 0.6614060264423076 0.7541412379807693 0.6226685793269231 0.7680906706730769 0.5968436153846154 0.7715780288461538 0.5839311346153846 0.7698343509615384 0.5710186514423077 0.7558849182692308 0.562410329326923 0.7227550120192308 0.5796269735576923 0.6852659110576924 0.6126255384615384 0.6129032259615385 0.6599713052884616
0 0.5841325192307693 0.18220946875 0.6041848293269231 0.22238163461538463 0.6399302524038462 0.2769010048076923 0.6469049687499999 0.2812051658653846 0.6765475144230769 0.3285509326923077 0.7114210985576922 0.3644189375 0.7428073245192308 0.37302725961538463 0.7567567572115385 0.3687230985576923 0.7532693990384616 0.3428981346153846 0.7297297307692308 0.29411764663461537 0.6965998245192307 0.25681492067307693 0.6538796850961539 0.18507890865384613 0.6094158677884616 0.1362984206730769 0.5937227548076923 0.12769010096153846 0.5876198774038461 0.1362984206730769 0.5832606802884616 0.15494978365384615 0.5841325192307693 0.18220946875
0 0.3365300793269231 0.33285509375 0.33740191826923077 0.3572453365384615 0.34699215384615384 0.36298421875 0.36791630288461535 0.36298421875 0.4010462067307692 0.35294117548076925 0.4864864855769231 0.2639885216346154 0.5047951177884615 0.2295552355769231 0.5091543149038462 0.20946915384615383 0.5074106370192308 0.17790530769230767 0.4925893629807692 0.17360114663461537 0.447253704326923 0.20803443269230767 0.35396687019230766 0.30272596875 0.3365300793269231 0.33285509375
0 0.25108980048076923 0.4103299855769231 0.24673060096153848 0.41750358653846154 0.24673060096153848 0.4304160697115385 0.2650392331730769 0.44332855048076925 0.29555361778846156 0.4447632716346154 0.44899738461538463 0.41319942548076927 0.44899738461538463 0.3672883798076923 0.42981691346153844 0.3572453365384615 0.3897122932692308 0.35437589663461544 0.2877070625 0.37159253846153845 0.26939843028846155 0.39598278365384615 0.25108980048076923 0.4103299855769231
0 0.37925021875 0.4476327115384615 0.37401918028846154 0.46484935336538463 0.37401918028846154 0.4791965576923077 0.38012205769230767 0.4949784783653846 0.3905841322115385 0.5007173605769231 0.4716652139423077 0.4949784783653846 0.5396687019230769 0.4820659975961539 0.5579773317307692 0.4734576754807692 0.571926764423077 0.45624103365384616 0.5710549254807693 0.44189383173076924 0.5562336538461539 0.4289813485576923 0.5274629471153847 0.42180774759615386 0.4969485625 0.42180774759615386 0.42807323557692306 0.42324246875000004 0.3966870096153846 0.43185078846153846 0.37925021875 0.4476327115384615
0 0.44115082932692307 0.30129124759615383 0.41935483894230774 0.3371592548076923 0.41935483894230774 0.35150645673076925 0.43243243269230774 0.36154949759615385 0.4673060168269231 0.3572453365384615 0.6129032259615385 0.2898134855769231 0.6268526586538462 0.2783357235576923 0.6312118581730769 0.26685796153846153 0.6285963389423077 0.2510760408653846 0.6129032259615385 0.22812051682692308 0.59459459375 0.22238163461538463 0.5457715769230769 0.2381635576923077 0.45684393990384614 0.28837876682692304 0.44115082932692307 0.30129124759615383
0 0.6155187451923076 0.29411764663461537 0.6129032259615385 0.33285509375 0.6155187451923076 0.4332855096153846 0.611159545673077 0.5365853653846154 0.6155187451923076 0.5595408894230769 0.6207497812499999 0.5667144903846154 0.6355710552884616 0.562410329326923 0.6486486490384615 0.5466284086538461 0.6582388846153846 0.4605451947115385 0.6573670432692308 0.3400286947115384 0.6416739326923077 0.30846484855769235 0.6320836971153846 0.2682926826923077 0.6303400168269231 0.2783357235576923 0.6198779423076922 0.28407460576923077 0.6155187451923076 0.29411764663461537
0 0.787271141826923 0.43902438942307687 0.8081952908653847 0.5021520793269231 0.8169136875 0.5107604014423077 0.8247602451923076 0.5107604014423077 0.8413251971153847 0.4835007163461539 0.8404533557692309 0.44189383173076924 0.8247602451923076 0.4031563846153846 0.7977332163461538 0.3558106177884615 0.7794245865384616 0.30559540865384616 0.7593722764423076 0.2769010048076923 0.7454228413461539 0.27259684375000004 0.7375762860576922 0.29124820673076923 0.7419354831730769 0.33142037259615387 0.787271141826923 0.43902438942307687
0 0.7933740192307692 0.3572453365384615 0.8387096778846155 0.4533715913461539 0.8613775072115384 0.4806312764423077 0.8805579783653846 0.4806312764423077 0.8866608533653846 0.46915351442307696 0.8857890144230769 0.4548063125 0.8796861370192308 0.4246771875 0.8648648653846155 0.3845050216346154 0.813426329326923 0.2869440456730769 0.800348735576923 0.26685796153846153 0.7916303389423077 0.2654232427884615 0.7802964254807693 0.2769010048076923 0.7785527451923078 0.30416068749999997 0.7933740192307692 0.3572453365384615
0 0.7646033125 0.5538020096153846 0.7646033125 0.5695839302884615 0.7715780288461538 0.5882352932692307 0.7846556225961538 0.5810616923076923 0.8047079326923078 0.589670014423077 0.8578901490384615 0.592539454326923 0.9049694855769231 0.6083213774038462 0.9232781177884615 0.6068866562499999 0.9363557115384615 0.592539454326923 0.9354838701923077 0.5710186514423077 0.9311246730769231 0.5595408894230769 0.9040976466346154 0.532281204326923 0.8613775072115384 0.5193687235576923 0.8081952908653847 0.5164992836538461 0.7820401057692308 0.5251076033653846 0.7698343509615384 0.5380200865384616 0.7646033125 0.5538020096153846
0 0.06800348798076923 0.30272596875 0.06887532692307692 0.3142037307692308 0.09154315625 0.3228120504807693 0.10723626923076922 0.3142037307692308 0.1360069735576923 0.29124820673076923 0.1752397548076923 0.24964131971153847 0.20401046153846153 0.23242467788461538 0.23016564903846154 0.19942611298076923 0.23103748798076923 0.1908177908653846 0.21970357451923078 0.1721664278846154 0.20313862259615384 0.1621233870192308 0.18918918990384614 0.1621233870192308 0.1447253701923077 0.19368723076923075 0.09503051442307692 0.24246771874999998 0.06800348798076923 0.30272596875
0 0.26416739423076924 0.08751793509615384 0.26416739423076924 0.1004304158653846 0.2755013076923077 0.11334289903846154 0.2911944206730769 0.1205165 0.3626852668269231 0.13055954086538463 0.42807323557692306 0.13055954086538463 0.44202266826923076 0.12482066105769231 0.44812554567307694 0.11621233894230769 0.44202266826923076 0.09469153605769232 0.41848300000000005 0.07317073076923077 0.31996512740384614 0.054519367788461545 0.2903225817307692 0.06025825 0.2763731466346154 0.07030129086538461 0.26416739423076924 0.08751793509615384
0 0.14036617307692306 0.6083213774038462 0.13949433413461537 0.6327116201923076 0.1429816923076923 0.6413199423076923 0.1621621610576923 0.6413199423076923 0.1743679158653846 0.6241033004807692 0.19354838701923077 0.5724533725961538 0.20924150000000002 0.5136298413461539 0.22231909374999997 0.44045911057692305 0.2109851778846154 0.3916786225961539 0.20313862259615384 0.3816355817307692 0.1883173485576923 0.4031563846153846 0.17262423798076923 0.46197991346153844 0.14036617307692306 0.6083213774038462
0 0.07410636538461537 0.8708751802884614 0.07323452403846153 0.8967001442307693 0.07933740144230769 0.9167862259615384 0.09154315625 0.9225251081730769 0.10810810817307694 0.9024390240384614 0.12467306009615385 0.8522238173076923 0.1708805576923077 0.7517934014423078 0.19093286778846152 0.6700143461538463 0.19006102884615383 0.6556671442307693 0.1752397548076923 0.6427546634615384 0.14385353125 0.6743185072115385 0.10374891105769232 0.770444764423077 0.07410636538461537 0.8708751802884614
0 0.3121185697115385 0.8766140600961538 0.33740191826923077 0.9139167860576923 0.36704446394230766 0.9426111899038462 0.3897122932692308 0.952654233173077 0.40540540625 0.9454806322115386 0.40714908413461537 0.9196556682692307 0.3975588485576923 0.8909612620192308 0.37837837740384617 0.8708751802884614 0.3496076730769231 0.8163558100961539 0.32606800240384615 0.7862266850961538 0.32432432451923077 0.7733142043269231 0.3103748918269231 0.7503586802884615 0.2877070625 0.7216642764423077 0.2624237139423077 0.7144906754807692 0.2537053173076923 0.7216642764423077 0.261551875 0.7847919663461538 0.3121185697115385 0.8766140600961538
0 0.2885789014423077 0.7317073173076923 0.30514385336538463 0.7589670024038462 0.31822144711538464 0.770444764423077 0.3844812548076923 0.7948350072115384 0.45510026201923076 0.8307030120192308 0.4742807331730769 0.8307030120192308 0.4934612043269231 0.8220946923076924 0.4978204014423077 0.8149210913461539 0.49607672115384616 0.8048780480769231 0.4629468173076923 0.7690100432692308 0.44202266826923076 0.7604017211538461 0.3966870096153846 0.7288378774038461 0.3278116826923077 0.7015781923076924 0.2929380985576923 0.7159253942307693 0.2885789014423077 0.7216642764423077 0.2885789014423077 0.7317073173076923
0 0.013949432692307693 0.4289813485576923 0.009590235576923078 0.44332855048076925 0.011333913461538463 0.4605451947115385 0.027898867788461536 0.46484935336538463 0.049694855769230765 0.45193687259615384 0.09415867548076923 0.4117647067307692 0.1307759375 0.3687230985576923 0.14385353125 0.34146341346153847 0.14734088942307694 0.30846484855769235 0.13949433413461537 0.29411764663461537 0.12554489903846153 0.29268292788461536 0.07236268509615384 0.33859397355769233 0.037489100961538464 0.3816355817307692 0.013949432692307693 0.4289813485576923
0 0.31822144711538464 0.047345766826923076 0.34263295673076927 0.06169296875 0.44463818749999995 0.07460545192307692 0.46207497836538464 0.06743185096153846 0.470793375 0.048780487980769234 0.470793375 0.03730272596153846 0.4673060168269231 0.03156384615384615 0.44376634615384614 0.004304161057692308 0.32693984375 0 0.3121185697115385 0.020086084134615382 0.3121185697115385 0.03730272596153846 0.31822144711538464 0.047345766826923076
0 0.6416739326923077 0.15208034374999999 0.6521360072115385 0.17360114663461537 0.7175239759615385 0.25681492067307693 0.7428073245192308 0.27116212259615385 0.7567567572115385 0.26685796153846153 0.7689625120192307 0.24103299759615385 0.7628596346153846 0.21233859375 0.6748038365384615 0.08895265384615383 0.6599825625 0.07460545192307692 0.6538796850961539 0.07460545192307692 0.6399302524038462 0.08751793509615384 0.6355710552884616 0.10616929807692309 0.6416739326923077 0.15208034374999999
0 0.27027026923076924 0.1908177908653846 0.26939843028846155 0.21520803365384616 0.2816041850961538 0.23242467788461538 0.3190932860576923 0.23529411778846152 0.4176111586538462 0.20946915384615383 0.43330427163461543 0.19942611298076923 0.44115082932692307 0.18651362980769232 0.44463818749999995 0.1621233870192308 0.43243243269230774 0.14490674278846155 0.4141238004807692 0.13486370192307692 0.38709677403846154 0.13486370192307692 0.3286835216346154 0.150645625 0.2850915432692308 0.1721664278846154 0.27027026923076924 0.1908177908653846
0 0.1612903221153846 0.3601147764423077 0.16303400240384616 0.4060258245192308 0.16739319951923076 0.4103299855769231 0.17959895432692308 0.41319942548076927 0.19180470913461536 0.40459110576923074 0.22231909374999997 0.34146341346153847 0.23452484855769232 0.30416068749999997 0.24847428125 0.21377331490384616 0.24324324278846154 0.19799139182692307 0.22842197115384616 0.19655667067307692 0.20662598076923075 0.22094691586538462 0.17000871874999998 0.3156384495192308 0.1612903221153846 0.3601147764423077
0 0.2144725360576923 0.38020086057692304 0.2144725360576923 0.43185078846153846 0.21708805528846156 0.44189383173076924 0.2240627716346154 0.4490674326923077 0.2371403653846154 0.44619799038461544 0.24585876201923076 0.4332855096153846 0.25544899759615386 0.40459110576923074 0.26939843028846155 0.33142037259615387 0.27724498798076924 0.24533715865384617 0.27201394951923075 0.22238163461538463 0.2667829110576923 0.21520803365384616 0.2606800360576923 0.21520803365384616 0.24847428125 0.22094691586538462 0.24324324278846154 0.23098995673076922 0.2144725360576923 0.38020086057692304
0 0.21185701923076922 0.6470588245192308 0.21795989423076925 0.6829268293269231 0.22842197115384616 0.6915351514423077 0.24498692307692307 0.6901004302884615 0.32432432451923077 0.6499282644230769 0.3487358317307692 0.6284074615384616 0.35396687019230766 0.6126255384615384 0.3504795120192308 0.5781922524038461 0.3365300793269231 0.5652797716346154 0.31647776923076926 0.562410329326923 0.2868352211538462 0.5724533725961538 0.2240627716346154 0.6241033004807692 0.21185701923076922 0.6470588245192308
0 0.35135135096153847 0.5724533725961538 0.35222318990384616 0.5954088942307693 0.36442894471153847 0.6083213774038462 0.4254577163461538 0.6011477764423077 0.4856146466346154 0.5824964134615385 0.5039232788461538 0.5724533725961538 0.5187445504807692 0.5566714495192308 0.5187445504807692 0.530846485576923 0.5135135144230769 0.5136298413461539 0.4995640793269231 0.5050215216346154 0.470793375 0.5035868004807692 0.3766346995192308 0.5294117644230769 0.35483870913461535 0.5552367283653846 0.35135135096153847 0.5724533725961538
0 0.4516129038461539 0.3701578197115385 0.44899738461538463 0.4031563846153846 0.46643417548076926 0.42180774759615386 0.4864864855769231 0.42180774759615386 0.52310375 0.41606886538461535 0.5850043581730769 0.41606886538461535 0.6076721875 0.4017216634615384 0.6102877067307693 0.3586800576923077 0.6041848293269231 0.3443328557692308 0.5858761995192308 0.33572453365384614 0.564952048076923 0.33572453365384614 0.4925893629807692 0.34146341346153847 0.4585876201923077 0.35437589663461544 0.4516129038461539 0.3701578197115385
0 0.7079337403846153 0.46197991346153844 0.7271142115384616 0.48923959855769233 0.7585004350961538 0.5208034423076924 0.7733217091346154 0.5222381634615385 0.7829119447115385 0.5107604014423077 0.7837837836538462 0.4949784783653846 0.7750653870192308 0.46628407451923076 0.7410636442307692 0.4002869447115385 0.7009590240384616 0.347202295673077 0.6852659110576924 0.3342898125 0.6704446370192307 0.3342898125 0.6573670432692308 0.3443328557692308 0.6564952043269231 0.3687230985576923 0.7079337403846153 0.46197991346153844
0 0.6224934615384616 0.5652797716346154 0.6068003485576923 0.5839311346153846 0.6050566706730769 0.6183644182692307 0.617262423076923 0.6327116201923076 0.6416739326923077 0.6398852235576923 0.6599825625 0.6327116201923076 0.7018308629807692 0.6025824975961538 0.7367044471153845 0.5652797716346154 0.7523975576923078 0.5294117644230769 0.7532693990384616 0.5164992836538461 0.7471665216346154 0.5021520793269231 0.7279860504807693 0.4949784783653846 0.6913687884615385 0.5107604014423077 0.6355710552884616 0.5595408894230769 0.6224934615384616 0.5652797716346154
0 0.4254577163461538 0.6929698701923077 0.4367916298076923 0.7144906754807692 0.5091543149038462 0.8249641322115384 0.5222319086538462 0.8307030120192308 0.54228421875 0.8134863701923076 0.5475152572115385 0.7991391682692307 0.5466434182692308 0.7890961274038462 0.5283347860576924 0.7302725961538462 0.4742807331730769 0.6542324254807692 0.45597210096153845 0.6413199423076923 0.44202266826923076 0.6413199423076923 0.42807323557692306 0.6499282644230769 0.42197035817307693 0.66714490625 0.4254577163461538 0.6929698701923077
0 0.5440278990384615 0.8163558100961539 0.5536181346153847 0.8579626971153846 0.5745422836538462 0.9210903870192308 0.5902353966346154 0.9454806322115386 0.6033129903846154 0.9469153509615384 0.6094158677884616 0.93974175 0.6120313870192308 0.9253945480769231 0.6102877067307693 0.8737446201923077 0.5832606802884616 0.7331420384615386 0.5736704447115385 0.694404591346154 0.5632083701923076 0.6743185072115385 0.5562336538461539 0.6685796274038461 0.54228421875 0.6685796274038461 0.5318221442307692 0.6800573894230768 0.5300784663461539 0.7360114783653846 0.5440278990384615 0.8163558100961539
0 0.6617262427884616 0.892395983173077 0.6687009591346154 0.9325681490384615 0.6861377500000001 0.93974175 0.7253705312500001 0.9225251081730769 0.7506538798076924 0.9053084639423077 0.7881429807692307 0.865136298076923 0.8055797740384616 0.8378766129807692 0.8151700096153847 0.8106169302884615 0.8151700096153847 0.7905308461538462 0.8108108100961539 0.7733142043269231 0.7925021802884615 0.7675753221153846 0.6974716658653846 0.8421807740384615 0.6713164783653846 0.8680057379807693 0.6617262427884616 0.892395983173077
0 0.4045335649038462 0.8866571009615385 0.40540540625 0.9225251081730769 0.41499564182692306 0.9311334278846153 0.45684393990384614 0.9239598269230769 0.48212728846153846 0.9110473461538462 0.5117698341346154 0.8866571009615385 0.525719266826923 0.8550932572115385 0.526591108173077 0.8335724543269231 0.51002615625 0.81922525 0.500435920673077 0.8177905312499999 0.4036617259615385 0.8579626971153846 0.4010462067307692 0.8766140600961538 0.4045335649038462 0.8866571009615385