0 0.19951923076923078 0.24158653846153846 0.234375 0.12740384615384615
0 0.8533653846153846 0.546875 0.21754807692307693 0.18389423076923078
0 0.7944711538461539 0.8125 0.17067307692307693 0.25841346153846156
0 0.5420673076923077 0.10216346153846154 0.16947115384615385 0.17668269230769232
0 0.6887019230769231 0.21754807692307693 0.15625 0.1971153846153846
0 0.27524038461538464 0.5012019230769231 0.21033653846153846 0.10697115384615384
0 0.17668269230769232 0.7115384615384616 0.06490384615384616 0.2692307692307692
0 0.1502403846153846 0.40384615384615385 0.109375 0.13221153846153846
0 0.49278846153846156 0.36658653846153844 0.13581730769230768 0.11899038461538461
0 0.7944711538461539 0.28966346153846156 0.10336538461538461 0.12860576923076922
0 0.5324519230769231 0.5516826923076923 0.11899038461538461 0.14182692307692307
0 0.421875 0.6634615384615384 0.07932692307692307 0.16466346153846154
0 0.44591346153846156 0.8233173076923077 0.1141826923076923 0.12860576923076922
0 0.5709134615384616 0.8605769230769231 0.1310096153846154 0.10336538461538461
0 0.28966346153846156 0.9399038461538461 0.11177884615384616 0.11899038461538461
0 0.9495192307692307 0.8040865384615384 0.0985576923076923 0.17908653846153846