0 0.2548076923076923 0.3629807692307692 0.16346153846153846 0.20192307692307693
0 0.4326923076923077 0.6622596153846154 0.1778846153846154 0.08173076923076923
0 0.46634615384615385 0.7704326923076923 0.1346153846153846 0.1875
0 0.7091346153846154 0.7403846153846154 0.15504807692307693 0.09975961538461539
0 0.4879807692307692 0.41346153846153844 0.15144230769230768 0.18629807692307693
0 0.8762019230769231 0.8353365384615384 0.14423076923076922 0.12259615384615384
0 0.9242788461538461 0.7740384615384616 0.15144230769230768 0.09014423076923077
0 0.6057692307692307 0.5420673076923077 0.11057692307692307 0.10216346153846154
0 0.7548076923076923 0.6081730769230769 0.09495192307692307 0.10576923076923077
0 0.703125 0.48197115384615385 0.07091346153846154 0.11538461538461539
0 0.7644230769230769 0.5060096153846154 0.07932692307692307 0.11899038461538461