0 0.22596153846153846 0.33774038461538464 0.14182692307692307 0.15865384615384615
0 0.390625 0.6574519230769231 0.1622596153846154 0.07692307692307693
0 0.41947115384615385 0.7415865384615384 0.1502403846153846 0.15264423076923078
0 0.6610576923076923 0.7259615384615384 0.15504807692307693 0.09975961538461539
0 0.46153846153846156 0.39783653846153844 0.12620192307692307 0.18990384615384615
0 0.8221153846153846 0.8461538461538461 0.14423076923076922 0.12259615384615384
0 0.8786057692307693 0.7800480769230769 0.15144230769230768 0.09014423076923077
0 0.5661057692307693 0.5228365384615384 0.11298076923076923 0.08774038461538461
0 0.7163461538461539 0.5985576923076923 0.09495192307692307 0.10576923076923077
0 0.6730769230769231 0.47596153846153844 0.07091346153846154 0.11538461538461539
0 0.7235576923076923 0.5 0.07932692307692307 0.11899038461538461