0 0.40384615384615385 0.35697115384615385 0.16346153846153846 0.20192307692307693
0 0.5060096153846154 0.7199519230769231 0.16826923076923078 0.09975961538461539
0 0.5276442307692307 0.8209134615384616 0.1346153846153846 0.1875
0 0.7716346153846154 0.8713942307692307 0.15504807692307693 0.09975961538461539
0 0.6069711538461539 0.5060096153846154 0.15144230769230768 0.18629807692307693
0 0.8617788461538461 0.9735576923076923 0.0829326923076923 0.052884615384615384
0 0.9182692307692307 0.9543269230769231 0.15144230769230768 0.09014423076923077
0 0.6959134615384616 0.6334134615384616 0.11057692307692307 0.10216346153846154
0 0.8341346153846154 0.7403846153846154 0.09495192307692307 0.10576923076923077
0 0.8076923076923077 0.6105769230769231 0.07091346153846154 0.11538461538461539
0 0.8545673076923077 0.6418269230769231 0.07932692307692307 0.11899038461538461