0 0.22109374999999998 0.369140625 0.21015625 0.39453125 0.20859375000000002 0.41796875 0.21328124999999998 0.42578125 0.22890624999999998 0.4228515625 0.24609375 0.408203125 0.28671875 0.3583984375 0.32265625 0.3076171875 0.3265625 0.2900390625 0.31718749999999996 0.28515625 0.30234375 0.28515625 0.2890625 0.2919921875 0.26171875 0.318359375 0.22109374999999998 0.369140625
0 0.3921875 0.67578125 0.43828124999999996 0.6826171875 0.44921875 0.689453125 0.4765625 0.6943359375 0.50546875 0.6953125 0.51640625 0.68359375 0.50078125 0.6591796875 0.490625 0.6533203125 0.40859375 0.634765625 0.38593750000000004 0.6337890625 0.36796874999999996 0.642578125 0.36171875 0.6591796875 0.3921875 0.67578125
0 0.41015625 0.7099609375 0.41640625 0.71875 0.49609375 0.7998046875 0.5203125 0.8154296875 0.5328125 0.81640625 0.53828125 0.8115234375 0.5375 0.7958984375 0.5234375 0.7666015625 0.45078125 0.697265625 0.44921875 0.685546875 0.428125 0.6845703125 0.41484374999999996 0.6904296875 0.41093749999999996 0.697265625 0.41015625 0.7099609375
0 0.6421874999999999 0.720703125 0.6421874999999999 0.7333984375 0.675 0.7509765625 0.7562500000000001 0.775390625 0.7765625 0.775390625 0.7867187499999999 0.7685546875 0.78828125 0.7578125 0.7734375 0.736328125 0.7625 0.7275390625 0.7281249999999999 0.7158203125 0.66796875 0.705078125 0.65625 0.7080078125 0.6460937499999999 0.7158203125 0.6421874999999999 0.720703125
0 0.8304687500000001 0.83203125 0.8343750000000001 0.849609375 0.84453125 0.853515625 0.84765625 0.8603515625 0.8570312499999999 0.8642578125 0.8617187500000001 0.873046875 0.8999999999999999 0.8994140625 0.91875 0.90234375 0.9273437499999999 0.8994140625 0.9312499999999999 0.8837890625 0.925 0.869140625 0.8500000000000001 0.810546875 0.8343750000000001 0.806640625 0.82421875 0.8115234375 0.82421875 0.822265625 0.8304687500000001 0.83203125
0 0.8656250000000001 0.787109375 0.871875 0.7998046875 0.8984375 0.810546875 0.96015625 0.822265625 0.98515625 0.8212890625 0.99921875 0.8095703125 0.99296875 0.7841796875 0.98046875 0.7744140625 0.925 0.7607421875 0.8968750000000001 0.759765625 0.88203125 0.763671875 0.8687499999999999 0.7744140625 0.8656250000000001 0.787109375
0 0.57265625 0.54296875 0.57734375 0.5634765625 0.6273437500000001 0.5634765625 0.6265624999999999 0.4990234375 0.59140625 0.517578125 0.578125 0.5302734375 0.57265625 0.54296875
0 0.453125 0.3876953125 0.4625 0.4052734375 0.52109375 0.4775390625 0.534375 0.484375 0.5453125 0.484375 0.5546875 0.4794921875 0.55859375 0.470703125 0.5578125 0.4619140625 0.54453125 0.435546875 0.49375 0.3681640625 0.47343749999999996 0.3466796875 0.4625 0.3427734375 0.4515625 0.3505859375 0.44999999999999996 0.359375 0.453125 0.3876953125
0 0.45234375000000004 0.3798828125 0.46562499999999996 0.40625 0.51953125 0.4736328125 0.5359375 0.484375 0.546875 0.4853515625 0.55546875 0.4814453125 0.56015625 0.4658203125 0.54921875 0.4404296875 0.49609375 0.3681640625 0.47421875 0.34765625 0.46328125 0.345703125 0.4515625 0.353515625 0.45078125 0.3671875 0.45234375000000004 0.3798828125
0 0.68359375 0.45703125 0.6828125 0.5078125 0.68671875 0.5234375 0.6953125 0.53515625 0.7093750000000001 0.53515625 0.7367187500000001 0.5205078125 0.74296875 0.5068359375 0.74296875 0.4541015625 0.7390625 0.44140625 0.72265625 0.4287109375 0.7085937499999999 0.427734375 0.6937500000000001 0.4326171875 0.68828125 0.4404296875 0.68359375 0.45703125
0 0.7421875 0.5185546875 0.74296875 0.546875 0.75859375 0.564453125 0.77265625 0.5634765625 0.7890625 0.5458984375 0.8015625 0.5068359375 0.8023437499999999 0.4951171875 0.7992187500000001 0.48828125 0.7734375 0.4541015625 0.76875 0.4541015625 0.753125 0.46875 0.75078125 0.5068359375 0.7421875 0.5185546875
0 0.7203124999999999 0.595703125 0.7203124999999999 0.609375 0.7281249999999999 0.6279296875 0.74140625 0.6455078125 0.75859375 0.6552734375 0.8023437499999999 0.6474609375 0.8078125 0.6337890625 0.80390625 0.61328125 0.7671874999999999 0.5654296875 0.753125 0.5615234375 0.7359374999999999 0.568359375 0.7250000000000001 0.58203125 0.7203124999999999 0.595703125