0 0.13822115384615385 0.17067307692307693 0.13341346153846154 0.25961538461538464
0 0.3894230769230769 0.2608173076923077 0.15384615384615385 0.24158653846153846
0 0.3737980769230769 0.7139423076923077 0.17067307692307693 0.11057692307692307
0 0.6237980769230769 0.7980769230769231 0.04567307692307692 0.3942307692307692
0 0.9194711538461539 0.5024038461538461 0.08653846153846154 0.34134615384615385
0 0.9242788461538461 0.8774038461538461 0.14903846153846154 0.15625
0 0.06009615384615385 0.5625 0.056490384615384616 0.34375
0 0.17548076923076922 0.5264423076923077 0.04807692307692308 0.33653846153846156
0 0.5600961538461539 0.47836538461538464 0.0889423076923077 0.2860576923076923
0 0.5360576923076923 0.3016826923076923 0.13822115384615385 0.140625
0 0.8004807692307693 0.16947115384615385 0.14783653846153846 0.11298076923076923
0 0.2536057692307692 0.5 0.057692307692307696 0.22235576923076922
0 0.8004807692307693 0.6153846153846154 0.1346153846153846 0.20072115384615385
0 0.5132211538461539 0.8509615384615384 0.0889423076923077 0.14903846153846154
0 0.1201923076923077 0.9050480769230769 0.0733173076923077 0.18509615384615385