0 0.2607502283653846 0.33793103365384614 0.27630374999999996 0.35862068990384616 0.3376029278846154 0.39137931009615384 0.38060384375 0.4051724134615385 0.3989021033653846 0.4 0.41445562740384617 0.37931034375 0.4162854519230769 0.3620689663461538 0.41171088701923075 0.3448275865384615 0.39158280048076927 0.3241379302884615 0.3156450144230769 0.2844827596153846 0.2644098822115385 0.27068965625 0.2525160120192308 0.2844827596153846 0.24977127163461538 0.30689655288461537 0.2607502283653846 0.33793103365384614
0 1 0.33620689663461534 0.9881061298076923 0.3172413798076923 0.9734675216346154 0.3103448269230769 0.9460201274038462 0.32241379326923075 0.8929551682692308 0.3672413798076923 0.8728270817307693 0.39137931009615384 0.8581884711538461 0.42758620673076925 0.8563586466346155 0.45689655288461534 0.8591033846153846 0.4655172403846154 0.8691674302884616 0.47586206971153844 0.8801463870192308 0.47586206971153844 0.9103385168269231 0.45862068990384613 0.9945105216346154 0.37931034375 1 0.3689655168269231 1 0.33620689663461534
0 0.8289112524038462 0.5603448269230769 0.8563586466346155 0.6 0.9011893870192308 0.6034482764423077 0.9624885625 0.5913793100961539 0.9798719110576923 0.5741379302884615 0.9862763028846153 0.5534482764423078 0.9844464783653847 0.52931034375 0.9661482163461539 0.5120689663461538 0.8774016466346153 0.5068965528846154 0.8334858197115385 0.52068965625 0.826166514423077 0.5396551730769231 0.8289112524038462 0.5603448269230769
0 0.05306495913461539 0.48620689663461536 0.040256175480769235 0.6120689663461538 0.04117108894230769 0.6327586201923077 0.05032021875 0.6741379302884615 0.06404391586538462 0.6775862067307692 0.06953339423076924 0.6724137932692307 0.07685269951923077 0.6551724134615384 0.08051235096153847 0.6310344831730769 0.10887465625000001 0.3982758629807692 0.10887465625000001 0.36551724038461536 0.1052150048076923 0.35517241346153844 0.09789569951923077 0.3534482764423077 0.08234217788461538 0.3637931033653846 0.07227813461538461 0.3827586201923077 0.05306495913461539 0.48620689663461536
0 0.3110704471153846 0.8189655168269231 0.31198536057692305 0.8500000000000001 0.3183897524038462 0.8551724134615385 0.3403476658653846 0.8482758629807693 0.38517840865384617 0.8172413798076923 0.46477584615384615 0.7534482764423077 0.4784995432692308 0.72931034375 0.47941445673076927 0.7189655168269231 0.4730100649038462 0.7068965528846154 0.4373284543269231 0.6948275865384616 0.4199451057692307 0.7034482764423077 0.33028362259615385 0.7810344831730769 0.3110704471153846 0.8189655168269231
0 0.37694418990384615 0.8620689663461539 0.38883806009615385 0.8758620697115386 0.49954254326923075 0.9051724134615384 0.5416285456730769 0.9017241370192307 0.5580969807692308 0.8862068966346153 0.5580969807692308 0.8741379302884614 0.5498627620192308 0.8534482764423077 0.5288197620192308 0.8258620697115385 0.3989021033653846 0.8086206899038462 0.3796889302884615 0.8224137932692308 0.3760292764423077 0.8379310336538462 0.37694418990384615 0.8620689663461539
0 0.6212259831730769 0.6189655168269231 0.6166514182692308 0.6431034471153846 0.6175663317307692 0.6586206899038461 0.6367795048076924 0.6672413798076923 0.6651418125 0.6534482764423076 0.7639524254807692 0.5862068966346153 0.7813357740384616 0.5568965528846154 0.7822506850961539 0.5413793100961539 0.7767612067307692 0.52931034375 0.7355901177884616 0.518965516826923 0.6999085096153846 0.5362068966346154 0.6376944182692307 0.5896551730769231 0.6212259831730769 0.6189655168269231
0 0.45928636778846155 0.4362068966346154 0.4629460192307692 0.4534482764423077 0.47758462980769234 0.4741379302884615 0.4922232379807693 0.4741379302884615 0.5096065865384616 0.45689655288461534 0.5370539807692307 0.3862068966346154 0.5370539807692307 0.37413793028846154 0.5279048485576923 0.3517241370192308 0.5205855432692308 0.30862068990384617 0.5050320216346154 0.29827586298076925 0.4885635865384615 0.3241379302884615 0.46020128125000004 0.4155172403846154 0.45928636778846155 0.4362068966346154
0 0.5370539807692307 0.16551724038461538 0.5443732836538462 0.21551724038461537 0.5617566322115385 0.27241379326923076 0.5690759375 0.2844827596153846 0.5846294591346154 0.28620689663461535 0.5910338509615385 0.2775862067307692 0.6102470264423077 0.22068965625 0.6120768533653846 0.2034482764423077 0.5983531562500001 0.13103448317307692 0.5827996346153846 0.10689655288461539 0.5663311995192308 0.1 0.5434583725961539 0.12586206971153846 0.5379688918269231 0.14482758653846153 0.5370539807692307 0.16551724038461538
0 0.6148215913461539 0.24310344711538462 0.6303751153846153 0.2586206899038462 0.6477584639423076 0.2586206899038462 0.6651418125 0.2465517235576923 0.6761207692307691 0.22586206971153844 0.6788655072115385 0.18620689663461537 0.67795059375 0.16551724038461538 0.6660567235576923 0.11034482692307691 0.65690759375 0.09827586298076924 0.6120768533653846 0.08965517307692307 0.6056724615384615 0.09482758653846154 0.6010978966346154 0.12931034375 0.6148215913461539 0.24310344711538462
0 0.6331198533653846 0.31551724038461537 0.6431838966346154 0.35 0.6614821586538462 0.3689655168269231 0.6852698990384615 0.37931034375 0.7072278125 0.37586206971153846 0.7355901177884616 0.30517241346153845 0.7264409879807693 0.2844827596153846 0.700823420673077 0.26206896634615384 0.6742909423076924 0.2517241370192308 0.6532479423076923 0.2517241370192308 0.6440988100961539 0.2568965528846154 0.6367795048076924 0.27413793028846156 0.6331198533653846 0.31551724038461537