0 0.08195292067307693 0.5183946490384616 0.07061900721153846 0.6505016730769231 0.07759372355769231 0.6956521730769231 0.08805579807692307 0.7073578605769231 0.10374891105769232 0.690635451923077 0.11333914663461539 0.6387959855769231 0.13513513461538462 0.4230769230769231 0.13339145673076921 0.3946488293269231 0.12467306009615385 0.38795986538461535 0.11072362740384614 0.3979933100961538 0.09938971153846153 0.4230769230769231 0.08195292067307693 0.5183946490384616
0 0.33129904086538464 0.8344481610576923 0.33042720192307695 0.8628762548076924 0.34350479567307696 0.8678929759615385 0.3757628605769231 0.8528428100961538 0.4725370528846154 0.7725752499999999 0.4873583269230769 0.7508361201923077 0.48997384374999997 0.7341137115384615 0.4856146466346154 0.7240802668269232 0.45248474278846157 0.7107023413461538 0.4106364423076923 0.7391304350961538 0.34612031490384615 0.80100334375 0.33129904086538464 0.8344481610576923
0 0.39494332932692305 0.8695652163461538 0.3993025288461538 0.8812709038461539 0.41673931971153844 0.8929765889423076 0.5030514375 0.9130434783653846 0.5536181346153847 0.9080267548076922 0.564952048076923 0.8996655528846154 0.56843940625 0.8879598653846154 0.5536181346153847 0.8545150504807691 0.5326939831730769 0.8361204014423076 0.4237140360576923 0.8210702331730769 0.4088927644230769 0.8260869567307693 0.3984306899038461 0.8377926418269231 0.39494332932692305 0.8695652163461538
0 0.6268526586538462 0.6304347836538462 0.6224934615384616 0.6555183942307692 0.624237139423077 0.6688963221153846 0.6320836971153846 0.6789297668269231 0.6460331298076922 0.6772575240384615 0.7061900600961538 0.6387959855769231 0.7558849182692308 0.5986622067307692 0.7689625120192307 0.5836120408653847 0.7759372283653847 0.5668896322115384 0.7750653870192308 0.5535117067307692 0.7672188317307692 0.5434782620192308 0.734960766826923 0.5351170576923077 0.7009590240384616 0.5535117067307692 0.6416739326923077 0.6070234110576923 0.6268526586538462 0.6304347836538462
0 0.27811682692307693 0.36789297596153847 0.2999128149038462 0.3913043485576923 0.39145597115384617 0.4331103677884615 0.41586748076923075 0.4230769230769231 0.4272013942307692 0.3979933100961538 0.4263295552884615 0.38294314423076925 0.4210985168269231 0.3712374591346154 0.3993025288461538 0.3511705697115385 0.3286835216346154 0.3143812716346154 0.2833478629807692 0.30434782692307694 0.27027026923076924 0.31772575240384615 0.2676547524038461 0.3428093653846154 0.27811682692307693 0.36789297596153847
0 0.8204010456730769 0.5451505024038462 0.8212728846153846 0.5685618725961539 0.8456843942307692 0.6070234110576923 0.9006102884615385 0.6103678918269231 0.9503051442307692 0.5986622067307692 0.9668700961538461 0.5769230769230769 0.9712292932692308 0.5585284278846154 0.9677419350961538 0.5351170576923077 0.9564080216346155 0.5234113701923077 0.8884045336538461 0.5167224086538462 0.8509154326923076 0.5200668894230769 0.8273757620192307 0.5317725745192308 0.8204010456730769 0.5451505024038462
0 0.8500435913461538 0.4431438125 0.8491717524038461 0.4632107019230769 0.852659110576923 0.48160535096153845 0.8587619879807692 0.48829431490384617 0.8753269399038461 0.48829431490384617 0.8910200528846153 0.47826087019230773 0.9790758509615384 0.3946488293269231 0.9860505673076924 0.38127090384615386 0.98692240625 0.35284281009615387 0.9659982572115384 0.3277591971153846 0.9564080216346155 0.32608695673076926 0.8927637307692307 0.3729096995192308 0.8666085432692309 0.4046822740384615 0.8500435913461538 0.4431438125
0 0.4716652139423077 0.4297658870192308 0.46992153365384615 0.46822742548076923 0.48299912740384615 0.49498327644230766 0.4978204014423077 0.4983277596153846 0.5108979951923077 0.48829431490384617 0.525719266826923 0.4598662211538462 0.5405405408653846 0.4063545144230769 0.5239755889423077 0.3294314375 0.5152571923076923 0.3244147163461539 0.4986922403846154 0.3428093653846154 0.48299912740384615 0.38461538461538464 0.4716652139423077 0.4297658870192308
0 0.54228421875 0.1956521730769231 0.5536181346153847 0.26254180528846155 0.564952048076923 0.2993311033653846 0.5701830865384616 0.3076923076923077 0.5850043581730769 0.31270903125000005 0.59459459375 0.30100334375000004 0.5989537932692308 0.2792642139423077 0.6120313870192308 0.2491638798076923 0.6129032259615385 0.22742474999999998 0.5998256322115385 0.16220735817307694 0.5841325192307693 0.13879598557692308 0.5693112475961539 0.13377926442307692 0.5553618125 0.14548494951923077 0.5457715769230769 0.16220735817307694 0.54228421875 0.1956521730769231
0 0.6155187451923076 0.26588628846153844 0.6312118581730769 0.2859531778846154 0.6617262427884616 0.27759197355769233 0.6748038365384615 0.23745819471153845 0.6739319975961539 0.19899665625 0.6652136009615385 0.14381270913461539 0.6564952043269231 0.13043478365384614 0.6137750649038461 0.12040133894230769 0.6059285096153846 0.12541806009615383 0.6006974711538462 0.16053511778846152 0.6155187451923076 0.26588628846153844
0 0.633827375 0.3428093653846154 0.6416739326923077 0.36789297596153847 0.6608544038461539 0.38795986538461535 0.6835222307692308 0.3979933100961538 0.7018308629807692 0.39632106971153847 0.7314734086538461 0.33277592067307693 0.7262423725961539 0.3110367884615384 0.7140366177884616 0.2993311033653846 0.6817785528846154 0.2826086947115385 0.6564952043269231 0.2792642139423077 0.6408020913461538 0.29264213942307693 0.6329555360576923 0.3277591971153846 0.633827375 0.3428093653846154