0 0.47836538461538464 0.1778846153846154 0.17548076923076922 0.10817307692307693
0 0.4963942307692308 0.5661057692307693 0.1658653846153846 0.1466346153846154
0 0.4963942307692308 0.6634615384615384 0.08774038461538461 0.203125
0 0.6971153846153846 0.8088942307692307 0.14903846153846154 0.140625
0 0.6598557692307693 0.3942307692307692 0.0829326923076923 0.1971153846153846
0 0.7776442307692307 0.9663461538461539 0.07451923076923077 0.06610576923076923
0 0.8605769230769231 0.9567307692307693 0.11057692307692307 0.08653846153846154
0 0.6995192307692307 0.5829326923076923 0.11057692307692307 0.10216346153846154
0 0.796875 0.7271634615384616 0.09495192307692307 0.1141826923076923
0 0.8149038461538461 0.5973557692307693 0.07692307692307693 0.11538461538461539
0 0.8425480769230769 0.6598557692307693 0.07932692307692307 0.11899038461538461