0 0.38461538461538464 0.3545673076923077 0.16346153846153846 0.20192307692307693
0 0.484375 0.6959134615384616 0.1778846153846154 0.08173076923076923
0 0.4987980769230769 0.7824519230769231 0.1346153846153846 0.1875
0 0.7620192307692307 0.8509615384615384 0.15504807692307693 0.09975961538461539
0 0.5925480769230769 0.46274038461538464 0.15144230769230768 0.18629807692307693
0 0.8930288461538461 0.9387019230769231 0.14423076923076922 0.12259615384615384
0 0.9242788461538461 0.9110576923076923 0.15144230769230768 0.09014423076923077
0 0.6766826923076923 0.6081730769230769 0.11057692307692307 0.10216346153846154
0 0.8185096153846154 0.7091346153846154 0.09495192307692307 0.10576923076923077
0 0.7932692307692307 0.578125 0.07091346153846154 0.11538461538461539
0 0.8377403846153846 0.6105769230769231 0.07932692307692307 0.11899038461538461