0 0.190625 0.337890625 0.171875 0.3662109375 0.16562500000000002 0.3935546875 0.16640624999999998 0.4052734375 0.17812499999999998 0.4091796875 0.19687500000000002 0.396484375 0.28046875 0.2939453125 0.28515625 0.27734375 0.27890625 0.271484375 0.2640625 0.26953125 0.25 0.2744140625 0.2375 0.2841796875 0.190625 0.337890625
0 0.34140625 0.662109375 0.38203125000000004 0.669921875 0.390625 0.6787109375 0.4546875 0.685546875 0.4609375 0.68359375 0.46640625 0.6748046875 0.4671875 0.669921875 0.46171874999999996 0.6591796875 0.4453125 0.642578125 0.3671875 0.6220703125 0.33906250000000004 0.6181640625 0.31718749999999996 0.6298828125 0.3140625 0.646484375 0.34140625 0.662109375
0 0.33671874999999996 0.65234375 0.34140625 0.6591796875 0.38671875 0.669921875 0.36875 0.6748046875 0.36250000000000004 0.6806640625 0.3609375 0.6962890625 0.365625 0.7041015625 0.44375 0.787109375 0.46640625 0.8037109375 0.48124999999999996 0.8056640625 0.4859375 0.8017578125 0.48671875 0.7861328125 0.47578125000000004 0.7578125 0.40156250000000004 0.68359375 0.40390625 0.6767578125 0.41874999999999996 0.6767578125 0.44140625 0.68359375 0.45781249999999996 0.68359375 0.46406250000000004 0.669921875 0.45546875 0.6533203125 0.44375 0.6435546875 0.34062499999999996 0.6220703125 0.31796875 0.6328125 0.31796875 0.6455078125 0.33671874999999996 0.65234375
0 0.5921875 0.72265625 0.59609375 0.7275390625 0.61796875 0.7392578125 0.7 0.765625 0.72578125 0.7666015625 0.73828125 0.7587890625 0.7242187499999999 0.728515625 0.7140625 0.7197265625 0.6640625 0.703125 0.61640625 0.697265625 0.60546875 0.7001953125 0.5953125 0.708984375 0.5921875 0.72265625
0 0.76875 0.82421875 0.7828124999999999 0.8505859375 0.81640625 0.87890625 0.85546875 0.9013671875 0.8726562499999999 0.90234375 0.8843749999999999 0.8896484375 0.88359375 0.873046875 0.8695312500000001 0.8544921875 0.80390625 0.8046875 0.7796875000000001 0.796875 0.76875 0.8046875 0.7671874999999999 0.8154296875 0.76875 0.82421875
0 0.81640625 0.7724609375 0.81640625 0.787109375 0.8234375 0.794921875 0.8390625 0.802734375 0.91015625 0.818359375 0.9375 0.8173828125 0.9453125 0.8095703125 0.9429687499999999 0.7841796875 0.9281250000000001 0.7705078125 0.87578125 0.755859375 0.85234375 0.75390625 0.83671875 0.7568359375 0.82109375 0.765625 0.81640625 0.7724609375
0 0.4140625 0.3818359375 0.4234375 0.396484375 0.46484375 0.4541015625 0.478125 0.4677734375 0.49140625000000004 0.474609375 0.509375 0.470703125 0.5140625 0.4599609375 0.5125 0.447265625 0.48515624999999996 0.4013671875 0.45625000000000004 0.3623046875 0.43437499999999996 0.3388671875 0.41640625 0.3330078125 0.40703124999999996 0.3427734375 0.40703124999999996 0.3564453125 0.4140625 0.3818359375
0 0.525 0.53125 0.525 0.546875 0.53125 0.5595703125 0.54140625 0.564453125 0.55859375 0.564453125 0.596875 0.5458984375 0.596875 0.51953125 0.6015625 0.4951171875 0.596875 0.490234375 0.58203125 0.490234375 0.55390625 0.5029296875 0.53046875 0.5205078125 0.525 0.53125
0 0.67578125 0.5986328125 0.68671875 0.6259765625 0.7078125 0.6474609375 0.7210937500000001 0.6484375 0.753125 0.63671875 0.7554687499999999 0.6337890625 0.75390625 0.619140625 0.7390625 0.580078125 0.7124999999999999 0.55078125 0.70234375 0.5498046875 0.684375 0.5634765625 0.675 0.5810546875 0.67578125 0.5986328125
0 0.64140625 0.4638671875 0.640625 0.515625 0.6460937499999999 0.5263671875 0.6539062499999999 0.529296875 0.6625000000000001 0.5283203125 0.6921875 0.51171875 0.7015625000000001 0.478515625 0.7015625000000001 0.4541015625 0.6984375 0.4404296875 0.684375 0.4248046875 0.66875 0.421875 0.659375 0.42578125 0.6499999999999999 0.435546875 0.64140625 0.4638671875
0 0.6937500000000001 0.53125 0.6976562500000001 0.5458984375 0.70234375 0.5517578125 0.721875 0.5595703125 0.73828125 0.5478515625 0.746875 0.53515625 0.7554687499999999 0.5029296875 0.7562500000000001 0.4873046875 0.75390625 0.4794921875 0.73515625 0.45703125 0.7250000000000001 0.4453125 0.71953125 0.4443359375 0.7054687500000001 0.466796875 0.69453125 0.515625 0.6937500000000001 0.53125