0 0.54921875 0.5556640625 0.54921875 0.5712890625 0.5546875 0.5830078125 0.56796875 0.5888671875 0.58671875 0.5859375 0.6109375 0.57421875 0.6171875 0.5673828125 0.6203125 0.5595703125 0.6187499999999999 0.5380859375 0.621875 0.5166015625 0.6078125 0.5087890625 0.5765625 0.5244140625 0.553125 0.5458984375 0.54921875 0.5556640625
0 0.66328125 0.517578125 0.6703125000000001 0.5380859375 0.684375 0.5380859375 0.6976562500000001 0.5263671875 0.7124999999999999 0.5205078125 0.7164062499999999 0.509765625 0.7171875000000001 0.4697265625 0.7109375 0.4453125 0.70234375 0.439453125 0.68671875 0.4384765625 0.66875 0.447265625 0.6609375 0.4658203125 0.66328125 0.517578125
0 0.721875 0.5205078125 0.71796875 0.5458984375 0.7328125000000001 0.5615234375 0.7453125 0.560546875 0.7609375 0.544921875 0.77421875 0.49609375 0.76640625 0.478515625 0.7437499999999999 0.4609375 0.7289062500000001 0.4716796875 0.71875 0.5029296875 0.721875 0.5205078125
0 0.7085937499999999 0.5966796875 0.71796875 0.6220703125 0.734375 0.642578125 0.7421875 0.6474609375 0.7554687499999999 0.646484375 0.77421875 0.6376953125 0.778125 0.6337890625 0.778125 0.626953125 0.7734375 0.607421875 0.7453125 0.5654296875 0.73359375 0.556640625 0.71953125 0.568359375 0.7093750000000001 0.5888671875 0.7085937499999999 0.5966796875
0 0.8218749999999999 0.8408203125 0.83125 0.8515625 0.8570312499999999 0.8681640625 0.9015625 0.888671875 0.92109375 0.88671875 0.9328125 0.8740234375 0.93046875 0.857421875 0.9171875 0.8427734375 0.85546875 0.8037109375 0.8335937499999999 0.794921875 0.81953125 0.7939453125 0.81171875 0.7998046875 0.8078125 0.8125 0.8218749999999999 0.8408203125
0 0.8546875 0.76953125 0.8578125000000001 0.7802734375 0.8648437499999999 0.7880859375 0.8773437500000001 0.79296875 0.9453125 0.80078125 0.9750000000000001 0.7998046875 0.9906250000000001 0.7841796875 0.9820312499999999 0.76171875 0.97578125 0.7548828125 0.9585937499999999 0.7490234375 0.8953125 0.7431640625 0.8812500000000001 0.74609375 0.859375 0.7578125 0.8546875 0.76953125
0 0.42500000000000004 0.4189453125 0.43671875000000004 0.4345703125 0.47968750000000004 0.4833984375 0.50546875 0.50390625 0.5203125 0.505859375 0.53359375 0.4951171875 0.53203125 0.4765625 0.51171875 0.4462890625 0.44609374999999996 0.3779296875 0.42890625000000004 0.3720703125 0.41874999999999996 0.37890625 0.41718750000000004 0.3935546875 0.42500000000000004 0.4189453125
0 0.62890625 0.736328125 0.6351562500000001 0.7470703125 0.6828125 0.7626953125 0.74140625 0.7724609375 0.7632812499999999 0.771484375 0.7734375 0.765625 0.77734375 0.7587890625 0.76171875 0.7353515625 0.75 0.7265625 0.69609375 0.7138671875 0.65625 0.7119140625 0.6375 0.7197265625 0.6296875 0.73046875 0.62890625 0.736328125
0 0.40234375 0.7490234375 0.44296875 0.787109375 0.48828125 0.8232421875 0.515625 0.8388671875 0.5359375 0.833984375 0.54140625 0.822265625 0.54296875 0.8076171875 0.53359375 0.7978515625 0.52890625 0.7861328125 0.490625 0.7666015625 0.43046874999999996 0.71875 0.41171875 0.7158203125 0.40312499999999996 0.71875 0.39531249999999996 0.732421875 0.40234375 0.7490234375
0 0.34062499999999996 0.6962890625 0.375 0.7099609375 0.42109375000000004 0.716796875 0.48046875 0.7197265625 0.49296874999999996 0.7158203125 0.5 0.708984375 0.48359375000000004 0.68359375 0.47187500000000004 0.677734375 0.36796874999999996 0.666015625 0.34843749999999996 0.67578125 0.34296875000000004 0.6826171875 0.34062499999999996 0.6962890625
0 0.20468750000000002 0.3857421875 0.19296875000000002 0.396484375 0.17812499999999998 0.4404296875 0.17734375000000002 0.4677734375 0.18125000000000002 0.4736328125 0.19140625 0.4765625 0.2078125 0.46484375 0.27265625 0.3740234375 0.2890625 0.341796875 0.28828125 0.3291015625 0.265625 0.3251953125 0.24843749999999998 0.333984375 0.22109374999999998 0.357421875 0.20468750000000002 0.3857421875