0 0.22355769230769232 0.36177884615384615 0.1466346153846154 0.19951923076923078
0 0.390625 0.6574519230769231 0.1622596153846154 0.07692307692307693
0 0.4266826923076923 0.7584134615384616 0.1346153846153846 0.1875
0 0.6610576923076923 0.7259615384615384 0.15504807692307693 0.09975961538461539
0 0.46153846153846156 0.41947115384615385 0.12620192307692307 0.1778846153846154
0 0.8221153846153846 0.8461538461538461 0.14423076923076922 0.12259615384615384
0 0.8786057692307693 0.7800480769230769 0.15144230769230768 0.09014423076923077
0 0.5661057692307693 0.5300480769230769 0.11057692307692307 0.10216346153846154
0 0.7163461538461539 0.5985576923076923 0.09495192307692307 0.10576923076923077
0 0.6730769230769231 0.47596153846153844 0.07091346153846154 0.11538461538461539
0 0.7235576923076923 0.5 0.07932692307692307 0.11899038461538461