0 0.4987980769230769 0.15985576923076922 0.17548076923076922 0.10817307692307693
0 0.49038461538461536 0.5324519230769231 0.1658653846153846 0.1466346153846154
0 0.4831730769230769 0.6274038461538461 0.08774038461538461 0.203125
0 0.6911057692307693 0.7920673076923077 0.14903846153846154 0.140625
0 0.6598557692307693 0.38221153846153844 0.0829326923076923 0.1971153846153846
0 0.7584134615384616 0.9591346153846154 0.07451923076923077 0.08173076923076923
0 0.8521634615384616 0.9567307692307693 0.11057692307692307 0.08653846153846154
0 0.6983173076923077 0.5673076923076923 0.11057692307692307 0.10216346153846154
0 0.7920673076923077 0.7271634615384616 0.09495192307692307 0.1141826923076923
0 0.8064903846153846 0.5913461538461539 0.08533653846153846 0.11538461538461539
0 0.8365384615384616 0.6514423076923077 0.08052884615384616 0.11899038461538461