0 0.42908653846153844 0.34134615384615385 0.16346153846153846 0.20192307692307693
0 0.5144230769230769 0.6887019230769231 0.16346153846153846 0.11177884615384616
0 0.5276442307692307 0.7944711538461539 0.13701923076923078 0.18509615384615385
0 0.7716346153846154 0.8713942307692307 0.15504807692307693 0.09975961538461539
0 0.640625 0.4855769230769231 0.15144230769230768 0.18629807692307693
0 0.8557692307692307 0.9735576923076923 0.06971153846153846 0.052884615384615384
0 0.9447115384615384 0.9555288461538461 0.11057692307692307 0.08533653846153846
0 0.703125 0.6394230769230769 0.11057692307692307 0.10216346153846154
0 0.84375 0.7584134615384616 0.09495192307692307 0.10576923076923077
0 0.8137019230769231 0.6262019230769231 0.07091346153846154 0.11538461538461539
0 0.8653846153846154 0.6658653846153846 0.07932692307692307 0.11899038461538461