1 0.2375 0.615625 0.1625 0.390625
0 0.446875 0.4890625 0.390625 0.390625
1 0.23828125 0.3390625 0.1546875 0.390625
0 0.221875 0.6171875 0.390625 0.390625
0 0.2765625 0.6609375 0.390625 0.390625
1 0.603125 0.603125 0.390625 0.134375
1 0.728125 0.3546875 0.19375 0.390625
1 0.7984375 0.57734375 0.390625 0.2296875
1 0.2453125 0.77890625 0.390625 0.1921875
0 0.6671875 0.6828125 0.390625 0.390625
0 0.6015625 0.634375 0.390625 0.390625
1 0.646875 0.65390625 0.390625 0.1640625
1 0.60390625 0.60625 0.2328125 0.390625
1 0.3640625 0.5046875 0.390625 0.1625
1 0.6796875 0.64375 0.1375 0.390625
1 0.6421875 0.7171875 0.390625 0.23125
0 0.2859375 0.8046875 0.390625 0.390625
0 0.26875 0.8046875 0.390625 0.390625
1 0.65625 0.5890625 0.390625 0.21875
0 0.2234375 0.8046875 0.390625 0.390625
0 0.721875 0.59375 0.390625 0.390625
1 0.5046875 0.575 0.390625 0.165625
1 0.2890625 0.67890625 0.390625 0.1203125
0 0.6796875 0.640625 0.390625 0.390625
0 0.61875 0.640625 0.390625 0.390625
0 0.3625 0.5296875 0.390625 0.390625
0 0.64375 0.6328125 0.390625 0.390625
1 0.64609375 0.5625 0.2484375 0.390625
0 0.621875 0.6578125 0.390625 0.390625
1 0.265625 0.803125 0.221875 0.390625
0 0.290625 0.8046875 0.390625 0.390625
0 0.65 0.703125 0.390625 0.390625
1 0.725 0.5046875 0.390625 0.271875
1 0.20625 0.49765625 0.390625 0.2671875
0 0.6890625 0.2734375 0.390625 0.390625
0 0.4046875 0.5671875 0.390625 0.390625
1 0.1953125 0.83984375 0.390625 0.2234375
0 0.671875 0.59375 0.390625 0.390625
1 0.66484375 0.6171875 0.1453125 0.390625
0 0.675 0.60625 0.390625 0.390625
1 0.4078125 0.6546875 0.165625 0.390625
1 0.725 0.7078125 0.390625 0.19375
1 0.34375 0.61953125 0.390625 0.2390625
0 0.6328125 0.709375 0.390625 0.390625
1 0.6796875 0.60625 0.390625 0.246875
0 0.5921875 0.3171875 0.390625 0.390625
1 0.6640625 0.71640625 0.390625 0.1640625
1 0.6671875 0.65625 0.390625 0.271875
1 0.7234375 0.68125 0.171875 0.390625
1 0.2484375 0.53984375 0.390625 0.1578125