1 0.2203125 0.48203125 0.390625 0.1296875
0 0.7703125 0.1953125 0.390625 0.390625
1 0.7265625 0.4 0.209375 0.390625
1 0.63828125 0.3734375 0.2109375 0.390625
1 0.75234375 0.225 0.2234375 0.390625
0 0.3328125 0.1953125 0.390625 0.390625
0 0.23125 0.55 0.390625 0.390625
0 0.2734375 0.578125 0.390625 0.390625
1 0.6515625 0.215625 0.390625 0.196875
1 0.4265625 0.2734375 0.15625 0.390625
0 0.71875 0.253125 0.390625 0.390625
0 0.7625 0.2015625 0.390625 0.390625
0 0.6625 0.3421875 0.390625 0.390625
1 0.253125 0.434375 0.2625 0.390625
0 0.484375 0.725 0.390625 0.390625
1 0.6171875 0.78359375 0.390625 0.1671875
0 0.65625 0.1953125 0.390625 0.390625
1 0.68671875 0.2921875 0.1859375 0.390625
0 0.3359375 0.2421875 0.390625 0.390625
1 0.55859375 0.6046875 0.2484375 0.390625
0 0.2171875 0.4 0.390625 0.390625
0 0.328125 0.3640625 0.390625 0.390625
0 0.346875 0.3390625 0.390625 0.390625
0 0.5546875 0.5984375 0.390625 0.390625
0 0.690625 0.3484375 0.390625 0.390625
1 0.6578125 0.09375 0.390625 0.184375
1 0.7828125 0.31796875 0.390625 0.2078125
0 0.734375 0.26875 0.390625 0.390625
1 0.5265625 0.83515625 0.390625 0.1796875
0 0.6359375 0.696875 0.390625 0.390625
1 0.6390625 0.3421875 0.390625 0.121875
0 0.5078125 0.8046875 0.390625 0.390625
1 0.56875 0.703125 0.121875 0.390625
0 0.7 0.3015625 0.390625 0.390625
0 0.7125 0.321875 0.390625 0.390625
1 0.8046875 0.209375 0.390625 0.253125
0 0.234375 0.53125 0.390625 0.390625
1 0.25 0.4578125 0.390625 0.13125
0 0.5234375 0.7921875 0.390625 0.390625
1 0.653125 0.3203125 0.21875 0.390625
0 0.8015625 0.4078125 0.390625 0.390625
1 0.640625 0.784375 0.390625 0.2625
0 0.440625 0.1953125 0.390625 0.390625
1 0.83828125 0.2765625 0.2046875 0.390625
1 0.159375 0.3953125 0.234375 0.390625
0 0.3890625 0.3359375 0.390625 0.390625
0 0.6296875 0.2796875 0.390625 0.390625
0 0.7203125 0.1953125 0.390625 0.390625
1 0.228125 0.425 0.390625 0.128125
0 0.796875 0.35 0.390625 0.390625