1 0.7578125 0.85546875 0.390625 0.1671875
1 0.62421875 0.2296875 0.2203125 0.390625
0 0.2984375 0.3328125 0.390625 0.390625
1 0.6296875 0.321875 0.2625 0.390625
1 0.678125 0.73515625 0.390625 0.1765625
0 0.6234375 0.5921875 0.390625 0.390625
1 0.503125 0.64609375 0.390625 0.1921875
0 0.6859375 0.3890625 0.390625 0.390625
0 0.765625 0.3484375 0.390625 0.390625
1 0.253125 0.5671875 0.209375 0.390625
1 0.6515625 0.3296875 0.390625 0.26875
1 0.5171875 0.9015625 0.390625 0.175
1 0.85703125 0.5859375 0.2640625 0.390625
1 0.6859375 0.56640625 0.390625 0.1171875
1 0.4546875 0.28125 0.209375 0.390625