0 0.40625 0.46875 0.390625 0.390625
1 0.31875 0.8640625 0.390625 0.140625
1 0.678125 0.4078125 0.125 0.390625
0 0.5453125 0.2609375 0.390625 0.390625
0 0.459375 0.6890625 0.390625 0.390625
1 0.55625 0.1765625 0.390625 0.125
1 0.6625 0.22734375 0.390625 0.2078125
0 0.4265625 0.4640625 0.390625 0.390625
1 0.35390625 0.6390625 0.2640625 0.390625
0 0.515625 0.6125 0.390625 0.390625
1 0.771875 0.17265625 0.390625 0.2109375
0 0.3828125 0.290625 0.390625 0.390625
0 0.5296875 0.3515625 0.390625 0.390625
1 0.4109375 0.88125 0.390625 0.165625
1 0.659375 0.34453125 0.390625 0.2140625