0 0.425 0.7265625 0.390625 0.390625
1 0.2859375 0.659375 0.390625 0.23125
1 0.43828125 0.5984375 0.2265625 0.390625
1 0.796875 0.4640625 0.390625 0.19375
1 0.7828125 0.23125 0.390625 0.209375
1 0.7015625 0.72109375 0.390625 0.1234375
0 0.3140625 0.196875 0.390625 0.390625
1 0.2953125 0.81875 0.390625 0.1625
1 0.68515625 0.44375 0.2671875 0.390625
0 0.478125 0.3859375 0.390625 0.390625
0 0.7875 0.2109375 0.390625 0.390625
0 0.5546875 0.50625 0.390625 0.390625
0 0.6375 0.453125 0.390625 0.390625
0 0.5140625 0.421875 0.390625 0.390625
0 0.7796875 0.5171875 0.390625 0.390625