1 0.759375 0.84140625 0.390625 0.2078125
0 0.790625 0.7265625 0.390625 0.390625
1 0.21796875 0.5484375 0.2421875 0.390625
1 0.3265625 0.6578125 0.203125 0.390625
1 0.30390625 0.7171875 0.2546875 0.390625
0 0.278125 0.48125 0.390625 0.390625
1 0.3515625 0.53359375 0.390625 0.1640625
0 0.2828125 0.6296875 0.390625 0.390625
0 0.3515625 0.2984375 0.390625 0.390625
0 0.36875 0.2234375 0.390625 0.390625
0 0.7234375 0.70625 0.390625 0.390625
1 0.77734375 0.7859375 0.2328125 0.390625
0 0.4203125 0.3171875 0.390625 0.390625
1 0.4546875 0.5234375 0.128125 0.390625
1 0.7296875 0.51875 0.390625 0.134375
1 0.43671875 0.1953125 0.2390625 0.390625
1 0.13984375 0.2359375 0.1703125 0.390625
0 0.4109375 0.2078125 0.390625 0.390625
0 0.2328125 0.6015625 0.390625 0.390625
1 0.4328125 0.5640625 0.259375 0.390625
1 0.23828125 0.6453125 0.1421875 0.390625
0 0.565625 0.715625 0.390625 0.390625
0 0.4859375 0.4734375 0.390625 0.390625
1 0.82578125 0.8046875 0.1828125 0.390625
1 0.3625 0.565625 0.390625 0.165625
1 0.29375 0.659375 0.390625 0.196875
0 0.3609375 0.765625 0.390625 0.390625
1 0.35 0.590625 0.390625 0.153125
1 0.290625 0.7203125 0.390625 0.259375
1 0.5484375 0.7359375 0.2625 0.390625
0 0.2015625 0.1953125 0.390625 0.390625
1 0.35078125 0.209375 0.1703125 0.390625
1 0.325 0.525 0.390625 0.178125
0 0.3609375 0.675 0.390625 0.390625
1 0.234375 0.5609375 0.153125 0.390625
1 0.8046875 0.9296875 0.390625 0.140625
1 0.61171875 0.4984375 0.1453125 0.390625
0 0.58125 0.4359375 0.390625 0.390625
1 0.1953125 0.54765625 0.390625 0.2359375
0 0.8046875 0.8046875 0.390625 0.390625
0 0.4 0.6375 0.390625 0.390625
1 0.34375 0.340625 0.390625 0.240625
1 0.20078125 0.7640625 0.1984375 0.390625
0 0.3921875 0.4765625 0.390625 0.390625
1 0.48671875 0.525 0.1359375 0.390625
1 0.2296875 0.27734375 0.390625 0.1703125
0 0.475 0.346875 0.390625 0.390625
0 0.325 0.3515625 0.390625 0.390625
1 0.3609375 0.65 0.215625 0.390625
1 0.6015625 0.503125 0.390625 0.15625