1 0.24375 0.13984375 0.390625 0.2640625
0 0.5546875 0.740625 0.390625 0.390625
0 0.7953125 0.715625 0.390625 0.390625
1 0.75546875 0.540625 0.1703125 0.390625
1 0.7859375 0.5203125 0.253125 0.390625
1 0.26875 0.8484375 0.390625 0.23125
1 0.67421875 0.24375 0.1421875 0.390625
0 0.3296875 0.4796875 0.390625 0.390625
0 0.5828125 0.303125 0.390625 0.390625
0 0.6890625 0.8015625 0.390625 0.390625
1 0.4328125 0.2296875 0.390625 0.253125
1 0.6546875 0.21171875 0.390625 0.2171875
1 0.2640625 0.221875 0.390625 0.24375
1 0.4640625 0.3796875 0.390625 0.253125
0 0.4171875 0.3828125 0.390625 0.390625