0 0.528125 0.25 0.390625 0.390625
0 0.6140625 0.340625 0.390625 0.390625
1 0.46640625 0.7265625 0.1359375 0.390625
0 0.740625 0.6515625 0.390625 0.390625
0 0.6796875 0.24375 0.390625 0.390625
1 0.1890625 0.471875 0.11875 0.390625
1 0.5953125 0.42734375 0.390625 0.1640625
1 0.18984375 0.253125 0.2390625 0.390625
1 0.2796875 0.4953125 0.128125 0.390625
0 0.7953125 0.3796875 0.390625 0.390625
1 0.5609375 0.2328125 0.390625 0.190625
0 0.8015625 0.596875 0.390625 0.390625
1 0.240625 0.6515625 0.271875 0.390625
1 0.609375 0.79765625 0.390625 0.2015625
1 0.8015625 0.4984375 0.271875 0.390625