1 0.7953125 0.4125 0.26875 0.390625
0 0.2828125 0.671875 0.390625 0.390625
1 0.778125 0.22109375 0.390625 0.2546875
0 0.7734375 0.3671875 0.390625 0.390625
1 0.3734375 0.253125 0.265625 0.390625
1 0.87890625 0.275 0.1609375 0.390625
0 0.7703125 0.25 0.390625 0.390625
1 0.43359375 0.209375 0.2578125 0.390625
1 0.646875 0.32578125 0.390625 0.2140625
1 0.7765625 0.29296875 0.390625 0.1421875
0 0.3109375 0.428125 0.390625 0.390625
0 0.2609375 0.8046875 0.390625 0.390625
1 0.734375 0.2109375 0.1625 0.390625
1 0.28125 0.73046875 0.390625 0.1265625
0 0.8046875 0.24375 0.390625 0.390625
0 0.3328125 0.734375 0.390625 0.390625
0 0.2625 0.8015625 0.390625 0.390625
1 0.74296875 0.1953125 0.1265625 0.390625
1 0.3328125 0.87734375 0.390625 0.1703125
1 0.47734375 0.253125 0.1796875 0.390625
0 0.325 0.7484375 0.390625 0.390625
0 0.7796875 0.2328125 0.390625 0.390625
1 0.290625 0.378125 0.390625 0.125
0 0.8046875 0.465625 0.390625 0.390625
1 0.315625 0.74375 0.390625 0.25
1 0.384375 0.4296875 0.146875 0.390625
1 0.284375 0.36796875 0.390625 0.1671875
0 0.1953125 0.74375 0.390625 0.390625
1 0.3140625 0.31875 0.203125 0.390625
1 0.2140625 0.74609375 0.390625 0.2296875
0 0.3625 0.3125 0.390625 0.390625
1 0.3453125 0.478125 0.18125 0.390625
1 0.3640625 0.240625 0.25 0.390625
1 0.2765625 0.7765625 0.25625 0.390625
1 0.80625 0.41875 0.203125 0.390625
0 0.4640625 0.765625 0.390625 0.390625
0 0.8046875 0.2671875 0.390625 0.390625
0 0.2796875 0.728125 0.390625 0.390625
0 0.7625 0.44375 0.390625 0.390625
1 0.55 0.20390625 0.390625 0.2109375
1 0.45703125 0.365625 0.2390625 0.390625
1 0.2546875 0.56171875 0.390625 0.2484375
0 0.7125 0.3984375 0.390625 0.390625
1 0.3453125 0.1953125 0.190625 0.390625
1 0.70859375 0.225 0.1703125 0.390625
1 0.6796875 0.3828125 0.215625 0.390625
1 0.30078125 0.6828125 0.1765625 0.390625
1 0.43359375 0.36875 0.1453125 0.390625
0 0.3328125 0.2109375 0.390625 0.390625
0 0.2828125 0.803125 0.390625 0.390625