0 0.3359375 0.484375 0.390625 0.390625
0 0.371875 0.2609375 0.390625 0.390625
1 0.6046875 0.303125 0.2125 0.390625
0 0.353125 0.609375 0.390625 0.390625
0 0.51875 0.340625 0.390625 0.390625
0 0.2015625 0.4390625 0.390625 0.390625
1 0.0734375 0.39375 0.140625 0.390625
1 0.82734375 0.6984375 0.2296875 0.390625
0 0.790625 0.5 0.390625 0.390625
0 0.5671875 0.34375 0.390625 0.390625
1 0.575 0.75234375 0.390625 0.1171875
0 0.6046875 0.4125 0.390625 0.390625
0 0.4140625 0.353125 0.390625 0.390625
0 0.7 0.2265625 0.390625 0.390625
1 0.5703125 0.5890625 0.15625 0.390625