0 0.2109375 0.33125 0.390625 0.390625
1 0.734375 0.5 0.159375 0.390625
1 0.5453125 0.6578125 0.390625 0.2375
1 0.65625 0.52421875 0.390625 0.1390625
0 0.409375 0.653125 0.390625 0.390625
0 0.4078125 0.690625 0.390625 0.390625
1 0.7140625 0.4671875 0.271875 0.390625
0 0.5234375 0.725 0.390625 0.390625
0 0.6640625 0.4640625 0.390625 0.390625
1 0.73984375 0.553125 0.1734375 0.390625
1 0.66640625 0.4578125 0.1390625 0.390625
0 0.7328125 0.4296875 0.390625 0.390625
1 0.7125 0.4921875 0.2 0.390625
0 0.7640625 0.525 0.390625 0.390625
0 0.6390625 0.3390625 0.390625 0.390625
1 0.7046875 0.715625 0.1375 0.390625
1 0.646875 0.475 0.390625 0.240625
0 0.55 0.49375 0.390625 0.390625
1 0.2921875 0.61953125 0.390625 0.2359375
1 0.7328125 0.4421875 0.190625 0.390625
1 0.740625 0.5296875 0.390625 0.14375
0 0.7515625 0.41875 0.390625 0.390625
1 0.6015625 0.29921875 0.390625 0.1734375
0 0.4546875 0.6421875 0.390625 0.390625
0 0.3875 0.7421875 0.390625 0.390625
1 0.640625 0.3609375 0.390625 0.234375
1 0.44375 0.7390625 0.390625 0.221875
0 0.7421875 0.440625 0.390625 0.390625
0 0.6640625 0.4625 0.390625 0.390625
0 0.634375 0.3546875 0.390625 0.390625
0 0.4953125 0.7 0.390625 0.390625
0 0.4296875 0.675 0.390625 0.390625
1 0.58125 0.384375 0.390625 0.2125
1 0.48203125 0.753125 0.1234375 0.390625
0 0.5578125 0.74375 0.390625 0.390625
1 0.640625 0.346875 0.390625 0.234375
1 0.440625 0.6796875 0.228125 0.390625
0 0.315625 0.728125 0.390625 0.390625
1 0.7625 0.44140625 0.390625 0.1984375
0 0.6296875 0.390625 0.390625 0.390625
1 0.4578125 0.640625 0.390625 0.178125
1 0.83359375 0.603125 0.1828125 0.390625
0 0.71875 0.5203125 0.390625 0.390625
0 0.540625 0.5609375 0.390625 0.390625
1 0.75234375 0.490625 0.1171875 0.390625
1 0.5625 0.64921875 0.390625 0.2390625
1 0.390625 0.6171875 0.390625 0.146875
1 0.70625 0.47109375 0.390625 0.1828125
0 0.70625 0.5328125 0.390625 0.390625
1 0.7828125 0.5515625 0.26875 0.390625