1 0.7546875 0.1390625 0.390625 0.221875
1 0.85703125 0.5953125 0.2453125 0.390625
0 0.5671875 0.5546875 0.390625 0.390625
1 0.53125 0.85 0.390625 0.178125
1 0.546875 0.603125 0.165625 0.390625
1 0.421875 0.7453125 0.265625 0.390625
1 0.7625 0.5765625 0.265625 0.390625
1 0.3421875 0.3953125 0.390625 0.140625
0 0.7703125 0.4 0.390625 0.390625
0 0.3265625 0.4140625 0.390625 0.390625
0 0.384375 0.7765625 0.390625 0.390625
0 0.778125 0.753125 0.390625 0.390625
0 0.296875 0.4796875 0.390625 0.390625
0 0.4140625 0.38125 0.390625 0.390625
0 0.2109375 0.321875 0.390625 0.390625