1 0.18359375 0.2609375 0.2515625 0.390625
0 0.45 0.4109375 0.390625 0.390625
1 0.38671875 0.475 0.1671875 0.390625
0 0.2375 0.6546875 0.390625 0.390625
0 0.3140625 0.5640625 0.390625 0.390625
1 0.83359375 0.46875 0.1171875 0.390625
1 0.7328125 0.41953125 0.390625 0.2671875
0 0.5234375 0.7921875 0.390625 0.390625
0 0.4578125 0.7078125 0.390625 0.390625
0 0.2765625 0.76875 0.390625 0.390625
1 0.1453125 0.5578125 0.2625 0.390625
1 0.4671875 0.65625 0.203125 0.390625
1 0.2890625 0.22421875 0.390625 0.1171875
1 0.83828125 0.615625 0.1859375 0.390625
0 0.4765625 0.6515625 0.390625 0.390625