1 0.7015625 0.5671875 0.390625 0.15
1 0.6671875 0.29375 0.390625 0.240625
0 0.4890625 0.6234375 0.390625 0.390625
1 0.6390625 0.3015625 0.390625 0.209375
1 0.259375 0.36875 0.18125 0.390625
0 0.378125 0.3984375 0.390625 0.390625
1 0.5390625 0.5578125 0.390625 0.121875
1 0.6765625 0.63828125 0.390625 0.1859375
1 0.3671875 0.22421875 0.390625 0.2203125
0 0.728125 0.2546875 0.390625 0.390625
1 0.5765625 0.6140625 0.2375 0.390625
1 0.671875 0.2953125 0.203125 0.390625
1 0.5390625 0.3125 0.11875 0.390625
0 0.2328125 0.4015625 0.390625 0.390625
0 0.334375 0.353125 0.390625 0.390625
1 0.38203125 0.434375 0.2234375 0.390625
0 0.3109375 0.590625 0.390625 0.390625
1 0.33203125 0.253125 0.2046875 0.390625
1 0.5140625 0.27109375 0.390625 0.1890625
0 0.475 0.6390625 0.390625 0.390625
0 0.640625 0.2390625 0.390625 0.390625
1 0.246875 0.42890625 0.390625 0.2203125
1 0.6140625 0.24609375 0.390625 0.2140625
1 0.2703125 0.365625 0.209375 0.390625
1 0.3890625 0.6671875 0.196875 0.390625
0 0.3734375 0.203125 0.390625 0.390625
1 0.496875 0.62109375 0.390625 0.1203125
0 0.3984375 0.3828125 0.390625 0.390625
0 0.534375 0.4765625 0.390625 0.390625
1 0.559375 0.5453125 0.165625 0.390625
1 0.3390625 0.378125 0.390625 0.221875
1 0.409375 0.8015625 0.390625 0.259375
0 0.6625 0.4390625 0.390625 0.390625
0 0.240625 0.309375 0.390625 0.390625
1 0.33515625 0.6203125 0.2578125 0.390625
0 0.3328125 0.275 0.390625 0.390625
1 0.728125 0.31875 0.390625 0.15625
1 0.5390625 0.1953125 0.15 0.390625
0 0.3359375 0.7203125 0.390625 0.390625
1 0.63828125 0.3078125 0.1703125 0.390625
1 0.490625 0.65 0.259375 0.390625
1 0.5421875 0.1953125 0.253125 0.390625
1 0.66796875 0.2765625 0.1640625 0.390625
1 0.4421875 0.475 0.390625 0.209375
1 0.63125 0.23828125 0.390625 0.1953125
0 0.2703125 0.2921875 0.390625 0.390625
1 0.3875 0.7359375 0.265625 0.390625
0 0.4984375 0.21875 0.390625 0.390625
0 0.6265625 0.275 0.390625 0.390625
1 0.721875 0.24375 0.15625 0.390625