0 0.765625 0.58125 0.390625 0.390625
1 0.6 0.38828125 0.390625 0.1984375
1 0.384375 0.4109375 0.390625 0.165625
0 0.2421875 0.375 0.390625 0.390625
0 0.4421875 0.790625 0.390625 0.390625
0 0.6953125 0.7234375 0.390625 0.390625
1 0.5078125 0.4296875 0.390625 0.171875
1 0.640625 0.16640625 0.390625 0.2046875
1 0.14296875 0.79375 0.2484375 0.390625
0 0.346875 0.55 0.390625 0.390625
0 0.2890625 0.4265625 0.390625 0.390625
1 0.7328125 0.740625 0.390625 0.259375
0 0.3109375 0.471875 0.390625 0.390625
1 0.7375 0.55078125 0.390625 0.1765625
0 0.4390625 0.2921875 0.390625 0.390625