0 0.3640625 0.7328125 0.390625 0.390625
1 0.5421875 0.51015625 0.390625 0.1890625
1 0.665625 0.5890625 0.26875 0.390625
1 0.4546875 0.45234375 0.390625 0.2234375
0 0.303125 0.4765625 0.390625 0.390625
0 0.196875 0.2765625 0.390625 0.390625
0 0.79375 0.796875 0.390625 0.390625
0 0.39375 0.6609375 0.390625 0.390625
0 0.725 0.5546875 0.390625 0.390625
1 0.8015625 0.5890625 0.390625 0.146875
1 0.31875 0.5890625 0.13125 0.390625
0 0.6765625 0.56875 0.390625 0.390625
1 0.3796875 0.50390625 0.390625 0.2421875
1 0.2640625 0.48359375 0.390625 0.1453125
0 0.615625 0.540625 0.390625 0.390625
0 0.678125 0.53125 0.390625 0.390625
0 0.5890625 0.8 0.390625 0.390625
1 0.51875 0.4671875 0.390625 0.26875
0 0.2953125 0.3578125 0.390625 0.390625
1 0.5421875 0.3703125 0.390625 0.1375
0 0.8046875 0.7078125 0.390625 0.390625
1 0.36640625 0.603125 0.1953125 0.390625
1 0.56953125 0.48125 0.1609375 0.390625
1 0.3265625 0.44375 0.26875 0.390625
1 0.31015625 0.5625 0.2609375 0.390625
1 0.384375 0.4640625 0.390625 0.26875
1 0.52578125 0.4375 0.1296875 0.390625
0 0.6578125 0.5390625 0.390625 0.390625
0 0.784375 0.5203125 0.390625 0.390625
1 0.73515625 0.46875 0.1921875 0.390625
0 0.6296875 0.3265625 0.390625 0.390625
0 0.26875 0.5140625 0.390625 0.390625
1 0.26875 0.43046875 0.390625 0.1234375
0 0.615625 0.49375 0.390625 0.390625
1 0.3265625 0.4984375 0.121875 0.390625
1 0.7265625 0.54765625 0.390625 0.2140625
1 0.2890625 0.4625 0.15625 0.390625
0 0.715625 0.6078125 0.390625 0.390625
0 0.290625 0.559375 0.390625 0.390625
0 0.228125 0.5390625 0.390625 0.390625
1 0.371875 0.57109375 0.390625 0.1296875
1 0.7640625 0.4578125 0.390625 0.184375
1 0.61953125 0.5046875 0.2515625 0.390625
0 0.5 0.796875 0.390625 0.390625
0 0.746875 0.6640625 0.390625 0.390625
0 0.4375 0.378125 0.390625 0.390625
0 0.684375 0.65625 0.390625 0.390625
0 0.2734375 0.4203125 0.390625 0.390625
1 0.5359375 0.45859375 0.390625 0.1703125
0 0.6328125 0.515625 0.390625 0.390625