1 0.4375 0.9046875 0.390625 0.18125
0 0.4515625 0.8046875 0.390625 0.390625
0 0.5578125 0.7078125 0.390625 0.390625
1 0.190625 0.8046875 0.11875 0.390625
0 0.49375 0.8046875 0.390625 0.390625
1 0.30625 0.2796875 0.390625 0.259375
0 0.36875 0.6859375 0.390625 0.390625
0 0.321875 0.2890625 0.390625 0.390625
1 0.5890625 0.31328125 0.390625 0.2140625
0 0.7125 0.2359375 0.390625 0.390625
0 0.6015625 0.2390625 0.390625 0.390625
1 0.7515625 0.52421875 0.390625 0.1359375
1 0.490625 0.81328125 0.390625 0.2390625
1 0.32578125 0.4796875 0.1234375 0.390625
1 0.47109375 0.8046875 0.2328125 0.390625
1 0.65546875 0.8046875 0.1390625 0.390625
1 0.484375 0.84140625 0.390625 0.2578125
1 0.25 0.80234375 0.390625 0.1703125
1 0.4703125 0.765625 0.259375 0.390625
1 0.7875 0.28203125 0.390625 0.1421875
1 0.2671875 0.7109375 0.2 0.390625
0 0.64375 0.2859375 0.390625 0.390625
1 0.18515625 0.5921875 0.2609375 0.390625
0 0.5984375 0.6671875 0.390625 0.390625
0 0.525 0.8046875 0.390625 0.390625
0 0.3359375 0.7234375 0.390625 0.390625
0 0.7171875 0.334375 0.390625 0.390625
0 0.34375 0.79375 0.390625 0.390625
1 0.3140625 0.65625 0.259375 0.390625
0 0.246875 0.2796875 0.390625 0.390625
0 0.528125 0.7984375 0.390625 0.390625
1 0.6171875 0.26484375 0.390625 0.1921875
0 0.49375 0.703125 0.390625 0.390625
0 0.540625 0.8046875 0.390625 0.390625
1 0.2 0.7390625 0.153125 0.390625
0 0.5109375 0.8046875 0.390625 0.390625
1 0.77265625 0.2921875 0.1734375 0.390625
0 0.55 0.8046875 0.390625 0.390625
1 0.60546875 0.8046875 0.1484375 0.390625
1 0.72265625 0.775 0.2578125 0.390625
1 0.45625 0.8828125 0.390625 0.146875
1 0.30078125 0.675 0.1296875 0.390625
1 0.25625 0.659375 0.390625 0.15625
1 0.3546875 0.2203125 0.225 0.390625
1 0.49375 0.7546875 0.25625 0.390625
0 0.225 0.65625 0.390625 0.390625
1 0.72578125 0.1953125 0.2609375 0.390625
1 0.65703125 0.278125 0.2578125 0.390625
0 0.38125 0.796875 0.390625 0.390625
0 0.621875 0.778125 0.390625 0.390625