0 0.328125 0.6609375 0.390625 0.390625
1 0.334375 0.1421875 0.390625 0.1625
1 0.784375 0.5921875 0.390625 0.13125
0 0.55 0.2359375 0.390625 0.390625
1 0.7671875 0.665625 0.159375 0.390625
1 0.69375 0.33984375 0.390625 0.1171875
1 0.3359375 0.8 0.390625 0.246875
1 0.703125 0.40390625 0.390625 0.2078125
0 0.284375 0.253125 0.390625 0.390625
0 0.696875 0.6671875 0.390625 0.390625
0 0.8046875 0.4078125 0.390625 0.390625
0 0.5671875 0.7109375 0.390625 0.390625
0 0.375 0.7671875 0.390625 0.390625
0 0.328125 0.7890625 0.390625 0.390625
0 0.503125 0.715625 0.390625 0.390625
0 0.8046875 0.4734375 0.390625 0.390625
1 0.621875 0.6734375 0.2125 0.390625
1 0.271875 0.79375 0.390625 0.209375
0 0.8046875 0.6046875 0.390625 0.390625
1 0.29765625 0.8046875 0.1734375 0.390625
1 0.37265625 0.8046875 0.1953125 0.390625
1 0.8046875 0.30078125 0.390625 0.1390625
0 0.709375 0.55625 0.390625 0.390625
0 0.7765625 0.5671875 0.390625 0.390625
1 0.76484375 0.2234375 0.1265625 0.390625
1 0.725 0.76640625 0.390625 0.2671875
1 0.44765625 0.446875 0.2703125 0.390625
0 0.340625 0.665625 0.390625 0.390625
0 0.6734375 0.68125 0.390625 0.390625
0 0.8046875 0.6140625 0.390625 0.390625
1 0.7328125 0.653125 0.390625 0.228125
1 0.68125 0.221875 0.18125 0.390625
0 0.8046875 0.5328125 0.390625 0.390625
0 0.7578125 0.4375 0.390625 0.390625
0 0.8046875 0.6046875 0.390625 0.390625
1 0.309375 0.7453125 0.390625 0.15625
0 0.2609375 0.8046875 0.390625 0.390625
1 0.5890625 0.2015625 0.175 0.390625
0 0.7078125 0.790625 0.390625 0.390625
0 0.7234375 0.7546875 0.390625 0.390625
0 0.4296875 0.8046875 0.390625 0.390625
0 0.75625 0.4953125 0.390625 0.390625
1 0.675 0.27109375 0.390625 0.1234375
1 0.79375 0.5703125 0.390625 0.15
0 0.74375 0.3921875 0.390625 0.390625
1 0.50625 0.62578125 0.390625 0.1640625
0 0.6296875 0.2 0.390625 0.390625
0 0.353125 0.6734375 0.390625 0.390625
0 0.8046875 0.28125 0.390625 0.390625
1 0.80625 0.7921875 0.184375 0.390625