0 0.2921875 0.61875 0.390625 0.390625
1 0.746875 0.325 0.390625 0.190625
0 0.646875 0.7578125 0.390625 0.390625
0 0.290625 0.759375 0.390625 0.390625
0 0.28125 0.7296875 0.390625 0.390625
1 0.7 0.83671875 0.390625 0.1359375
1 0.53515625 0.5765625 0.2203125 0.390625
1 0.125 0.6046875 0.134375 0.390625
0 0.4609375 0.4859375 0.390625 0.390625
0 0.4890625 0.45625 0.390625 0.390625
0 0.4796875 0.696875 0.390625 0.390625
1 0.14453125 0.6375 0.2109375 0.390625
0 0.3703125 0.7625 0.390625 0.390625
0 0.2953125 0.5484375 0.390625 0.390625
0 0.759375 0.3640625 0.390625 0.390625