1 0.409375 0.703125 0.134375 0.390625
0 0.5765625 0.35625 0.390625 0.390625
0 0.54375 0.5484375 0.390625 0.390625
1 0.38359375 0.5953125 0.1484375 0.390625
0 0.521875 0.421875 0.390625 0.390625
0 0.6453125 0.3640625 0.390625 0.390625
1 0.44375 0.78515625 0.390625 0.2703125
0 0.4875 0.484375 0.390625 0.390625
0 0.4109375 0.465625 0.390625 0.390625
0 0.475 0.665625 0.390625 0.390625
0 0.371875 0.7390625 0.390625 0.390625
0 0.7828125 0.4609375 0.390625 0.390625
0 0.309375 0.775 0.390625 0.390625
1 0.54375 0.7109375 0.146875 0.390625
0 0.55625 0.5796875 0.390625 0.390625
0 0.7765625 0.5953125 0.390625 0.390625
1 0.45859375 0.565625 0.1328125 0.390625
0 0.4734375 0.26875 0.390625 0.390625
1 0.453125 0.73671875 0.390625 0.2453125
1 0.3578125 0.775 0.390625 0.15625
0 0.2390625 0.2921875 0.390625 0.390625
0 0.3953125 0.69375 0.390625 0.390625
1 0.4828125 0.69140625 0.390625 0.1171875
0 0.5171875 0.4859375 0.390625 0.390625
1 0.5328125 0.78203125 0.390625 0.1484375
0 0.540625 0.6890625 0.390625 0.390625
0 0.4171875 0.8046875 0.390625 0.390625
1 0.590625 0.3234375 0.128125 0.390625
0 0.621875 0.453125 0.390625 0.390625
1 0.41875 0.465625 0.390625 0.146875
0 0.509375 0.75 0.390625 0.390625
0 0.61875 0.2234375 0.390625 0.390625
1 0.4265625 0.590625 0.23125 0.390625
1 0.696875 0.81328125 0.390625 0.1671875
1 0.5453125 0.40390625 0.390625 0.2546875
1 0.2125 0.4640625 0.390625 0.240625
0 0.203125 0.3828125 0.390625 0.390625
0 0.73125 0.528125 0.390625 0.390625
0 0.4734375 0.66875 0.390625 0.390625
1 0.5578125 0.25390625 0.390625 0.2203125
0 0.4859375 0.7828125 0.390625 0.390625
1 0.65625 0.3671875 0.390625 0.165625
1 0.5671875 0.73359375 0.390625 0.2515625
0 0.6375 0.4265625 0.390625 0.390625
0 0.41875 0.3890625 0.390625 0.390625
0 0.534375 0.70625 0.390625 0.390625
1 0.33203125 0.596875 0.1921875 0.390625
1 0.4875 0.53125 0.390625 0.134375
0 0.6546875 0.2734375 0.390625 0.390625
0 0.3953125 0.5375 0.390625 0.390625