0 0.66875 0.3203125 0.390625 0.390625
0 0.54375 0.3328125 0.390625 0.390625
0 0.409375 0.2703125 0.390625 0.390625
1 0.775 0.4078125 0.23125 0.390625
1 0.82109375 0.2171875 0.2453125 0.390625
1 0.5296875 0.4390625 0.24375 0.390625
0 0.6265625 0.6140625 0.390625 0.390625
1 0.5609375 0.80703125 0.390625 0.1171875
1 0.6140625 0.346875 0.390625 0.24375
0 0.625 0.3421875 0.390625 0.390625
1 0.328125 0.67578125 0.390625 0.2609375
0 0.5421875 0.5859375 0.390625 0.390625
0 0.58125 0.4640625 0.390625 0.390625
0 0.3953125 0.2265625 0.390625 0.390625
0 0.8 0.7546875 0.390625 0.390625