0 0.6703125 0.525 0.390625 0.390625
1 0.83125 0.5921875 0.14375 0.390625
0 0.2484375 0.671875 0.390625 0.390625
0 0.4109375 0.203125 0.390625 0.390625
0 0.56875 0.5296875 0.390625 0.390625
0 0.6359375 0.7203125 0.390625 0.390625
1 0.7921875 0.378125 0.1625 0.390625
1 0.71796875 0.6671875 0.1265625 0.390625
1 0.51953125 0.7515625 0.2015625 0.390625
1 0.721875 0.3796875 0.390625 0.18125
1 0.2609375 0.28046875 0.390625 0.1765625
0 0.7640625 0.3609375 0.390625 0.390625
1 0.3359375 0.54765625 0.390625 0.1640625
1 0.278125 0.89140625 0.390625 0.1453125
1 0.15234375 0.55 0.1359375 0.390625