0 0.3703125 0.3765625 0.390625 0.390625
1 0.65 0.44609375 0.390625 0.2328125
1 0.78046875 0.7421875 0.2234375 0.390625
1 0.2765625 0.5 0.390625 0.196875
0 0.3546875 0.46875 0.390625 0.390625
0 0.3625 0.378125 0.390625 0.390625
0 0.6828125 0.30625 0.390625 0.390625
0 0.325 0.428125 0.390625 0.390625
1 0.6015625 0.86484375 0.390625 0.2578125
1 0.68203125 0.709375 0.1578125 0.390625
1 0.584375 0.71875 0.390625 0.18125
0 0.5609375 0.40625 0.390625 0.390625
1 0.765625 0.6125 0.390625 0.23125
1 0.33515625 0.609375 0.2515625 0.390625
0 0.4796875 0.484375 0.390625 0.390625