1 0.58203125 0.6640625 0.1859375 0.390625
0 0.3484375 0.60625 0.390625 0.390625
1 0.61015625 0.728125 0.2046875 0.390625
0 0.2484375 0.2453125 0.390625 0.390625
1 0.65 0.6671875 0.390625 0.196875
1 0.83828125 0.753125 0.1984375 0.390625
0 0.3109375 0.3515625 0.390625 0.390625
1 0.2125 0.5328125 0.2125 0.390625
1 0.746875 0.721875 0.390625 0.1625
0 0.1953125 0.5546875 0.390625 0.390625
1 0.2390625 0.325 0.390625 0.1375
0 0.8046875 0.5859375 0.390625 0.390625
1 0.8046875 0.534375 0.390625 0.240625
0 0.3234375 0.315625 0.390625 0.390625
0 0.409375 0.34375 0.390625 0.390625
1 0.55625 0.72578125 0.390625 0.1359375
0 0.5890625 0.6734375 0.390625 0.390625
1 0.16875 0.625 0.271875 0.390625
1 0.821875 0.7265625 0.1875 0.390625
1 0.24921875 0.2890625 0.1671875 0.390625
0 0.553125 0.7140625 0.390625 0.390625
1 0.14609375 0.6203125 0.2703125 0.390625
1 0.49453125 0.240625 0.2578125 0.390625
1 0.325 0.70078125 0.390625 0.1921875
1 0.8328125 0.6359375 0.134375 0.390625
1 0.19765625 0.5125 0.2140625 0.390625
0 0.3078125 0.33125 0.390625 0.390625
1 0.33125 0.58515625 0.390625 0.2078125
0 0.8046875 0.6484375 0.390625 0.390625
1 0.7796875 0.709375 0.1625 0.390625
0 0.546875 0.6765625 0.390625 0.390625
1 0.2125 0.20390625 0.390625 0.1484375
1 0.2328125 0.55625 0.24375 0.390625
1 0.275 0.31875 0.215625 0.390625
1 0.4125 0.2703125 0.390625 0.209375
1 0.76640625 0.625 0.1796875 0.390625
0 0.721875 0.584375 0.390625 0.390625
1 0.45625 0.28125 0.390625 0.228125
1 0.378125 0.3375 0.153125 0.390625
0 0.3140625 0.3828125 0.390625 0.390625
1 0.85078125 0.665625 0.2453125 0.390625
0 0.7015625 0.790625 0.390625 0.390625
1 0.7140625 0.7953125 0.15 0.390625
0 0.1953125 0.5953125 0.390625 0.390625
0 0.1953125 0.64375 0.390625 0.390625
1 0.1953125 0.6484375 0.390625 0.2625
1 0.7953125 0.7015625 0.1875 0.390625
0 0.328125 0.3421875 0.390625 0.390625
0 0.1953125 0.68125 0.390625 0.390625
1 0.5484375 0.63203125 0.390625 0.1984375