1 0.4296875 0.74765625 0.390625 0.2578125
1 0.5703125 0.178125 0.390625 0.209375
0 0.6859375 0.6125 0.390625 0.390625
1 0.2640625 0.7 0.390625 0.24375
1 0.6875 0.55703125 0.390625 0.2671875
0 0.3953125 0.35625 0.390625 0.390625
0 0.571875 0.196875 0.390625 0.390625
1 0.5546875 0.66171875 0.390625 0.2453125
0 0.4453125 0.403125 0.390625 0.390625
0 0.6609375 0.2859375 0.390625 0.390625
0 0.6890625 0.2328125 0.390625 0.390625
0 0.7859375 0.5953125 0.390625 0.390625
0 0.503125 0.496875 0.390625 0.390625
1 0.8 0.590625 0.390625 0.2
0 0.39375 0.3671875 0.390625 0.390625