1 0.509375 0.240625 0.390625 0.165625
0 0.4046875 0.6609375 0.390625 0.390625
1 0.1640625 0.1953125 0.134375 0.390625
1 0.353125 0.6796875 0.228125 0.390625
0 0.5 0.5140625 0.390625 0.390625
1 0.56953125 0.2703125 0.1390625 0.390625
0 0.284375 0.1953125 0.390625 0.390625
1 0.2203125 0.1921875 0.390625 0.14375
0 0.434375 0.74375 0.390625 0.390625
0 0.1953125 0.1953125 0.390625 0.390625
0 0.3046875 0.23125 0.390625 0.390625
1 0.50703125 0.565625 0.1328125 0.390625
1 0.54609375 0.321875 0.1765625 0.390625
1 0.19453125 0.6515625 0.2359375 0.390625
1 0.85078125 0.5953125 0.2390625 0.390625
0 0.2 0.2515625 0.390625 0.390625
0 0.2765625 0.1953125 0.390625 0.390625
0 0.40625 0.703125 0.390625 0.390625
1 0.5984375 0.70546875 0.390625 0.1859375
0 0.5828125 0.6515625 0.390625 0.390625
0 0.5765625 0.3078125 0.390625 0.390625
0 0.371875 0.66875 0.390625 0.390625
1 0.590625 0.7453125 0.390625 0.271875
1 0.659375 0.7375 0.271875 0.390625
1 0.25703125 0.2328125 0.1359375 0.390625
1 0.19765625 0.7 0.1234375 0.390625
1 0.45234375 0.2765625 0.1828125 0.390625
0 0.6453125 0.2453125 0.390625 0.390625
1 0.325 0.31953125 0.390625 0.2390625
1 0.4203125 0.66796875 0.390625 0.1171875
0 0.6125 0.690625 0.390625 0.390625
1 0.26953125 0.23125 0.2203125 0.390625
0 0.5453125 0.28125 0.390625 0.390625
1 0.2234375 0.6734375 0.390625 0.265625
0 0.2578125 0.35 0.390625 0.390625
0 0.30625 0.6609375 0.390625 0.390625
0 0.6265625 0.3125 0.390625 0.390625
1 0.28984375 0.603125 0.2328125 0.390625
1 0.428125 0.40546875 0.390625 0.2484375
1 0.79375 0.784375 0.1625 0.390625
0 0.3640625 0.721875 0.390625 0.390625
1 0.32578125 0.690625 0.1171875 0.390625
1 0.540625 0.38671875 0.390625 0.1421875
1 0.45625 0.65 0.190625 0.390625
1 0.4765625 0.4875 0.390625 0.24375
1 0.3765625 0.38125 0.390625 0.125
1 0.4203125 0.1890625 0.390625 0.246875
0 0.2484375 0.8046875 0.390625 0.390625
1 0.61171875 0.6421875 0.2359375 0.390625
0 0.2875 0.73125 0.390625 0.390625