1 0.7734375 0.31796875 0.390625 0.2046875
0 0.3390625 0.409375 0.390625 0.390625
1 0.75703125 0.49375 0.1859375 0.390625
0 0.7453125 0.35 0.390625 0.390625
0 0.790625 0.4828125 0.390625 0.390625
0 0.6703125 0.51875 0.390625 0.390625
0 0.434375 0.390625 0.390625 0.390625
1 0.86015625 0.4234375 0.2171875 0.390625
0 0.403125 0.271875 0.390625 0.390625
1 0.3578125 0.31015625 0.390625 0.2484375
0 0.2953125 0.778125 0.390625 0.390625
0 0.6921875 0.259375 0.390625 0.390625
1 0.86796875 0.3609375 0.1546875 0.390625
1 0.30625 0.62421875 0.390625 0.1234375
0 0.2453125 0.7546875 0.390625 0.390625
0 0.6890625 0.625 0.390625 0.390625
0 0.634375 0.21875 0.390625 0.390625
1 0.75 0.171875 0.390625 0.21875
1 0.4296875 0.475 0.390625 0.228125
1 0.44375 0.67890625 0.390625 0.2453125
1 0.32578125 0.796875 0.1453125 0.390625
0 0.6765625 0.23125 0.390625 0.390625
1 0.3671875 0.275 0.26875 0.390625
0 0.7359375 0.4265625 0.390625 0.390625
1 0.41640625 0.371875 0.2046875 0.390625
1 0.28125 0.29765625 0.390625 0.1328125
1 0.303125 0.4609375 0.215625 0.390625
1 0.3453125 0.24296875 0.390625 0.1421875
0 0.65 0.759375 0.390625 0.390625
0 0.8046875 0.4109375 0.390625 0.390625
1 0.8046875 0.41015625 0.390625 0.1421875
1 0.403125 0.2515625 0.390625 0.159375
1 0.846875 0.3265625 0.24375 0.390625
1 0.346875 0.715625 0.271875 0.390625
1 0.6546875 0.5046875 0.153125 0.390625
1 0.48046875 0.228125 0.2546875 0.390625
0 0.4109375 0.203125 0.390625 0.390625
0 0.325 0.3125 0.390625 0.390625
1 0.278125 0.6921875 0.15625 0.390625
0 0.8046875 0.3859375 0.390625 0.390625
0 0.44375 0.8046875 0.390625 0.390625
0 0.3 0.70625 0.390625 0.390625
0 0.71875 0.3515625 0.390625 0.390625
1 0.40390625 0.3484375 0.2078125 0.390625
1 0.76484375 0.4703125 0.2546875 0.390625
1 0.309375 0.2578125 0.390625 0.2375
1 0.8125 0.4171875 0.196875 0.390625
0 0.8046875 0.35 0.390625 0.390625
1 0.4125 0.3671875 0.390625 0.175
1 0.790625 0.48828125 0.390625 0.1484375