0 0.746875 0.246875 0.390625 0.390625
1 0.14296875 0.4828125 0.1203125 0.390625
0 0.5171875 0.2296875 0.390625 0.390625
1 0.584375 0.13359375 0.390625 0.2046875
1 0.2140625 0.7625 0.13125 0.390625
0 0.271875 0.4640625 0.390625 0.390625
1 0.2390625 0.61484375 0.390625 0.1390625
0 0.759375 0.7125 0.390625 0.390625
1 0.1984375 0.7703125 0.128125 0.390625
1 0.22421875 0.3921875 0.1265625 0.390625
0 0.5625 0.29375 0.390625 0.390625
0 0.5265625 0.296875 0.390625 0.390625
1 0.56875 0.80859375 0.390625 0.2390625
1 0.25078125 0.5125 0.2265625 0.390625
0 0.240625 0.3859375 0.390625 0.390625