0 0.2234375 0.8046875 0.390625 0.390625
1 0.75 0.33671875 0.390625 0.2390625
0 0.2 0.8046875 0.390625 0.390625
1 0.2875 0.8046875 0.25 0.390625
1 0.28359375 0.3640625 0.1515625 0.390625
1 0.4484375 0.4875 0.390625 0.165625
0 0.3484375 0.8046875 0.390625 0.390625
0 0.24375 0.25 0.390625 0.390625
1 0.53515625 0.7515625 0.2296875 0.390625
1 0.12421875 0.7765625 0.1890625 0.390625
1 0.25078125 0.784375 0.1890625 0.390625
0 0.240625 0.246875 0.390625 0.390625
0 0.3328125 0.7828125 0.390625 0.390625
0 0.234375 0.696875 0.390625 0.390625
0 0.5953125 0.7109375 0.390625 0.390625
1 0.33515625 0.340625 0.2703125 0.390625
1 0.353125 0.3125 0.15 0.390625
0 0.3046875 0.25 0.390625 0.390625
0 0.553125 0.5984375 0.390625 0.390625
1 0.29609375 0.325 0.1578125 0.390625
1 0.2640625 0.746875 0.209375 0.390625
1 0.59609375 0.58125 0.1671875 0.390625
1 0.34140625 0.8015625 0.2296875 0.390625
1 0.2125 0.7671875 0.390625 0.203125
1 0.225 0.8640625 0.390625 0.125
1 0.409375 0.61484375 0.390625 0.2046875
0 0.259375 0.8046875 0.390625 0.390625
1 0.28046875 0.728125 0.1328125 0.390625
0 0.21875 0.7453125 0.390625 0.390625
1 0.259375 0.253125 0.390625 0.26875
1 0.2796875 0.7828125 0.390625 0.1625
0 0.3140625 0.6 0.390625 0.390625
1 0.1953125 0.73125 0.390625 0.178125
1 0.15 0.7734375 0.253125 0.390625
1 0.2046875 0.3078125 0.390625 0.253125
1 0.51953125 0.628125 0.1671875 0.390625
1 0.3515625 0.28671875 0.390625 0.2390625
1 0.11484375 0.7921875 0.1328125 0.390625
1 0.3234375 0.8046875 0.134375 0.390625
0 0.209375 0.696875 0.390625 0.390625
1 0.184375 0.8046875 0.134375 0.390625
1 0.6 0.5046875 0.390625 0.21875
0 0.2484375 0.8046875 0.390625 0.390625
1 0.1953125 0.84375 0.390625 0.24375
0 0.775 0.7890625 0.390625 0.390625
1 0.628125 0.72265625 0.390625 0.2078125
0 0.2265625 0.7453125 0.390625 0.390625
1 0.265625 0.26796875 0.390625 0.2140625
0 0.228125 0.7625 0.390625 0.390625
1 0.25625 0.82265625 0.390625 0.1640625