1 0.565625 0.6234375 0.390625 0.13125
1 0.18515625 0.50625 0.1296875 0.390625
1 0.5234375 0.6234375 0.390625 0.225
0 0.7234375 0.271875 0.390625 0.390625
0 0.4296875 0.39375 0.390625 0.390625
0 0.7 0.690625 0.390625 0.390625
1 0.259375 0.17421875 0.390625 0.1859375
0 0.3859375 0.4375 0.390625 0.390625
1 0.4328125 0.7265625 0.390625 0.11875
1 0.559375 0.5890625 0.390625 0.171875
0 0.43125 0.665625 0.390625 0.390625
1 0.1765625 0.309375 0.221875 0.390625
1 0.525 0.3875 0.1625 0.390625
1 0.2125 0.6375 0.209375 0.390625
0 0.39375 0.309375 0.390625 0.390625