0 0.721875 0.8046875 0.390625 0.390625
1 0.696875 0.4625 0.390625 0.15625
0 0.5703125 0.7171875 0.390625 0.390625
1 0.5171875 0.575 0.25 0.390625
0 0.8046875 0.8046875 0.390625 0.390625
1 0.68828125 0.8046875 0.2078125 0.390625
0 0.2875 0.2609375 0.390625 0.390625
0 0.1984375 0.7109375 0.390625 0.390625
0 0.5984375 0.440625 0.390625 0.390625
0 0.8046875 0.2421875 0.390625 0.390625
0 0.74375 0.8015625 0.390625 0.390625
0 0.7625 0.278125 0.390625 0.390625
0 0.56875 0.2015625 0.390625 0.390625
0 0.8046875 0.3609375 0.390625 0.390625
1 0.16484375 0.3578125 0.2296875 0.390625
0 0.796875 0.4390625 0.390625 0.390625
1 0.7515625 0.4078125 0.390625 0.15625
1 0.4328125 0.29296875 0.390625 0.1265625
0 0.4578125 0.5515625 0.390625 0.390625
0 0.659375 0.8046875 0.390625 0.390625
0 0.8046875 0.2859375 0.390625 0.390625
0 0.5546875 0.1953125 0.390625 0.390625
1 0.2890625 0.65625 0.390625 0.21875
1 0.4859375 0.18046875 0.390625 0.2453125
1 0.7421875 0.84765625 0.390625 0.1296875
1 0.709375 0.8046875 0.159375 0.390625
1 0.68984375 0.5015625 0.1203125 0.390625
0 0.746875 0.71875 0.390625 0.390625
0 0.4984375 0.1953125 0.390625 0.390625
1 0.8046875 0.265625 0.390625 0.1875
1 0.72265625 0.8046875 0.1515625 0.390625
1 0.86640625 0.3078125 0.1984375 0.390625
1 0.6703125 0.40703125 0.390625 0.2546875
1 0.51875 0.2125 0.125 0.390625
1 0.784375 0.47421875 0.390625 0.1328125
0 0.553125 0.1953125 0.390625 0.390625
0 0.6984375 0.8046875 0.390625 0.390625
1 0.7296875 0.78203125 0.390625 0.1734375
1 0.5421875 0.3796875 0.390625 0.125
0 0.8046875 0.8046875 0.390625 0.390625
1 0.5359375 0.278125 0.390625 0.18125
1 0.409375 0.4453125 0.390625 0.140625
1 0.63125 0.4671875 0.18125 0.390625
0 0.665625 0.5796875 0.390625 0.390625
1 0.55703125 0.1953125 0.1953125 0.390625
0 0.76875 0.215625 0.390625 0.390625
0 0.728125 0.8046875 0.390625 0.390625
1 0.4734375 0.203125 0.20625 0.390625
1 0.79375 0.2015625 0.234375 0.390625
0 0.7 0.4859375 0.390625 0.390625