0 0.6015625 0.2859375 0.390625 0.390625
0 0.6984375 0.23125 0.390625 0.390625
0 0.4890625 0.5578125 0.390625 0.390625
0 0.4859375 0.5296875 0.390625 0.390625
0 0.59375 0.7578125 0.390625 0.390625
0 0.7140625 0.41875 0.390625 0.390625
1 0.50625 0.65546875 0.390625 0.1359375
1 0.425 0.50703125 0.390625 0.1296875
0 0.2546875 0.58125 0.390625 0.390625
0 0.34375 0.41875 0.390625 0.390625
0 0.2828125 0.3109375 0.390625 0.390625
0 0.7828125 0.584375 0.390625 0.390625
0 0.653125 0.675 0.390625 0.390625
0 0.4609375 0.1953125 0.390625 0.390625
1 0.84375 0.2625 0.2125 0.390625