0 0.271875 0.6421875 0.390625 0.390625
0 0.6015625 0.346875 0.390625 0.390625
0 0.721875 0.2359375 0.390625 0.390625
1 0.5796875 0.55703125 0.390625 0.1703125
1 0.5234375 0.32734375 0.390625 0.2578125
1 0.6234375 0.77890625 0.390625 0.1953125
0 0.45625 0.3 0.390625 0.390625
0 0.425 0.7765625 0.390625 0.390625
0 0.2171875 0.28125 0.390625 0.390625
1 0.2546875 0.3734375 0.390625 0.140625
1 0.73203125 0.6 0.2328125 0.390625
1 0.3578125 0.51328125 0.390625 0.1953125
1 0.46796875 0.6671875 0.1734375 0.390625
0 0.325 0.6390625 0.390625 0.390625
1 0.70703125 0.4359375 0.2703125 0.390625