1 0.39375 0.72421875 0.390625 0.1640625
1 0.753125 0.3796875 0.16875 0.390625
1 0.56875 0.6421875 0.234375 0.390625
1 0.1953125 0.40703125 0.390625 0.1296875
0 0.3328125 0.6453125 0.390625 0.390625
1 0.134375 0.390625 0.15625 0.390625
0 0.6875 0.3640625 0.390625 0.390625
1 0.6 0.66953125 0.390625 0.1328125
1 0.6453125 0.209375 0.140625 0.390625
1 0.4578125 0.7703125 0.390625 0.1375
0 0.475 0.6078125 0.390625 0.390625
0 0.4921875 0.696875 0.390625 0.390625
0 0.1953125 0.4484375 0.390625 0.390625
0 0.5828125 0.2328125 0.390625 0.390625
0 0.1953125 0.4234375 0.390625 0.390625
0 0.7859375 0.4265625 0.390625 0.390625
1 0.2265625 0.55390625 0.390625 0.1828125
1 0.6765625 0.3296875 0.209375 0.390625
1 0.409375 0.590625 0.2375 0.390625
1 0.7671875 0.73125 0.390625 0.190625
1 0.5078125 0.4671875 0.2125 0.390625
1 0.4375 0.6171875 0.2375 0.390625
0 0.5546875 0.8046875 0.390625 0.390625
1 0.58515625 0.796875 0.2046875 0.390625
0 0.7234375 0.4203125 0.390625 0.390625
1 0.665625 0.2296875 0.271875 0.390625
1 0.4984375 0.7140625 0.390625 0.20625
1 0.22421875 0.41875 0.1546875 0.390625
1 0.7625 0.2984375 0.25625 0.390625
1 0.6375 0.4265625 0.26875 0.390625
1 0.66875 0.4765625 0.265625 0.390625
0 0.509375 0.8015625 0.390625 0.390625
1 0.8046875 0.37578125 0.390625 0.2640625
0 0.665625 0.3609375 0.390625 0.390625
1 0.621875 0.68828125 0.390625 0.1515625
0 0.4 0.7671875 0.390625 0.390625
1 0.084375 0.4265625 0.16875 0.390625
0 0.38125 0.6625 0.390625 0.390625
0 0.6890625 0.6046875 0.390625 0.390625
1 0.3671875 0.621875 0.390625 0.196875
0 0.390625 0.625 0.390625 0.390625
1 0.6 0.73828125 0.390625 0.2484375
1 0.66484375 0.2890625 0.2546875 0.390625
1 0.3265625 0.7359375 0.125 0.390625
1 0.1953125 0.38515625 0.390625 0.2265625
0 0.653125 0.73125 0.390625 0.390625
0 0.665625 0.59375 0.390625 0.390625
0 0.6484375 0.509375 0.390625 0.390625
1 0.70625 0.78984375 0.390625 0.2703125
1 0.6765625 0.79921875 0.390625 0.2546875