1 0.6890625 0.50703125 0.390625 0.2703125
1 0.7609375 0.6390625 0.21875 0.390625
0 0.709375 0.5546875 0.390625 0.390625
1 0.77734375 0.4296875 0.1546875 0.390625
1 0.7671875 0.32421875 0.390625 0.1828125
0 0.54375 0.60625 0.390625 0.390625
1 0.85703125 0.2875 0.2390625 0.390625
0 0.5625 0.5640625 0.390625 0.390625
1 0.234375 0.8234375 0.390625 0.23125
0 0.7875 0.490625 0.390625 0.390625
0 0.765625 0.690625 0.390625 0.390625
1 0.1953125 0.35625 0.390625 0.24375
0 0.7203125 0.5578125 0.390625 0.390625
0 0.6796875 0.4984375 0.390625 0.390625
1 0.66640625 0.2984375 0.2546875 0.390625
1 0.665625 0.2921875 0.390625 0.121875
0 0.8046875 0.5109375 0.390625 0.390625
1 0.615625 0.6265625 0.390625 0.134375
1 0.5359375 0.553125 0.390625 0.2625
1 0.17890625 0.1953125 0.2703125 0.390625
1 0.80390625 0.34375 0.2421875 0.390625
1 0.7078125 0.20859375 0.390625 0.1671875
0 0.571875 0.46875 0.390625 0.390625
0 0.4796875 0.6328125 0.390625 0.390625
1 0.49140625 0.275 0.1203125 0.390625
1 0.7375 0.67890625 0.390625 0.2578125
1 0.8515625 0.6796875 0.14375 0.390625
0 0.34375 0.228125 0.390625 0.390625
1 0.203125 0.2546875 0.159375 0.390625
1 0.575 0.6765625 0.390625 0.2375
1 0.7640625 0.221875 0.390625 0.25625
0 0.303125 0.390625 0.390625 0.390625
0 0.1953125 0.278125 0.390625 0.390625
0 0.2546875 0.2375 0.390625 0.390625
0 0.7171875 0.3546875 0.390625 0.390625
1 0.675 0.30546875 0.390625 0.2546875
1 0.6984375 0.7171875 0.390625 0.253125
0 0.334375 0.2421875 0.390625 0.390625
0 0.7265625 0.5078125 0.390625 0.390625
1 0.74921875 0.253125 0.1609375 0.390625
1 0.684375 0.7546875 0.11875 0.390625
1 0.5578125 0.6515625 0.390625 0.16875
1 0.3015625 0.2015625 0.234375 0.390625
1 0.60625 0.6390625 0.390625 0.178125
1 0.5765625 0.59453125 0.390625 0.1453125
0 0.771875 0.503125 0.390625 0.390625
1 0.6203125 0.6078125 0.21875 0.390625
0 0.6984375 0.2421875 0.390625 0.390625
1 0.28203125 0.1953125 0.2609375 0.390625
0 0.6640625 0.2828125 0.390625 0.390625