1 0.53125 0.49296875 0.390625 0.1578125
0 0.4265625 0.60625 0.390625 0.390625
1 0.45390625 0.7390625 0.1453125 0.390625
0 0.48125 0.728125 0.390625 0.390625
0 0.4734375 0.5578125 0.390625 0.390625
1 0.3859375 0.765625 0.390625 0.234375
1 0.5859375 0.36015625 0.390625 0.2015625
1 0.24140625 0.6 0.1265625 0.390625
1 0.3578125 0.54140625 0.390625 0.1171875
1 0.7625 0.6953125 0.390625 0.140625
1 0.2859375 0.64609375 0.390625 0.1578125
1 0.36875 0.7984375 0.390625 0.134375
0 0.4125 0.7609375 0.390625 0.390625
0 0.75 0.428125 0.390625 0.390625
0 0.471875 0.5984375 0.390625 0.390625
0 0.55625 0.7171875 0.390625 0.390625
0 0.4609375 0.4390625 0.390625 0.390625
0 0.5890625 0.725 0.390625 0.390625
0 0.41875 0.5921875 0.390625 0.390625
1 0.315625 0.7875 0.390625 0.13125
0 0.4765625 0.575 0.390625 0.390625
1 0.4046875 0.5640625 0.390625 0.2
0 0.5125 0.553125 0.390625 0.390625
0 0.4203125 0.8046875 0.390625 0.390625
0 0.3625 0.6828125 0.390625 0.390625
0 0.1953125 0.5328125 0.390625 0.390625
0 0.5296875 0.25625 0.390625 0.390625
1 0.375 0.69765625 0.390625 0.2171875
0 0.303125 0.5234375 0.390625 0.390625
0 0.4453125 0.559375 0.390625 0.390625
1 0.20546875 0.7625 0.1265625 0.390625
1 0.7921875 0.49453125 0.390625 0.2109375
1 0.4640625 0.49296875 0.390625 0.2546875
0 0.2890625 0.6859375 0.390625 0.390625
0 0.3375 0.7375 0.390625 0.390625
1 0.7015625 0.85078125 0.390625 0.1234375
1 0.79921875 0.3515625 0.2078125 0.390625
0 0.409375 0.6203125 0.390625 0.390625
0 0.371875 0.521875 0.390625 0.390625
1 0.5109375 0.48515625 0.390625 0.2265625
1 0.12890625 0.46875 0.2578125 0.390625
1 0.50625 0.76953125 0.390625 0.2015625
1 0.25390625 0.653125 0.2703125 0.390625
1 0.53359375 0.403125 0.1296875 0.390625
1 0.4234375 0.55625 0.13125 0.390625
0 0.3203125 0.525 0.390625 0.390625
1 0.3734375 0.5109375 0.215625 0.390625
1 0.26015625 0.5515625 0.1890625 0.390625
1 0.4984375 0.48203125 0.390625 0.1984375
0 0.3 0.5328125 0.390625 0.390625