0 0.1953125 0.4296875 0.390625 0.390625
0 0.2546875 0.5765625 0.390625 0.390625
0 0.490625 0.8046875 0.390625 0.390625
1 0.684375 0.5203125 0.390625 0.265625
0 0.1953125 0.321875 0.390625 0.390625
0 0.8 0.4375 0.390625 0.390625
0 0.4484375 0.7828125 0.390625 0.390625
1 0.49765625 0.68125 0.2328125 0.390625
1 0.73359375 0.4734375 0.2578125 0.390625
0 0.7 0.5171875 0.390625 0.390625
1 0.1953125 0.39765625 0.390625 0.2390625
0 0.1953125 0.3765625 0.390625 0.390625
0 0.4828125 0.7734375 0.390625 0.390625
0 0.4109375 0.4421875 0.390625 0.390625
1 0.6421875 0.2984375 0.159375 0.390625
0 0.4734375 0.8046875 0.390625 0.390625
0 0.7796875 0.2109375 0.390625 0.390625
1 0.340625 0.765625 0.390625 0.121875
1 0.228125 0.37265625 0.390625 0.1671875
1 0.5078125 0.7453125 0.390625 0.26875
1 0.165625 0.640625 0.125 0.390625
0 0.2875 0.271875 0.390625 0.390625
0 0.74375 0.5765625 0.390625 0.390625
0 0.7390625 0.3515625 0.390625 0.390625
0 0.1953125 0.44375 0.390625 0.390625
0 0.2109375 0.378125 0.390625 0.390625
0 0.2 0.3703125 0.390625 0.390625
1 0.6203125 0.59609375 0.390625 0.2140625
0 0.3421875 0.45625 0.390625 0.390625
1 0.1953125 0.4921875 0.390625 0.121875
0 0.590625 0.6609375 0.390625 0.390625
1 0.2375 0.44375 0.390625 0.128125
0 0.6578125 0.803125 0.390625 0.390625
1 0.65078125 0.6171875 0.1515625 0.390625
1 0.259375 0.45546875 0.390625 0.2515625
1 0.13984375 0.3796875 0.1921875 0.390625
0 0.7890625 0.2359375 0.390625 0.390625
0 0.7046875 0.6296875 0.390625 0.390625
0 0.55625 0.6390625 0.390625 0.390625
1 0.640625 0.5234375 0.225 0.390625
1 0.3296875 0.22109375 0.390625 0.1515625
1 0.56171875 0.659375 0.2390625 0.390625
1 0.3953125 0.8671875 0.390625 0.265625
0 0.7171875 0.2015625 0.390625 0.390625
0 0.6203125 0.7328125 0.390625 0.390625
1 0.7671875 0.0921875 0.390625 0.178125
0 0.4015625 0.6953125 0.390625 0.390625
0 0.65 0.228125 0.390625 0.390625
1 0.2359375 0.3625 0.390625 0.146875
0 0.43125 0.8046875 0.390625 0.390625