1 0.4828125 0.69609375 0.390625 0.2203125
1 0.46875 0.6890625 0.390625 0.184375
0 0.50625 0.1953125 0.390625 0.390625
1 0.459375 0.259375 0.390625 0.21875
1 0.1953125 0.7875 0.390625 0.25
1 0.671875 0.1015625 0.390625 0.2
1 0.69140625 0.59375 0.2484375 0.390625
1 0.13125 0.8046875 0.259375 0.390625
0 0.646875 0.5359375 0.390625 0.390625
1 0.703125 0.56015625 0.390625 0.1359375
0 0.565625 0.459375 0.390625 0.390625
0 0.7453125 0.5390625 0.390625 0.390625
0 0.65 0.1953125 0.390625 0.390625
1 0.42265625 0.3140625 0.1421875 0.390625
0 0.1953125 0.7734375 0.390625 0.390625
1 0.6546875 0.1953125 0.25 0.390625
0 0.2140625 0.78125 0.390625 0.390625
0 0.1953125 0.7828125 0.390625 0.390625
1 0.7859375 0.54140625 0.390625 0.1953125
0 0.6046875 0.221875 0.390625 0.390625
1 0.5828125 0.1953125 0.19375 0.390625
0 0.5484375 0.23125 0.390625 0.390625
1 0.88671875 0.578125 0.1234375 0.390625
0 0.8046875 0.4515625 0.390625 0.390625
0 0.696875 0.6890625 0.390625 0.390625
1 0.8046875 0.5953125 0.390625 0.253125
1 0.6890625 0.60625 0.390625 0.171875
1 0.346875 0.471875 0.15625 0.390625
1 0.74140625 0.5234375 0.1953125 0.390625
1 0.8 0.5046875 0.240625 0.390625
0 0.56875 0.1953125 0.390625 0.390625
1 0.125 0.74375 0.178125 0.390625
0 0.665625 0.4515625 0.390625 0.390625
1 0.3078125 0.796875 0.253125 0.390625
1 0.08359375 0.7 0.1671875 0.390625
0 0.76875 0.6078125 0.390625 0.390625
0 0.321875 0.7640625 0.390625 0.390625
0 0.68125 0.2890625 0.390625 0.390625
0 0.1953125 0.7421875 0.390625 0.390625
0 0.2828125 0.8046875 0.390625 0.390625
1 0.4703125 0.1953125 0.134375 0.390625
1 0.765625 0.5140625 0.390625 0.13125
0 0.1953125 0.753125 0.390625 0.390625
0 0.8046875 0.484375 0.390625 0.390625
1 0.1953125 0.746875 0.390625 0.128125
0 0.2234375 0.8046875 0.390625 0.390625
1 0.74921875 0.315625 0.1515625 0.390625
1 0.60390625 0.303125 0.1421875 0.390625
0 0.5421875 0.1953125 0.390625 0.390625
1 0.609375 0.3625 0.390625 0.2375