1 0.5 0.16015625 0.390625 0.1203125
1 0.12109375 0.3671875 0.1921875 0.390625
1 0.3109375 0.79609375 0.390625 0.2703125
1 0.3875 0.3703125 0.121875 0.390625
0 0.3203125 0.5171875 0.390625 0.390625
1 0.575 0.546875 0.146875 0.390625
0 0.496875 0.4234375 0.390625 0.390625
0 0.684375 0.4890625 0.390625 0.390625
1 0.6609375 0.434375 0.19375 0.390625
1 0.25859375 0.6546875 0.2515625 0.390625
1 0.4328125 0.628125 0.390625 0.21875
1 0.4859375 0.2421875 0.390625 0.125
0 0.4765625 0.2671875 0.390625 0.390625
0 0.5234375 0.35625 0.390625 0.390625
0 0.44375 0.48125 0.390625 0.390625