0 0.371875 0.784375 0.390625 0.390625
1 0.0640625 0.36875 0.128125 0.390625
0 0.56875 0.571875 0.390625 0.390625
0 0.640625 0.78125 0.390625 0.390625
1 0.278125 0.6375 0.390625 0.25
0 0.3796875 0.215625 0.390625 0.390625
1 0.665625 0.67109375 0.390625 0.2421875
1 0.6765625 0.5015625 0.390625 0.121875
1 0.2421875 0.43046875 0.390625 0.1515625
0 0.4046875 0.3984375 0.390625 0.390625
0 0.646875 0.2859375 0.390625 0.390625
0 0.28125 0.434375 0.390625 0.390625
0 0.7578125 0.7234375 0.390625 0.390625
0 0.525 0.434375 0.390625 0.390625
1 0.79375 0.8546875 0.390625 0.19375