0 0.671875 0.228125 0.390625 0.390625
0 0.271875 0.4953125 0.390625 0.390625
0 0.546875 0.65 0.390625 0.390625
0 0.6546875 0.640625 0.390625 0.390625
0 0.4578125 0.4890625 0.390625 0.390625
1 0.603125 0.396875 0.190625 0.390625
0 0.4578125 0.771875 0.390625 0.390625
0 0.528125 0.453125 0.390625 0.390625
0 0.4828125 0.2109375 0.390625 0.390625
0 0.7859375 0.5359375 0.390625 0.390625
1 0.75 0.62734375 0.390625 0.1546875
0 0.246875 0.41875 0.390625 0.390625
0 0.4921875 0.7546875 0.390625 0.390625
1 0.13359375 0.665625 0.2671875 0.390625
1 0.2484375 0.446875 0.390625 0.225