0 0.646875 0.346875 0.390625 0.390625
0 0.8046875 0.6375 0.390625 0.390625
1 0.1953125 0.71484375 0.390625 0.1390625
1 0.6171875 0.33046875 0.390625 0.2265625
0 0.1953125 0.7125 0.390625 0.390625
1 0.1953125 0.3328125 0.390625 0.1375
1 0.5421875 0.75078125 0.390625 0.1421875
0 0.6375 0.3296875 0.390625 0.390625
1 0.746875 0.31875 0.2625 0.390625
1 0.221875 0.43359375 0.390625 0.2234375
1 0.29375 0.83515625 0.390625 0.2234375
0 0.1953125 0.78125 0.390625 0.390625
1 0.7546875 0.7 0.20625 0.390625
1 0.25859375 0.703125 0.2453125 0.390625
0 0.6640625 0.3546875 0.390625 0.390625
0 0.6234375 0.409375 0.390625 0.390625
0 0.2671875 0.3578125 0.390625 0.390625
0 0.3265625 0.3375 0.390625 0.390625
0 0.490625 0.6484375 0.390625 0.390625
1 0.221875 0.24375 0.390625 0.13125
1 0.478125 0.66875 0.390625 0.134375
0 0.2734375 0.3078125 0.390625 0.390625
1 0.1953125 0.26171875 0.390625 0.2484375
1 0.11015625 0.3765625 0.2171875 0.390625
0 0.4234375 0.8046875 0.390625 0.390625
1 0.246875 0.340625 0.14375 0.390625
0 0.5515625 0.6015625 0.390625 0.390625
1 0.2 0.6828125 0.390625 0.259375
1 0.6984375 0.6296875 0.390625 0.18125
1 0.4890625 0.69609375 0.390625 0.1796875
1 0.6765625 0.753125 0.240625 0.390625
0 0.1953125 0.7078125 0.390625 0.390625
0 0.803125 0.7171875 0.390625 0.390625
1 0.35078125 0.2015625 0.1609375 0.390625
1 0.2125 0.775 0.390625 0.146875
0 0.725 0.66875 0.390625 0.390625
0 0.7796875 0.4265625 0.390625 0.390625
0 0.5765625 0.390625 0.390625 0.390625
0 0.559375 0.2265625 0.390625 0.390625
1 0.3421875 0.45859375 0.390625 0.1328125
1 0.678125 0.490625 0.390625 0.15625
1 0.6140625 0.3125 0.190625 0.390625
0 0.459375 0.60625 0.390625 0.390625
1 0.2328125 0.13515625 0.390625 0.1265625
1 0.18515625 0.715625 0.1890625 0.390625
0 0.6046875 0.39375 0.390625 0.390625
0 0.209375 0.8046875 0.390625 0.390625
1 0.23203125 0.703125 0.2171875 0.390625
1 0.659375 0.3671875 0.1625 0.390625
1 0.53984375 0.7328125 0.2078125 0.390625