1 0.6765625 0.26171875 0.390625 0.2421875
1 0.590625 0.409375 0.390625 0.215625
1 0.8015625 0.4328125 0.271875 0.390625
1 0.7671875 0.2296875 0.215625 0.390625
1 0.428125 0.3421875 0.19375 0.390625
0 0.5625 0.684375 0.390625 0.390625
0 0.196875 0.465625 0.390625 0.390625
1 0.421875 0.6765625 0.140625 0.390625
0 0.3953125 0.4328125 0.390625 0.390625
0 0.6015625 0.8 0.390625 0.390625
0 0.4 0.2 0.390625 0.390625
0 0.5328125 0.3125 0.390625 0.390625
0 0.653125 0.5828125 0.390625 0.390625
1 0.4546875 0.128125 0.390625 0.11875
0 0.7109375 0.784375 0.390625 0.390625