0 0.6234375 0.8046875 0.390625 0.390625
1 0.6828125 0.73515625 0.390625 0.2671875
0 0.796875 0.8046875 0.390625 0.390625
0 0.4734375 0.5734375 0.390625 0.390625
0 0.76875 0.778125 0.390625 0.390625
1 0.7453125 0.81328125 0.390625 0.1671875
0 0.6765625 0.196875 0.390625 0.390625
0 0.5765625 0.7921875 0.390625 0.390625
1 0.7125 0.803125 0.159375 0.390625
0 0.721875 0.7328125 0.390625 0.390625
1 0.42109375 0.525 0.2546875 0.390625
0 0.7796875 0.7265625 0.390625 0.390625
1 0.64453125 0.8046875 0.2609375 0.390625
0 0.3125 0.546875 0.390625 0.390625
0 0.2265625 0.534375 0.390625 0.390625
0 0.4 0.734375 0.390625 0.390625
1 0.325 0.8078125 0.390625 0.159375
1 0.1453125 0.465625 0.18125 0.390625
1 0.278125 0.596875 0.13125 0.390625
1 0.5046875 0.47734375 0.390625 0.2453125
0 0.1984375 0.61875 0.390625 0.390625
1 0.10234375 0.5375 0.1953125 0.390625
1 0.5421875 0.7 0.390625 0.1375
0 0.334375 0.5421875 0.390625 0.390625
1 0.43125 0.39921875 0.390625 0.1890625
0 0.6625 0.8046875 0.390625 0.390625
0 0.6328125 0.7546875 0.390625 0.390625
1 0.68046875 0.44375 0.1953125 0.390625
0 0.78125 0.8046875 0.390625 0.390625
1 0.671875 0.8046875 0.215625 0.390625
1 0.4734375 0.784375 0.390625 0.125
1 0.375 0.4328125 0.390625 0.259375
1 0.69296875 0.690625 0.1765625 0.390625
0 0.1953125 0.6265625 0.390625 0.390625
1 0.55234375 0.8046875 0.2234375 0.390625
0 0.7015625 0.8046875 0.390625 0.390625
1 0.5203125 0.2421875 0.125 0.390625
1 0.240625 0.6015625 0.221875 0.390625
1 0.7390625 0.8046875 0.228125 0.390625
1 0.6875 0.75703125 0.390625 0.1421875
0 0.3203125 0.48125 0.390625 0.390625
0 0.4703125 0.7640625 0.390625 0.390625
1 0.38984375 0.4453125 0.1171875 0.390625
1 0.60625 0.7859375 0.390625 0.259375
1 0.6515625 0.8875 0.390625 0.13125
0 0.365625 0.76875 0.390625 0.390625
1 0.7703125 0.81015625 0.390625 0.1765625
1 0.6109375 0.8734375 0.390625 0.253125
1 0.78359375 0.8046875 0.1890625 0.390625
0 0.346875 0.615625 0.390625 0.390625