1 0.63125 0.62734375 0.390625 0.2578125
1 0.2296875 0.2328125 0.390625 0.175
0 0.234375 0.6984375 0.390625 0.390625
1 0.3 0.73515625 0.390625 0.1609375
1 0.23671875 0.3953125 0.1703125 0.390625
0 0.5578125 0.5734375 0.390625 0.390625
0 0.559375 0.3171875 0.390625 0.390625
1 0.2421875 0.834375 0.390625 0.209375
1 0.24609375 0.2921875 0.1265625 0.390625
0 0.55 0.575 0.390625 0.390625
1 0.3515625 0.903125 0.390625 0.13125
1 0.128125 0.4765625 0.1375 0.390625
1 0.3265625 0.2921875 0.196875 0.390625
1 0.525 0.35625 0.390625 0.2375
0 0.209375 0.68125 0.390625 0.390625
1 0.215625 0.7609375 0.390625 0.13125
0 0.6140625 0.665625 0.390625 0.390625
1 0.31171875 0.4015625 0.1734375 0.390625
1 0.546875 0.6578125 0.140625 0.390625
0 0.2671875 0.2796875 0.390625 0.390625
1 0.17890625 0.4109375 0.1640625 0.390625
0 0.2734375 0.3640625 0.390625 0.390625
0 0.2875 0.2890625 0.390625 0.390625
0 0.25625 0.246875 0.390625 0.390625
0 0.2671875 0.571875 0.390625 0.390625
0 0.2109375 0.7375 0.390625 0.390625
1 0.303125 0.2765625 0.190625 0.390625
0 0.1953125 0.3078125 0.390625 0.390625
0 0.5671875 0.5203125 0.390625 0.390625
1 0.23046875 0.425 0.1359375 0.390625
1 0.25 0.33984375 0.390625 0.1296875
1 0.5015625 0.6265625 0.171875 0.390625
0 0.5359375 0.678125 0.390625 0.390625
0 0.1953125 0.1953125 0.390625 0.390625
0 0.565625 0.6 0.390625 0.390625
0 0.528125 0.5828125 0.390625 0.390625
0 0.553125 0.6609375 0.390625 0.390625
0 0.26875 0.259375 0.390625 0.390625
1 0.8359375 0.6796875 0.23125 0.390625
0 0.5828125 0.640625 0.390625 0.390625
0 0.4734375 0.5171875 0.390625 0.390625
0 0.1953125 0.3453125 0.390625 0.390625
0 0.2078125 0.2046875 0.390625 0.390625
1 0.2734375 0.271875 0.390625 0.11875
1 0.1953125 0.378125 0.240625 0.390625
1 0.6328125 0.73125 0.390625 0.1375
0 0.5859375 0.6453125 0.390625 0.390625
0 0.4 0.771875 0.390625 0.390625
1 0.8546875 0.6421875 0.253125 0.390625
1 0.3953125 0.303125 0.259375 0.390625