0 0.7328125 0.453125 0.390625 0.390625
0 0.2796875 0.3890625 0.390625 0.390625
0 0.39375 0.496875 0.390625 0.390625
1 0.590625 0.409375 0.259375 0.390625
0 0.1953125 0.378125 0.390625 0.390625
1 0.2359375 0.39375 0.390625 0.225
1 0.390625 0.3828125 0.21875 0.390625
1 0.1515625 0.240625 0.265625 0.390625
0 0.2328125 0.275 0.390625 0.390625
1 0.58046875 0.23125 0.2015625 0.390625
0 0.23125 0.3375 0.390625 0.390625
1 0.60625 0.67109375 0.390625 0.1921875
0 0.3734375 0.603125 0.390625 0.390625
0 0.5796875 0.6734375 0.390625 0.390625
0 0.3890625 0.59375 0.390625 0.390625
0 0.6015625 0.6578125 0.390625 0.390625
0 0.3203125 0.5421875 0.390625 0.390625
1 0.5671875 0.57734375 0.390625 0.1859375
0 0.1953125 0.3078125 0.390625 0.390625
1 0.325 0.35234375 0.390625 0.2671875
1 0.2359375 0.4234375 0.196875 0.390625
1 0.1953125 0.54140625 0.390625 0.1421875
0 0.1953125 0.3109375 0.390625 0.390625
0 0.546875 0.609375 0.390625 0.390625
0 0.28125 0.3734375 0.390625 0.390625
1 0.23125 0.39375 0.390625 0.175
1 0.7421875 0.4796875 0.390625 0.1875
1 0.18828125 0.553125 0.2390625 0.390625
0 0.23125 0.3796875 0.390625 0.390625
1 0.39375 0.16171875 0.390625 0.2671875
0 0.1953125 0.6125 0.390625 0.390625
1 0.1953125 0.50859375 0.390625 0.2703125
1 0.58828125 0.525 0.1890625 0.390625
1 0.6078125 0.51015625 0.390625 0.1859375
0 0.2671875 0.55625 0.390625 0.390625
0 0.596875 0.521875 0.390625 0.390625
0 0.76875 0.6203125 0.390625 0.390625
1 0.6234375 0.5484375 0.390625 0.171875
0 0.58125 0.665625 0.390625 0.390625
1 0.2546875 0.45625 0.190625 0.390625
1 0.115625 0.5515625 0.23125 0.390625
0 0.340625 0.5203125 0.390625 0.390625
0 0.2359375 0.3609375 0.390625 0.390625
1 0.3453125 0.3265625 0.390625 0.209375
1 0.7953125 0.54921875 0.390625 0.1921875
0 0.43125 0.6046875 0.390625 0.390625
0 0.3875 0.6390625 0.390625 0.390625
1 0.32890625 0.6453125 0.2046875 0.390625
0 0.24375 0.628125 0.390625 0.390625
0 0.365625 0.6796875 0.390625 0.390625