1 0.0921875 0.7296875 0.134375 0.390625
1 0.3578125 0.709375 0.390625 0.2625
1 0.76875 0.40625 0.121875 0.390625
1 0.725 0.68125 0.25625 0.390625
0 0.2125 0.4390625 0.390625 0.390625
0 0.2703125 0.265625 0.390625 0.390625
0 0.6640625 0.23125 0.390625 0.390625
0 0.3796875 0.34375 0.390625 0.390625
1 0.73359375 0.78125 0.1859375 0.390625
1 0.234375 0.740625 0.390625 0.2125
0 0.196875 0.4828125 0.390625 0.390625
0 0.7890625 0.6234375 0.390625 0.390625
1 0.4234375 0.26015625 0.390625 0.1984375
1 0.14296875 0.2390625 0.1515625 0.390625
0 0.2875 0.446875 0.390625 0.390625