0 0.3421875 0.28125 0.390625 0.390625
0 0.5625 0.425 0.390625 0.390625
1 0.4484375 0.353125 0.234375 0.390625
0 0.23125 0.4296875 0.390625 0.390625
1 0.521875 0.51875 0.390625 0.21875
1 0.1953125 0.40703125 0.390625 0.2421875
1 0.384375 0.3921875 0.390625 0.175
0 0.346875 0.3921875 0.390625 0.390625
1 0.51328125 0.4703125 0.1390625 0.390625
1 0.5234375 0.4515625 0.134375 0.390625
0 0.1953125 0.1953125 0.390625 0.390625
0 0.2984375 0.625 0.390625 0.390625
1 0.58125 0.359375 0.390625 0.16875
0 0.346875 0.4234375 0.390625 0.390625
1 0.259375 0.8640625 0.390625 0.2375
0 0.5546875 0.334375 0.390625 0.390625
1 0.1953125 0.2234375 0.390625 0.190625
0 0.4984375 0.36875 0.390625 0.390625
0 0.3078125 0.6234375 0.390625 0.390625
1 0.28203125 0.3359375 0.2359375 0.390625
1 0.4859375 0.3328125 0.390625 0.121875
1 0.19140625 0.28125 0.2484375 0.390625
1 0.28125 0.421875 0.390625 0.26875
0 0.5375 0.55 0.390625 0.390625
0 0.2484375 0.4015625 0.390625 0.390625
0 0.5015625 0.4578125 0.390625 0.390625
1 0.334375 0.35625 0.390625 0.159375
1 0.49453125 0.328125 0.2015625 0.390625
1 0.4078125 0.24375 0.175 0.390625
0 0.5609375 0.4859375 0.390625 0.390625
0 0.503125 0.2609375 0.390625 0.390625
1 0.4921875 0.409375 0.184375 0.390625
0 0.2375 0.3859375 0.390625 0.390625
0 0.4609375 0.396875 0.390625 0.390625
0 0.2 0.215625 0.390625 0.390625
1 0.496875 0.365625 0.24375 0.390625
0 0.240625 0.34375 0.390625 0.390625
0 0.521875 0.4828125 0.390625 0.390625
1 0.5609375 0.27109375 0.390625 0.1671875
0 0.51875 0.2171875 0.390625 0.390625
0 0.4203125 0.34375 0.390625 0.390625
0 0.490625 0.7640625 0.390625 0.390625
0 0.2859375 0.38125 0.390625 0.390625
1 0.39140625 0.3578125 0.2234375 0.390625
0 0.1953125 0.1953125 0.390625 0.390625
1 0.4796875 0.325 0.184375 0.390625
1 0.19296875 0.3765625 0.1328125 0.390625
0 0.5390625 0.45625 0.390625 0.390625
0 0.2296875 0.1984375 0.390625 0.390625
0 0.503125 0.509375 0.390625 0.390625