0 0.75625 0.4984375 0.390625 0.390625
0 0.7421875 0.521875 0.390625 0.390625
0 0.3765625 0.5875 0.390625 0.390625
0 0.709375 0.5890625 0.390625 0.390625
1 0.54609375 0.5171875 0.2640625 0.390625
0 0.446875 0.490625 0.390625 0.390625
1 0.7015625 0.453125 0.390625 0.18125
0 0.440625 0.496875 0.390625 0.390625
0 0.24375 0.2140625 0.390625 0.390625
0 0.53125 0.6375 0.390625 0.390625
0 0.65625 0.571875 0.390625 0.390625
0 0.2 0.6765625 0.390625 0.390625
1 0.3609375 0.6671875 0.2 0.390625
0 0.3 0.3390625 0.390625 0.390625
1 0.69453125 0.5953125 0.1453125 0.390625