1 0.86171875 0.1953125 0.2046875 0.390625
1 0.49375 0.75 0.390625 0.203125
0 0.6421875 0.6328125 0.390625 0.390625
1 0.528125 0.725 0.390625 0.165625
0 0.5625 0.221875 0.390625 0.390625
1 0.6078125 0.48203125 0.390625 0.2171875
0 0.721875 0.6296875 0.390625 0.390625
1 0.5484375 0.5625 0.209375 0.390625
1 0.296875 0.24453125 0.390625 0.1328125
1 0.5546875 0.68046875 0.390625 0.2296875
0 0.8046875 0.39375 0.390625 0.390625
0 0.59375 0.7640625 0.390625 0.390625
0 0.5109375 0.3484375 0.390625 0.390625
1 0.403125 0.6484375 0.190625 0.390625
0 0.21875 0.3421875 0.390625 0.390625
1 0.5734375 0.73671875 0.390625 0.1890625
1 0.315625 0.5234375 0.159375 0.390625
1 0.4625 0.85703125 0.390625 0.2578125
1 0.17109375 0.1953125 0.2390625 0.390625
1 0.2 0.6140625 0.390625 0.1625
1 0.64375 0.56484375 0.390625 0.1171875
1 0.8046875 0.2859375 0.390625 0.165625
0 0.409375 0.621875 0.390625 0.390625
1 0.1296875 0.3453125 0.259375 0.390625
1 0.515625 0.53125 0.11875 0.390625
0 0.521875 0.7125 0.390625 0.390625
1 0.3015625 0.52890625 0.390625 0.2359375
1 0.5765625 0.73984375 0.390625 0.2265625
0 0.634375 0.7640625 0.390625 0.390625
1 0.5921875 0.5015625 0.14375 0.390625
0 0.8046875 0.2875 0.390625 0.390625
0 0.2125 0.3 0.390625 0.390625
1 0.6015625 0.6578125 0.390625 0.20625
0 0.8046875 0.2921875 0.390625 0.390625
1 0.8046875 0.271875 0.390625 0.15
1 0.53828125 0.7828125 0.1671875 0.390625
1 0.6 0.8015625 0.234375 0.390625
1 0.7984375 0.278125 0.25 0.390625
1 0.61875 0.8171875 0.390625 0.215625
0 0.3171875 0.4171875 0.390625 0.390625
1 0.50859375 0.8046875 0.1984375 0.390625
1 0.20625 0.26640625 0.390625 0.2515625
1 0.48515625 0.5765625 0.2140625 0.390625
1 0.26015625 0.2890625 0.1171875 0.390625
1 0.38671875 0.4125 0.2046875 0.390625
0 0.23125 0.625 0.390625 0.390625
1 0.5078125 0.3140625 0.390625 0.26875
1 0.36171875 0.653125 0.2453125 0.390625
0 0.475 0.7828125 0.390625 0.390625
0 0.215625 0.4109375 0.390625 0.390625