1 0.8421875 0.503125 0.21875 0.390625
0 0.2765625 0.528125 0.390625 0.390625
0 0.3140625 0.278125 0.390625 0.390625
0 0.2984375 0.6 0.390625 0.390625
1 0.50625 0.16015625 0.390625 0.2484375
0 0.36875 0.5328125 0.390625 0.390625
0 0.528125 0.6421875 0.390625 0.390625
1 0.3140625 0.7890625 0.390625 0.24375
1 0.7734375 0.5359375 0.390625 0.121875
0 0.365625 0.3453125 0.390625 0.390625
0 0.4796875 0.5171875 0.390625 0.390625
0 0.290625 0.5796875 0.390625 0.390625
0 0.3609375 0.7921875 0.390625 0.390625
0 0.3359375 0.2984375 0.390625 0.390625
1 0.29296875 0.253125 0.2703125 0.390625