1 0.765625 0.58125 0.390625 0.25
1 0.50078125 0.678125 0.2265625 0.390625
0 0.215625 0.7765625 0.390625 0.390625
1 0.11953125 0.709375 0.1453125 0.390625
0 0.5890625 0.3359375 0.390625 0.390625
1 0.671875 0.4265625 0.390625 0.246875
0 0.321875 0.66875 0.390625 0.390625
1 0.4109375 0.2953125 0.390625 0.134375
1 0.67265625 0.4296875 0.2171875 0.390625
1 0.7671875 0.5125 0.240625 0.390625
1 0.353125 0.59296875 0.390625 0.1265625
0 0.446875 0.4609375 0.390625 0.390625
0 0.2828125 0.3734375 0.390625 0.390625
1 0.28125 0.78203125 0.390625 0.1234375
1 0.74375 0.83046875 0.390625 0.2640625