0 0.346875 0.565625 0.390625 0.390625
0 0.45 0.403125 0.390625 0.390625
1 0.18203125 0.365625 0.1203125 0.390625
1 0.56953125 0.6625 0.1296875 0.390625
0 0.2765625 0.39375 0.390625 0.390625
0 0.7828125 0.2765625 0.390625 0.390625
1 0.465625 0.2421875 0.390625 0.2375
1 0.81484375 0.746875 0.1640625 0.390625
0 0.465625 0.496875 0.390625 0.390625
0 0.6484375 0.478125 0.390625 0.390625
0 0.6328125 0.765625 0.390625 0.390625
1 0.4078125 0.10390625 0.390625 0.1703125
0 0.4734375 0.2171875 0.390625 0.390625
0 0.7734375 0.759375 0.390625 0.390625
0 0.284375 0.4359375 0.390625 0.390625