1 0.3484375 0.7234375 0.259375 0.390625
0 0.2765625 0.5703125 0.390625 0.390625
0 0.3234375 0.325 0.390625 0.390625
1 0.3875 0.9046875 0.390625 0.16875
0 0.4390625 0.734375 0.390625 0.390625
0 0.7640625 0.734375 0.390625 0.390625
1 0.2453125 0.221875 0.271875 0.390625
0 0.721875 0.3515625 0.390625 0.390625
1 0.6671875 0.89375 0.390625 0.18125
0 0.621875 0.4046875 0.390625 0.390625
0 0.3640625 0.690625 0.390625 0.390625
0 0.634375 0.5625 0.390625 0.390625
1 0.5015625 0.40234375 0.390625 0.1921875
0 0.628125 0.325 0.390625 0.390625
1 0.71640625 0.778125 0.2703125 0.390625