1 0.40625 0.8046875 0.203125 0.390625
1 0.53125 0.28828125 0.390625 0.1953125
0 0.38125 0.3875 0.390625 0.390625
1 0.38828125 0.334375 0.2390625 0.390625
0 0.2125 0.5875 0.390625 0.390625
0 0.4421875 0.628125 0.390625 0.390625
0 0.3265625 0.453125 0.390625 0.390625
0 0.5890625 0.6015625 0.390625 0.390625
1 0.440625 0.359375 0.390625 0.121875
0 0.4296875 0.4734375 0.390625 0.390625
1 0.33203125 0.4296875 0.1265625 0.390625
0 0.1953125 0.4234375 0.390625 0.390625
0 0.515625 0.6046875 0.390625 0.390625
1 0.70625 0.91015625 0.390625 0.1359375
1 0.415625 0.7 0.271875 0.390625
0 0.36875 0.6328125 0.390625 0.390625
1 0.6546875 0.5296875 0.390625 0.146875
1 0.540625 0.83203125 0.390625 0.2484375
1 0.2734375 0.4609375 0.390625 0.2625
1 0.234375 0.559375 0.390625 0.209375
0 0.453125 0.64375 0.390625 0.390625
0 0.3265625 0.5671875 0.390625 0.390625
1 0.5796875 0.36328125 0.390625 0.1765625
0 0.5546875 0.5765625 0.390625 0.390625
1 0.3140625 0.43828125 0.390625 0.1828125
0 0.3421875 0.3734375 0.390625 0.390625
1 0.69453125 0.3546875 0.1703125 0.390625
1 0.1953125 0.459375 0.390625 0.16875
0 0.346875 0.4921875 0.390625 0.390625
1 0.59921875 0.6359375 0.1203125 0.390625
1 0.3953125 0.440625 0.246875 0.390625
1 0.48125 0.42421875 0.390625 0.2609375
1 0.7296875 0.1625 0.390625 0.128125
1 0.5484375 0.5484375 0.390625 0.20625
1 0.3625 0.74765625 0.390625 0.2296875
0 0.4015625 0.265625 0.390625 0.390625
1 0.2640625 0.44375 0.390625 0.196875
1 0.28671875 0.4234375 0.1640625 0.390625
0 0.3734375 0.3828125 0.390625 0.390625
0 0.353125 0.415625 0.390625 0.390625
1 0.5703125 0.6140625 0.390625 0.20625
0 0.35625 0.36875 0.390625 0.390625
0 0.3796875 0.4421875 0.390625 0.390625
0 0.3734375 0.328125 0.390625 0.390625
1 0.4125 0.5078125 0.15 0.390625
0 0.4015625 0.3875 0.390625 0.390625
1 0.65625 0.6828125 0.390625 0.271875
0 0.1953125 0.5703125 0.390625 0.390625
0 0.609375 0.5625 0.390625 0.390625
1 0.325 0.434375 0.390625 0.2