1 0.328125 0.78046875 0.390625 0.2234375
1 0.2203125 0.2875 0.390625 0.125
0 0.3375 0.8046875 0.390625 0.390625
1 0.33515625 0.8046875 0.1609375 0.390625
0 0.4703125 0.8046875 0.390625 0.390625
0 0.309375 0.2140625 0.390625 0.390625
0 0.328125 0.8046875 0.390625 0.390625
1 0.2515625 0.13359375 0.390625 0.2671875
1 0.2359375 0.86953125 0.390625 0.1234375
1 0.3875 0.8046875 0.25625 0.390625
0 0.3 0.24375 0.390625 0.390625
0 0.484375 0.78125 0.390625 0.390625
1 0.3015625 0.86796875 0.390625 0.2234375
1 0.47578125 0.8046875 0.2421875 0.390625
1 0.3203125 0.2390625 0.25625 0.390625
0 0.45625 0.8046875 0.390625 0.390625
1 0.3609375 0.928125 0.390625 0.11875
1 0.2765625 0.2859375 0.390625 0.18125
1 0.3921875 0.4859375 0.390625 0.246875
0 0.396875 0.8046875 0.390625 0.390625
0 0.4234375 0.8046875 0.390625 0.390625
0 0.2703125 0.1953125 0.390625 0.390625
1 0.3109375 0.184375 0.390625 0.1375
1 0.315625 0.3625 0.390625 0.16875
1 0.30390625 0.26875 0.1390625 0.390625
1 0.4234375 0.7921875 0.390625 0.2
0 0.246875 0.2703125 0.390625 0.390625
0 0.40625 0.8046875 0.390625 0.390625
1 0.32734375 0.8046875 0.1296875 0.390625
1 0.79296875 0.6828125 0.1453125 0.390625
1 0.371875 0.29609375 0.390625 0.2296875
0 0.2 0.2078125 0.390625 0.390625
1 0.25625 0.16484375 0.390625 0.2421875
0 0.3328125 0.8046875 0.390625 0.390625
1 0.45546875 0.2609375 0.2296875 0.390625
1 0.64375 0.69765625 0.390625 0.2328125
0 0.496875 0.8046875 0.390625 0.390625
1 0.29375 0.1921875 0.390625 0.259375
1 0.3640625 0.8046875 0.20625 0.390625
0 0.1953125 0.1953125 0.390625 0.390625
1 0.2390625 0.81484375 0.390625 0.1515625
0 0.4484375 0.75 0.390625 0.390625
0 0.3109375 0.2296875 0.390625 0.390625
1 0.190625 0.578125 0.203125 0.390625
1 0.39140625 0.7578125 0.1515625 0.390625
0 0.4109375 0.8046875 0.390625 0.390625
1 0.3734375 0.790625 0.25 0.390625
0 0.2734375 0.5078125 0.390625 0.390625
1 0.359375 0.7859375 0.390625 0.134375
0 0.2296875 0.2453125 0.390625 0.390625