0 0.5265625 0.2046875 0.390625 0.390625
1 0.834375 0.4890625 0.20625 0.390625
0 0.30625 0.546875 0.390625 0.390625
0 0.359375 0.753125 0.390625 0.390625
0 0.390625 0.5859375 0.390625 0.390625
1 0.653125 0.465625 0.390625 0.178125
1 0.83671875 0.6125 0.1453125 0.390625
0 0.49375 0.4453125 0.390625 0.390625
0 0.7625 0.2640625 0.390625 0.390625
0 0.4046875 0.23125 0.390625 0.390625
1 0.1921875 0.7875 0.196875 0.390625
0 0.58125 0.5859375 0.390625 0.390625
1 0.671875 0.184375 0.390625 0.165625
0 0.771875 0.65625 0.390625 0.390625
0 0.278125 0.3375 0.390625 0.390625