0 0.6671875 0.5078125 0.390625 0.390625
0 0.26875 0.584375 0.390625 0.390625
0 0.2484375 0.5546875 0.390625 0.390625
1 0.6640625 0.48671875 0.390625 0.2578125
0 0.7015625 0.5203125 0.390625 0.390625
0 0.3109375 0.6078125 0.390625 0.390625
1 0.446875 0.3015625 0.196875 0.390625
1 0.2359375 0.615625 0.390625 0.140625
0 0.5765625 0.29375 0.390625 0.390625
1 0.6796875 0.53046875 0.390625 0.1390625
0 0.6609375 0.4765625 0.390625 0.390625
1 0.69453125 0.615625 0.1265625 0.390625
1 0.58984375 0.6015625 0.2671875 0.390625
1 0.5453125 0.19375 0.390625 0.26875
0 0.484375 0.55625 0.390625 0.390625
1 0.2984375 0.49609375 0.390625 0.1921875
0 0.540625 0.2078125 0.390625 0.390625
0 0.2015625 0.5796875 0.390625 0.390625
1 0.68046875 0.2546875 0.2359375 0.390625
1 0.2671875 0.48359375 0.390625 0.1734375
1 0.56875 0.23671875 0.390625 0.2390625
1 0.62109375 0.475 0.1671875 0.390625
1 0.371875 0.56328125 0.390625 0.1421875
0 0.471875 0.290625 0.390625 0.390625
1 0.30625 0.54140625 0.390625 0.1671875
0 0.55625 0.5640625 0.390625 0.390625
0 0.3328125 0.50625 0.390625 0.390625
0 0.6328125 0.1953125 0.390625 0.390625
0 0.7265625 0.796875 0.390625 0.390625
1 0.6046875 0.21484375 0.390625 0.1796875
0 0.6421875 0.5 0.390625 0.390625
1 0.4953125 0.25234375 0.390625 0.2515625
1 0.6359375 0.48046875 0.390625 0.1578125
0 0.56875 0.1953125 0.390625 0.390625
0 0.68125 0.5109375 0.390625 0.390625
1 0.68671875 0.521875 0.2390625 0.390625
0 0.65625 0.46875 0.390625 0.390625
0 0.30625 0.665625 0.390625 0.390625
0 0.2171875 0.7125 0.390625 0.390625
1 0.69140625 0.4859375 0.1484375 0.390625
0 0.65625 0.6453125 0.390625 0.390625
1 0.6984375 0.6390625 0.390625 0.25
0 0.6109375 0.4734375 0.390625 0.390625
0 0.6703125 0.1953125 0.390625 0.390625
1 0.2578125 0.50703125 0.390625 0.1828125
1 0.6140625 0.609375 0.390625 0.18125
1 0.5921875 0.5015625 0.171875 0.390625
1 0.59921875 0.1953125 0.1859375 0.390625
1 0.6640625 0.4515625 0.390625 0.18125
0 0.6484375 0.28125 0.390625 0.390625