0 0.43125 0.31875 0.390625 0.390625
0 0.6390625 0.7859375 0.390625 0.390625
1 0.53125 0.4953125 0.26875 0.390625
1 0.471875 0.5296875 0.390625 0.265625
0 0.3671875 0.3796875 0.390625 0.390625
1 0.6171875 0.6953125 0.390625 0.171875
0 0.615625 0.2390625 0.390625 0.390625
0 0.521875 0.3734375 0.390625 0.390625
0 0.50625 0.678125 0.390625 0.390625
0 0.5875 0.796875 0.390625 0.390625
0 0.5765625 0.7828125 0.390625 0.390625
0 0.628125 0.7328125 0.390625 0.390625
0 0.5453125 0.678125 0.390625 0.390625
1 0.86796875 0.778125 0.1453125 0.390625
0 0.4875 0.7140625 0.390625 0.390625
0 0.38125 0.296875 0.390625 0.390625
0 0.6015625 0.4171875 0.390625 0.390625
1 0.47734375 0.4390625 0.2015625 0.390625
0 0.5578125 0.484375 0.390625 0.390625
1 0.78046875 0.4484375 0.2640625 0.390625
0 0.5046875 0.271875 0.390625 0.390625
1 0.521875 0.7578125 0.184375 0.390625
1 0.57578125 0.2359375 0.1734375 0.390625
0 0.58125 0.8046875 0.390625 0.390625
1 0.5609375 0.28359375 0.390625 0.2546875
0 0.6390625 0.6984375 0.390625 0.390625
1 0.59375 0.4484375 0.390625 0.134375
0 0.571875 0.246875 0.390625 0.390625
0 0.4453125 0.2390625 0.390625 0.390625
1 0.61484375 0.29375 0.2421875 0.390625
0 0.45 0.4484375 0.390625 0.390625
1 0.60625 0.3828125 0.146875 0.390625
1 0.55625 0.1796875 0.390625 0.1375
1 0.596875 0.2734375 0.390625 0.140625
0 0.559375 0.6140625 0.390625 0.390625
1 0.5265625 0.228125 0.390625 0.134375
0 0.5359375 0.603125 0.390625 0.390625
1 0.5671875 0.4359375 0.1375 0.390625
1 0.5203125 0.27109375 0.390625 0.1234375
0 0.5640625 0.4109375 0.390625 0.390625
1 0.54609375 0.8046875 0.1296875 0.390625
1 0.57734375 0.4140625 0.1859375 0.390625
0 0.6328125 0.69375 0.390625 0.390625
0 0.575 0.7265625 0.390625 0.390625
0 0.50625 0.3921875 0.390625 0.390625
0 0.590625 0.4390625 0.390625 0.390625
0 0.425 0.4140625 0.390625 0.390625
0 0.440625 0.44375 0.390625 0.390625
0 0.49375 0.4109375 0.390625 0.390625
0 0.515625 0.40625 0.390625 0.390625