0 0.4109375 0.2125 0.390625 0.390625
1 0.2671875 0.4625 0.390625 0.125
1 0.2875 0.6125 0.221875 0.390625
0 0.5765625 0.471875 0.390625 0.390625
1 0.778125 0.20078125 0.390625 0.2703125
0 0.4859375 0.503125 0.390625 0.390625
1 0.7296875 0.621875 0.165625 0.390625
0 0.4015625 0.2375 0.390625 0.390625
0 0.7921875 0.3078125 0.390625 0.390625
1 0.234375 0.553125 0.390625 0.175
1 0.6125 0.48046875 0.390625 0.1265625
0 0.5578125 0.3890625 0.390625 0.390625
0 0.784375 0.3265625 0.390625 0.390625
0 0.778125 0.6671875 0.390625 0.390625
1 0.8078125 0.2625 0.1625 0.390625