1 0.8140625 0.3046875 0.2375 0.390625
1 0.321875 0.3015625 0.390625 0.271875
1 0.75 0.76484375 0.390625 0.1859375
0 0.3375 0.353125 0.390625 0.390625
0 0.240625 0.4171875 0.390625 0.390625
1 0.4640625 0.6359375 0.390625 0.21875
1 0.3984375 0.72890625 0.390625 0.1453125
0 0.2078125 0.5828125 0.390625 0.390625
1 0.321875 0.42265625 0.390625 0.1921875
0 0.3265625 0.3859375 0.390625 0.390625
1 0.5625 0.5046875 0.390625 0.16875
1 0.36015625 0.4171875 0.2046875 0.390625
0 0.534375 0.715625 0.390625 0.390625
1 0.51328125 0.7625 0.1671875 0.390625
1 0.58515625 0.38125 0.1390625 0.390625