1 0.1953125 0.3578125 0.390625 0.2625
1 0.796875 0.34296875 0.390625 0.2484375
0 0.3203125 0.7 0.390625 0.390625
1 0.265625 0.61171875 0.390625 0.1390625
0 0.5109375 0.45 0.390625 0.390625
0 0.5265625 0.4015625 0.390625 0.390625
0 0.5109375 0.1953125 0.390625 0.390625
0 0.303125 0.228125 0.390625 0.390625
0 0.2484375 0.746875 0.390625 0.390625
0 0.4328125 0.690625 0.390625 0.390625
0 0.5625 0.1953125 0.390625 0.390625
0 0.1953125 0.2 0.390625 0.390625
0 0.5015625 0.1953125 0.390625 0.390625
1 0.7828125 0.1953125 0.390625 0.2625
1 0.35 0.75234375 0.390625 0.1890625
0 0.475 0.1953125 0.390625 0.390625
1 0.4125 0.7296875 0.390625 0.215625
0 0.4078125 0.709375 0.390625 0.390625
0 0.7578125 0.5421875 0.390625 0.390625
0 0.45 0.3625 0.390625 0.390625
1 0.3140625 0.740625 0.390625 0.15625
0 0.6578125 0.459375 0.390625 0.390625
1 0.5359375 0.2796875 0.2125 0.390625
0 0.2953125 0.434375 0.390625 0.390625
0 0.4453125 0.4203125 0.390625 0.390625
1 0.27890625 0.2203125 0.2546875 0.390625
0 0.5390625 0.1953125 0.390625 0.390625
1 0.5609375 0.115625 0.390625 0.140625
0 0.6671875 0.1953125 0.390625 0.390625
0 0.4625 0.4921875 0.390625 0.390625
0 0.5671875 0.1953125 0.390625 0.390625
1 0.91015625 0.671875 0.1765625 0.390625
0 0.7671875 0.6109375 0.390625 0.390625
1 0.50234375 0.2734375 0.2296875 0.390625
1 0.41640625 0.6328125 0.2671875 0.390625
0 0.3859375 0.696875 0.390625 0.390625
1 0.465625 0.1859375 0.390625 0.234375
1 0.3640625 0.4546875 0.390625 0.134375
1 0.49296875 0.4296875 0.1515625 0.390625
0 0.3359375 0.6765625 0.390625 0.390625
1 0.5765625 0.77421875 0.390625 0.1890625
0 0.565625 0.1953125 0.390625 0.390625
1 0.56796875 0.1953125 0.1234375 0.390625
1 0.45703125 0.321875 0.1921875 0.390625
0 0.3171875 0.7765625 0.390625 0.390625
1 0.56796875 0.20625 0.2609375 0.390625
1 0.3203125 0.26875 0.390625 0.171875
1 0.4328125 0.409375 0.265625 0.390625
0 0.465625 0.484375 0.390625 0.390625
1 0.5375 0.12578125 0.390625 0.2515625