1 0.20625 0.7859375 0.390625 0.128125
1 0.75078125 0.3546875 0.2546875 0.390625
0 0.315625 0.275 0.390625 0.390625
1 0.778125 0.5765625 0.390625 0.25625
1 0.134375 0.3484375 0.215625 0.390625
0 0.3796875 0.6234375 0.390625 0.390625
0 0.7953125 0.5890625 0.390625 0.390625
0 0.615625 0.4078125 0.390625 0.390625
1 0.7671875 0.83125 0.390625 0.128125
0 0.778125 0.284375 0.390625 0.390625
0 0.2125 0.4046875 0.390625 0.390625
1 0.503125 0.196875 0.390625 0.190625
0 0.7359375 0.765625 0.390625 0.390625
0 0.265625 0.4296875 0.390625 0.390625
1 0.3125 0.609375 0.390625 0.128125