0 0.2109375 0.4234375 0.390625 0.390625
1 0.375 0.4796875 0.390625 0.140625
1 0.309375 0.60625 0.390625 0.125
1 0.76171875 0.459375 0.2515625 0.390625
0 0.2390625 0.5328125 0.390625 0.390625
0 0.79375 0.64375 0.390625 0.390625
0 0.8046875 0.628125 0.390625 0.390625
0 0.796875 0.48125 0.390625 0.390625
1 0.25234375 0.428125 0.1765625 0.390625
0 0.6484375 0.415625 0.390625 0.390625
1 0.71875 0.3703125 0.390625 0.140625
0 0.778125 0.7578125 0.390625 0.390625
1 0.128125 0.3953125 0.121875 0.390625
0 0.384375 0.2078125 0.390625 0.390625
0 0.25625 0.5015625 0.390625 0.390625
1 0.2953125 0.69609375 0.390625 0.1171875
1 0.51875 0.23515625 0.390625 0.1921875
0 0.3203125 0.465625 0.390625 0.390625
1 0.7578125 0.74375 0.1375 0.390625
1 0.77578125 0.5421875 0.1171875 0.390625
1 0.78125 0.5546875 0.390625 0.265625
0 0.696875 0.690625 0.390625 0.390625
1 0.66875 0.46484375 0.390625 0.2234375
0 0.2703125 0.4921875 0.390625 0.390625
0 0.340625 0.5921875 0.390625 0.390625
0 0.8046875 0.646875 0.390625 0.390625
0 0.321875 0.6109375 0.390625 0.390625
1 0.69375 0.5015625 0.215625 0.390625
1 0.3609375 0.58515625 0.390625 0.1984375
1 0.659375 0.521875 0.390625 0.209375
1 0.8578125 0.375 0.20625 0.390625
1 0.7421875 0.59453125 0.390625 0.2328125
1 0.2328125 0.490625 0.390625 0.234375
1 0.79921875 0.5984375 0.1171875 0.390625
0 0.4265625 0.5875 0.390625 0.390625
1 0.7296875 0.6984375 0.19375 0.390625
1 0.7375 0.8046875 0.240625 0.390625
1 0.2625 0.55234375 0.390625 0.2359375
0 0.8046875 0.690625 0.390625 0.390625
0 0.7828125 0.6375 0.390625 0.390625
1 0.4453125 0.51640625 0.390625 0.1296875
1 0.7984375 0.63359375 0.390625 0.1484375
0 0.5921875 0.659375 0.390625 0.390625
0 0.75625 0.6078125 0.390625 0.390625
1 0.7359375 0.4359375 0.390625 0.271875
0 0.7515625 0.665625 0.390625 0.390625
1 0.8046875 0.7625 0.390625 0.178125
0 0.396875 0.5734375 0.390625 0.390625
1 0.36875 0.62890625 0.390625 0.1953125
1 0.8046875 0.75390625 0.390625 0.2265625