0 0.5078125 0.721875 0.390625 0.390625
0 0.25 0.5828125 0.390625 0.390625
1 0.21953125 0.59375 0.1984375 0.390625
1 0.7234375 0.45078125 0.390625 0.1328125
0 0.2484375 0.559375 0.390625 0.390625
0 0.1953125 0.5484375 0.390625 0.390625
0 0.1953125 0.6703125 0.390625 0.390625
0 0.7 0.2375 0.390625 0.390625
0 0.5 0.7328125 0.390625 0.390625
0 0.6046875 0.3734375 0.390625 0.390625
0 0.6484375 0.740625 0.390625 0.390625
0 0.1953125 0.7578125 0.390625 0.390625
1 0.534375 0.43828125 0.390625 0.1921875
1 0.3125 0.5609375 0.21875 0.390625
0 0.290625 0.28125 0.390625 0.390625
0 0.4703125 0.7453125 0.390625 0.390625
0 0.2265625 0.1984375 0.390625 0.390625
1 0.28125 0.4546875 0.390625 0.16875
0 0.1984375 0.6734375 0.390625 0.390625
1 0.7828125 0.371875 0.15 0.390625
1 0.6140625 0.4125 0.390625 0.20625
0 0.709375 0.3515625 0.390625 0.390625
1 0.21796875 0.69375 0.1328125 0.390625
1 0.5265625 0.74609375 0.390625 0.2078125
1 0.75703125 0.3046875 0.2421875 0.390625
1 0.56328125 0.7359375 0.1953125 0.390625
0 0.628125 0.3625 0.390625 0.390625
1 0.6453125 0.840625 0.390625 0.14375
1 0.66171875 0.2984375 0.1546875 0.390625
0 0.1953125 0.6984375 0.390625 0.390625
0 0.2796875 0.64375 0.390625 0.390625
1 0.565625 0.7078125 0.140625 0.390625
0 0.1984375 0.5765625 0.390625 0.390625
0 0.615625 0.63125 0.390625 0.390625
0 0.58125 0.6875 0.390625 0.390625
1 0.33125 0.5828125 0.390625 0.21875
1 0.575 0.7828125 0.390625 0.15625
0 0.734375 0.28125 0.390625 0.390625
1 0.8046875 0.41171875 0.390625 0.1578125
0 0.3171875 0.546875 0.390625 0.390625
1 0.2109375 0.6546875 0.2125 0.390625
1 0.1953125 0.5609375 0.390625 0.178125
1 0.5046875 0.81484375 0.390625 0.1734375
0 0.2390625 0.521875 0.390625 0.390625
0 0.4765625 0.446875 0.390625 0.390625
0 0.79375 0.6984375 0.390625 0.390625
0 0.2578125 0.4625 0.390625 0.390625
1 0.61640625 0.75 0.1703125 0.390625
0 0.2875 0.4984375 0.390625 0.390625
1 0.2359375 0.63671875 0.390625 0.1484375