0 0.678125 0.35 0.390625 0.390625
0 0.4125 0.509375 0.390625 0.390625
0 0.2984375 0.678125 0.390625 0.390625
1 0.2875 0.2796875 0.265625 0.390625
0 0.721875 0.215625 0.390625 0.390625
0 0.7796875 0.303125 0.390625 0.390625
1 0.20625 0.64609375 0.390625 0.2171875
0 0.2578125 0.4578125 0.390625 0.390625
0 0.7453125 0.59375 0.390625 0.390625
1 0.221875 0.434375 0.271875 0.390625
1 0.6203125 0.73359375 0.390625 0.2015625
0 0.6125 0.3625 0.390625 0.390625
0 0.4734375 0.484375 0.390625 0.390625
1 0.5765625 0.459375 0.190625 0.390625
1 0.75625 0.8578125 0.390625 0.25625