1 0.5546875 0.54375 0.23125 0.390625
0 0.7171875 0.275 0.390625 0.390625
0 0.6015625 0.653125 0.390625 0.390625
0 0.45625 0.5421875 0.390625 0.390625
1 0.496875 0.5296875 0.24375 0.390625
0 0.4171875 0.1953125 0.390625 0.390625
1 0.25 0.1953125 0.246875 0.390625
1 0.6046875 0.4109375 0.390625 0.1625
0 0.5875 0.3921875 0.390625 0.390625
1 0.52265625 0.56875 0.1234375 0.390625
0 0.6453125 0.40625 0.390625 0.390625
0 0.5359375 0.5703125 0.390625 0.390625
0 0.4515625 0.559375 0.390625 0.390625
1 0.559375 0.421875 0.19375 0.390625
0 0.5765625 0.334375 0.390625 0.390625
0 0.3921875 0.2453125 0.390625 0.390625
0 0.6921875 0.275 0.390625 0.390625
1 0.33203125 0.3640625 0.2203125 0.390625
1 0.5953125 0.45625 0.390625 0.125
0 0.3265625 0.36875 0.390625 0.390625
0 0.3046875 0.3546875 0.390625 0.390625
1 0.2125 0.1953125 0.196875 0.390625
0 0.5078125 0.4796875 0.390625 0.390625
0 0.5203125 0.4953125 0.390625 0.390625
1 0.4078125 0.47578125 0.390625 0.2015625
0 0.2296875 0.2171875 0.390625 0.390625
1 0.49921875 0.5890625 0.1734375 0.390625
0 0.51875 0.4203125 0.390625 0.390625
0 0.453125 0.50625 0.390625 0.390625
0 0.30625 0.2015625 0.390625 0.390625
0 0.796875 0.6453125 0.390625 0.390625
0 0.5390625 0.3875 0.390625 0.390625
1 0.68984375 0.4015625 0.2328125 0.390625
1 0.4515625 0.534375 0.190625 0.390625
1 0.5671875 0.496875 0.175 0.390625
0 0.2609375 0.28125 0.390625 0.390625
0 0.5046875 0.621875 0.390625 0.390625
0 0.359375 0.1953125 0.390625 0.390625
1 0.1015625 0.228125 0.171875 0.390625
1 0.2875 0.2734375 0.390625 0.21875
0 0.41875 0.240625 0.390625 0.390625
0 0.521875 0.6375 0.390625 0.390625
0 0.5546875 0.5453125 0.390625 0.390625
0 0.6171875 0.3828125 0.390625 0.390625
1 0.44375 0.18515625 0.390625 0.2703125
1 0.3875 0.23203125 0.390625 0.1359375
0 0.5625 0.55 0.390625 0.390625
1 0.3390625 0.2515625 0.240625 0.390625
1 0.3140625 0.215625 0.390625 0.246875
0 0.4890625 0.4296875 0.390625 0.390625