0 0.7984375 0.46875 0.390625 0.390625
0 0.74375 0.3546875 0.390625 0.390625
1 0.659375 0.128125 0.390625 0.2375
0 0.7625 0.45 0.390625 0.390625
0 0.659375 0.8046875 0.390625 0.390625
1 0.75390625 0.2546875 0.1953125 0.390625
0 0.5484375 0.75625 0.390625 0.390625
0 0.7265625 0.515625 0.390625 0.390625
1 0.71875 0.33359375 0.390625 0.1296875
1 0.775 0.2953125 0.165625 0.390625
1 0.8078125 0.3046875 0.25625 0.390625
0 0.546875 0.603125 0.390625 0.390625
0 0.6890625 0.365625 0.390625 0.390625
0 0.51875 0.6609375 0.390625 0.390625
1 0.7875 0.4546875 0.11875 0.390625
0 0.796875 0.759375 0.390625 0.390625
0 0.7890625 0.8046875 0.390625 0.390625
1 0.79140625 0.3078125 0.2171875 0.390625
1 0.7609375 0.4515625 0.18125 0.390625
0 0.678125 0.2984375 0.390625 0.390625
1 0.5875 0.26015625 0.390625 0.1796875
0 0.63125 0.3 0.390625 0.390625
0 0.30625 0.5625 0.390625 0.390625
1 0.7109375 0.29375 0.390625 0.171875
1 0.7765625 0.85546875 0.390625 0.1953125
1 0.76875 0.86171875 0.390625 0.2421875
0 0.696875 0.2625 0.390625 0.390625
0 0.7875 0.38125 0.390625 0.390625
1 0.7890625 0.8828125 0.390625 0.215625
1 0.709375 0.2234375 0.246875 0.390625
1 0.725 0.36640625 0.390625 0.1734375
1 0.2203125 0.15703125 0.390625 0.2265625
0 0.8046875 0.8046875 0.390625 0.390625
0 0.671875 0.3015625 0.390625 0.390625
0 0.8046875 0.3765625 0.390625 0.390625
0 0.74375 0.3578125 0.390625 0.390625
1 0.653125 0.36875 0.390625 0.1625
1 0.778125 0.50625 0.390625 0.21875
1 0.2515625 0.4640625 0.390625 0.234375
1 0.309375 0.64375 0.390625 0.2125
0 0.7734375 0.3015625 0.390625 0.390625
1 0.715625 0.86796875 0.390625 0.1359375
1 0.7484375 0.9125 0.390625 0.153125
0 0.6296875 0.2546875 0.390625 0.390625
1 0.71484375 0.46875 0.2484375 0.390625
0 0.775 0.328125 0.390625 0.390625
0 0.690625 0.321875 0.390625 0.390625
0 0.78125 0.3328125 0.390625 0.390625
1 0.771875 0.8046875 0.18125 0.390625
0 0.646875 0.2109375 0.390625 0.390625