0 0.3859375 0.278125 0.390625 0.390625
0 0.625 0.528125 0.390625 0.390625
1 0.515625 0.63828125 0.390625 0.2203125
1 0.7640625 0.75703125 0.390625 0.1984375
1 0.321875 0.13203125 0.390625 0.1703125
1 0.7390625 0.8015625 0.18125 0.390625
0 0.6453125 0.6578125 0.390625 0.390625
1 0.7921875 0.5328125 0.390625 0.175
1 0.61328125 0.675 0.1921875 0.390625
0 0.4109375 0.765625 0.390625 0.390625
1 0.4875 0.63671875 0.390625 0.2515625
0 0.5390625 0.521875 0.390625 0.390625
0 0.5578125 0.50625 0.390625 0.390625
1 0.66875 0.653125 0.14375 0.390625
0 0.5578125 0.521875 0.390625 0.390625
0 0.6046875 0.50625 0.390625 0.390625
1 0.45859375 0.60625 0.1921875 0.390625
0 0.421875 0.3515625 0.390625 0.390625
1 0.15546875 0.3484375 0.2578125 0.390625
0 0.7765625 0.3578125 0.390625 0.390625
0 0.3875 0.2953125 0.390625 0.390625
0 0.3734375 0.359375 0.390625 0.390625
0 0.5296875 0.546875 0.390625 0.390625
0 0.3015625 0.41875 0.390625 0.390625
1 0.5046875 0.55546875 0.390625 0.2046875
1 0.5734375 0.5234375 0.390625 0.221875
0 0.4890625 0.26875 0.390625 0.390625
1 0.3625 0.24140625 0.390625 0.1421875
1 0.6359375 0.553125 0.390625 0.190625
1 0.36640625 0.1953125 0.1765625 0.390625
0 0.5859375 0.2359375 0.390625 0.390625
0 0.378125 0.1953125 0.390625 0.390625
1 0.43125 0.3125 0.390625 0.1375
1 0.42265625 0.28125 0.1796875 0.390625
1 0.56484375 0.603125 0.2203125 0.390625
1 0.33046875 0.2609375 0.1765625 0.390625
0 0.5796875 0.6640625 0.390625 0.390625
1 0.30625 0.1953125 0.18125 0.390625
1 0.52734375 0.5234375 0.2296875 0.390625
0 0.64375 0.5125 0.390625 0.390625
0 0.5578125 0.5296875 0.390625 0.390625
0 0.5328125 0.4296875 0.390625 0.390625
1 0.44765625 0.2203125 0.1359375 0.390625
0 0.3359375 0.3203125 0.390625 0.390625
0 0.3515625 0.2578125 0.390625 0.390625
1 0.4671875 0.61328125 0.390625 0.1234375
0 0.503125 0.5125 0.390625 0.390625
0 0.478125 0.528125 0.390625 0.390625
1 0.2875 0.66328125 0.390625 0.2328125
1 0.47421875 0.2796875 0.1578125 0.390625