1 0.30625 0.16328125 0.390625 0.2046875
0 0.7421875 0.21875 0.390625 0.390625
1 0.615625 0.23203125 0.390625 0.1765625
0 0.675 0.4578125 0.390625 0.390625
0 0.3484375 0.715625 0.390625 0.390625
1 0.2921875 0.78671875 0.390625 0.1609375
0 0.759375 0.5640625 0.390625 0.390625
0 0.65625 0.6171875 0.390625 0.390625
0 0.5890625 0.4109375 0.390625 0.390625
1 0.5125 0.171875 0.390625 0.26875
0 0.26875 0.2265625 0.390625 0.390625
0 0.4765625 0.4609375 0.390625 0.390625
1 0.38046875 0.5890625 0.2234375 0.390625
0 0.6171875 0.2125 0.390625 0.390625
1 0.4609375 0.2453125 0.390625 0.171875