1 0.2375 0.12734375 0.390625 0.2421875
1 0.50625 0.73125 0.14375 0.390625
1 0.2046875 0.59453125 0.390625 0.2578125
0 0.415625 0.6796875 0.390625 0.390625
0 0.4453125 0.640625 0.390625 0.390625
1 0.6578125 0.6328125 0.234375 0.390625
1 0.18828125 0.409375 0.1578125 0.390625
0 0.7859375 0.778125 0.390625 0.390625
1 0.78828125 0.71875 0.2390625 0.390625
0 0.5125 0.1984375 0.390625 0.390625
0 0.5875 0.70625 0.390625 0.390625
0 0.6046875 0.278125 0.390625 0.390625
1 0.4296875 0.5703125 0.390625 0.165625
0 0.5953125 0.396875 0.390625 0.390625
0 0.46875 0.5734375 0.390625 0.390625