1 0.6421875 0.53125 0.23125 0.390625
0 0.6375 0.5828125 0.390625 0.390625
1 0.34375 0.6390625 0.246875 0.390625
1 0.559375 0.0921875 0.390625 0.1375
0 0.3328125 0.5390625 0.390625 0.390625
1 0.12890625 0.4578125 0.2296875 0.390625
0 0.4421875 0.49375 0.390625 0.390625
1 0.8546875 0.4703125 0.246875 0.390625
0 0.6546875 0.76875 0.390625 0.390625
0 0.4296875 0.3296875 0.390625 0.390625
0 0.3125 0.5828125 0.390625 0.390625
0 0.4890625 0.6875 0.390625 0.390625
1 0.3921875 0.19921875 0.390625 0.1640625
0 0.7984375 0.6375 0.390625 0.390625
1 0.70078125 0.8015625 0.2078125 0.390625