0 0.7015625 0.3015625 0.390625 0.390625
0 0.3515625 0.228125 0.390625 0.390625
1 0.4078125 0.4375 0.16875 0.390625
1 0.45625 0.57890625 0.390625 0.2515625
0 0.365625 0.2953125 0.390625 0.390625
0 0.5859375 0.53125 0.390625 0.390625
0 0.66875 0.571875 0.390625 0.390625
1 0.75390625 0.2390625 0.1390625 0.390625
0 0.7625 0.3875 0.390625 0.390625
1 0.5671875 0.153125 0.390625 0.18125
1 0.4484375 0.5 0.390625 0.2125
1 0.4484375 0.515625 0.390625 0.153125
1 0.553125 0.3515625 0.125 0.390625
1 0.64609375 0.5765625 0.1609375 0.390625
1 0.38046875 0.4140625 0.2140625 0.390625