0 0.384375 0.4921875 0.390625 0.390625
0 0.571875 0.65 0.390625 0.390625
0 0.4078125 0.5484375 0.390625 0.390625
0 0.5078125 0.1984375 0.390625 0.390625
1 0.5984375 0.39765625 0.390625 0.1984375
0 0.4546875 0.475 0.390625 0.390625
0 0.25625 0.29375 0.390625 0.390625
1 0.28046875 0.775 0.1796875 0.390625
1 0.340625 0.86171875 0.390625 0.1453125
0 0.659375 0.5578125 0.390625 0.390625
1 0.13515625 0.25625 0.2546875 0.390625
1 0.64609375 0.3671875 0.2234375 0.390625
1 0.65625 0.62265625 0.390625 0.2546875
1 0.728125 0.709375 0.390625 0.24375
0 0.69375 0.515625 0.390625 0.390625