1 0.6625 0.621875 0.390625 0.159375
0 0.4390625 0.5078125 0.390625 0.390625
1 0.8015625 0.509375 0.390625 0.253125
0 0.7390625 0.54375 0.390625 0.390625
0 0.7390625 0.521875 0.390625 0.390625
1 0.3421875 0.71796875 0.390625 0.1640625
1 0.5359375 0.30859375 0.390625 0.1484375
0 0.3890625 0.4625 0.390625 0.390625
1 0.6453125 0.590625 0.23125 0.390625
0 0.7484375 0.41875 0.390625 0.390625
0 0.775 0.50625 0.390625 0.390625
0 0.4296875 0.71875 0.390625 0.390625
0 0.6734375 0.64375 0.390625 0.390625
0 0.4609375 0.446875 0.390625 0.390625
1 0.7671875 0.6578125 0.390625 0.121875
0 0.7078125 0.6328125 0.390625 0.390625
0 0.659375 0.3328125 0.390625 0.390625
1 0.44375 0.4609375 0.134375 0.390625
0 0.765625 0.4703125 0.390625 0.390625
1 0.796875 0.3984375 0.159375 0.390625
1 0.66875 0.5921875 0.15625 0.390625
1 0.315625 0.61875 0.390625 0.23125
1 0.7171875 0.4671875 0.390625 0.16875
1 0.80859375 0.5171875 0.2515625 0.390625
1 0.8046875 0.31015625 0.390625 0.2203125
1 0.815625 0.4828125 0.1625 0.390625
0 0.6109375 0.31875 0.390625 0.390625
0 0.4828125 0.696875 0.390625 0.390625
1 0.8046875 0.35625 0.390625 0.134375
0 0.453125 0.4703125 0.390625 0.390625
1 0.75546875 0.6109375 0.1265625 0.390625
0 0.5515625 0.8046875 0.390625 0.390625
0 0.665625 0.6828125 0.390625 0.390625
0 0.4 0.590625 0.390625 0.390625
1 0.86171875 0.2609375 0.1984375 0.390625
1 0.453125 0.43125 0.20625 0.390625
0 0.7703125 0.4265625 0.390625 0.390625
0 0.3890625 0.50625 0.390625 0.390625
1 0.734375 0.61484375 0.390625 0.1453125
1 0.43828125 0.5828125 0.1578125 0.390625
1 0.45078125 0.6765625 0.1359375 0.390625
1 0.3125 0.7609375 0.390625 0.203125
1 0.415625 0.72421875 0.390625 0.1828125
0 0.8046875 0.45 0.390625 0.390625
1 0.84921875 0.5328125 0.1234375 0.390625
0 0.325 0.6203125 0.390625 0.390625
1 0.703125 0.45625 0.390625 0.228125
0 0.8046875 0.559375 0.390625 0.390625
0 0.425 0.4171875 0.390625 0.390625
0 0.8046875 0.4421875 0.390625 0.390625