0 0.7390625 0.2140625 0.390625 0.390625
1 0.49921875 0.7 0.1171875 0.390625
0 0.6140625 0.3546875 0.390625 0.390625
1 0.58984375 0.240625 0.2046875 0.390625
1 0.11953125 0.2609375 0.2234375 0.390625
1 0.2 0.196875 0.390625 0.203125
0 0.6 0.4515625 0.390625 0.390625
0 0.69375 0.70625 0.390625 0.390625
0 0.3875 0.721875 0.390625 0.390625
1 0.87890625 0.2734375 0.2109375 0.390625
0 0.725 0.315625 0.390625 0.390625
1 0.13359375 0.375 0.1859375 0.390625
0 0.6734375 0.740625 0.390625 0.390625
0 0.7078125 0.325 0.390625 0.390625
0 0.6875 0.6578125 0.390625 0.390625