1 0.253125 0.4515625 0.128125 0.390625
0 0.3421875 0.7890625 0.390625 0.390625
1 0.85703125 0.678125 0.2296875 0.390625
0 0.540625 0.784375 0.390625 0.390625
0 0.7234375 0.428125 0.390625 0.390625
1 0.3703125 0.75859375 0.390625 0.2328125
1 0.42890625 0.284375 0.2421875 0.390625
0 0.4234375 0.7546875 0.390625 0.390625
1 0.4125 0.87265625 0.390625 0.2546875
0 0.4046875 0.45625 0.390625 0.390625
0 0.4984375 0.703125 0.390625 0.390625
0 0.74375 0.2171875 0.390625 0.390625
0 0.1953125 0.71875 0.390625 0.390625
1 0.68359375 0.3875 0.1609375 0.390625
0 0.2078125 0.3640625 0.390625 0.390625
1 0.77421875 0.4375 0.1828125 0.390625
0 0.1953125 0.721875 0.390625 0.390625
1 0.8046875 0.37109375 0.390625 0.2515625
0 0.5109375 0.30625 0.390625 0.390625
1 0.69375 0.790625 0.1375 0.390625
0 0.2390625 0.1953125 0.390625 0.390625
0 0.284375 0.5953125 0.390625 0.390625
0 0.1953125 0.7671875 0.390625 0.390625
1 0.675 0.61875 0.390625 0.178125
0 0.3171875 0.2984375 0.390625 0.390625
0 0.1953125 0.725 0.390625 0.390625
0 0.8046875 0.24375 0.390625 0.390625
1 0.34296875 0.7625 0.1265625 0.390625
1 0.2796875 0.3234375 0.14375 0.390625
1 0.321875 0.2015625 0.390625 0.13125
0 0.3625 0.7828125 0.390625 0.390625
0 0.8046875 0.2671875 0.390625 0.390625
0 0.3265625 0.7421875 0.390625 0.390625
0 0.1953125 0.7078125 0.390625 0.390625
1 0.3015625 0.7453125 0.390625 0.2125
0 0.7125 0.321875 0.390625 0.390625
1 0.35078125 0.646875 0.1953125 0.390625
1 0.3609375 0.753125 0.390625 0.134375
1 0.61015625 0.3453125 0.1359375 0.390625
0 0.1953125 0.6265625 0.390625 0.390625
0 0.3671875 0.1953125 0.390625 0.390625
0 0.8046875 0.4765625 0.390625 0.390625
1 0.31328125 0.61875 0.1265625 0.390625
1 0.4046875 0.628125 0.125 0.390625
1 0.746875 0.296875 0.2375 0.390625
1 0.43984375 0.31875 0.1578125 0.390625
1 0.38125 0.6328125 0.390625 0.24375
0 0.228125 0.4796875 0.390625 0.390625
0 0.3390625 0.8 0.390625 0.390625
0 0.26875 0.8046875 0.390625 0.390625