0 0.2625 0.778125 0.390625 0.390625
1 0.67890625 0.7125 0.1859375 0.390625
1 0.853125 0.4984375 0.271875 0.390625
0 0.215625 0.8046875 0.390625 0.390625
0 0.2828125 0.7796875 0.390625 0.390625
1 0.6796875 0.79921875 0.390625 0.1421875
0 0.746875 0.784375 0.390625 0.390625
1 0.8046875 0.296875 0.390625 0.209375
0 0.2375 0.525 0.390625 0.390625
1 0.85390625 0.5359375 0.2328125 0.390625
0 0.2625 0.6921875 0.390625 0.390625
1 0.2796875 0.6875 0.390625 0.190625
1 0.715625 0.3125 0.2125 0.390625
1 0.8046875 0.278125 0.390625 0.190625
0 0.715625 0.8046875 0.390625 0.390625
1 0.22578125 0.796875 0.2328125 0.390625
0 0.465625 0.5828125 0.390625 0.390625
1 0.2640625 0.7140625 0.390625 0.20625
0 0.8046875 0.49375 0.390625 0.390625
1 0.30390625 0.728125 0.2703125 0.390625
0 0.5859375 0.2125 0.390625 0.390625
0 0.671875 0.2828125 0.390625 0.390625
1 0.74453125 0.8046875 0.2046875 0.390625
0 0.2015625 0.728125 0.390625 0.390625
1 0.8203125 0.6421875 0.21875 0.390625
1 0.7390625 0.28671875 0.390625 0.1421875
0 0.3453125 0.2234375 0.390625 0.390625
0 0.8046875 0.53125 0.390625 0.390625
1 0.2875 0.746875 0.390625 0.190625
0 0.6484375 0.8046875 0.390625 0.390625
1 0.2171875 0.796875 0.390625 0.253125
0 0.79375 0.1953125 0.390625 0.390625
1 0.721875 0.4046875 0.20625 0.390625
1 0.8046875 0.23984375 0.390625 0.2578125
0 0.1953125 0.615625 0.390625 0.390625
0 0.6890625 0.78125 0.390625 0.390625
1 0.5984375 0.8046875 0.13125 0.390625
0 0.1953125 0.6296875 0.390625 0.390625
1 0.3296875 0.3015625 0.390625 0.253125
0 0.2234375 0.73125 0.390625 0.390625
1 0.7265625 0.7625 0.390625 0.23125
0 0.225 0.45 0.390625 0.390625
0 0.8046875 0.8046875 0.390625 0.390625
1 0.8046875 0.2921875 0.390625 0.16875
1 0.259375 0.703125 0.390625 0.16875
1 0.665625 0.3515625 0.140625 0.390625
0 0.8046875 0.3796875 0.390625 0.390625
0 0.7984375 0.240625 0.390625 0.390625
1 0.8046875 0.70390625 0.390625 0.2359375
1 0.640625 0.4703125 0.1375 0.390625