0 0.5015625 0.515625 0.390625 0.390625
1 0.6328125 0.409375 0.390625 0.26875
1 0.2921875 0.3 0.165625 0.390625
1 0.653125 0.45234375 0.390625 0.1390625
0 0.7796875 0.5453125 0.390625 0.390625
0 0.75625 0.5453125 0.390625 0.390625
1 0.24453125 0.4953125 0.1953125 0.390625
0 0.534375 0.375 0.390625 0.390625
1 0.68125 0.18125 0.390625 0.159375
0 0.3546875 0.3484375 0.390625 0.390625
0 0.58125 0.265625 0.390625 0.390625
1 0.30625 0.2625 0.390625 0.14375
0 0.7015625 0.2671875 0.390625 0.390625
0 0.25625 0.734375 0.390625 0.390625
1 0.121875 0.6 0.15 0.390625