1 0.7140625 0.65703125 0.390625 0.1171875
0 0.48125 0.678125 0.390625 0.390625
0 0.50625 0.6515625 0.390625 0.390625
1 0.640625 0.6453125 0.390625 0.13125
1 0.690625 0.1875 0.390625 0.19375
0 0.5359375 0.396875 0.390625 0.390625
0 0.5625 0.5609375 0.390625 0.390625
0 0.3546875 0.3 0.390625 0.390625
0 0.4296875 0.753125 0.390625 0.390625
0 0.3609375 0.534375 0.390625 0.390625
0 0.7390625 0.7 0.390625 0.390625
0 0.340625 0.284375 0.390625 0.390625
1 0.440625 0.434375 0.13125 0.390625
0 0.6515625 0.4796875 0.390625 0.390625
1 0.409375 0.55 0.390625 0.159375