0 0.453125 0.3078125 0.390625 0.390625
0 0.6953125 0.7015625 0.390625 0.390625
1 0.09453125 0.353125 0.1890625 0.390625
0 0.1953125 0.3765625 0.390625 0.390625
1 0.2234375 0.3890625 0.390625 0.178125
1 0.690625 0.73203125 0.390625 0.2703125
1 0.31796875 0.625 0.1984375 0.390625
1 0.4890625 0.3 0.390625 0.134375
1 0.1953125 0.4625 0.390625 0.2625
0 0.1953125 0.353125 0.390625 0.390625
1 0.803125 0.75078125 0.390625 0.1515625
0 0.4515625 0.521875 0.390625 0.390625
1 0.1953125 0.3546875 0.390625 0.24375
1 0.26875 0.715625 0.25 0.390625
1 0.21875 0.5609375 0.390625 0.2625
0 0.234375 0.4078125 0.390625 0.390625
0 0.703125 0.5734375 0.390625 0.390625
0 0.1953125 0.35625 0.390625 0.390625
0 0.2546875 0.575 0.390625 0.390625
0 0.1953125 0.2484375 0.390625 0.390625
1 0.7375 0.71875 0.390625 0.128125
0 0.1953125 0.453125 0.390625 0.390625
1 0.35234375 0.775 0.2453125 0.390625
0 0.225 0.3875 0.390625 0.390625
0 0.7609375 0.784375 0.390625 0.390625
0 0.6796875 0.4046875 0.390625 0.390625
1 0.315625 0.6 0.390625 0.26875
0 0.7140625 0.8046875 0.390625 0.390625
0 0.3078125 0.7265625 0.390625 0.390625
1 0.384375 0.7515625 0.390625 0.221875
1 0.4546875 0.6421875 0.209375 0.390625
0 0.1953125 0.4859375 0.390625 0.390625
0 0.4234375 0.7640625 0.390625 0.390625
0 0.753125 0.678125 0.390625 0.390625
1 0.72890625 0.7421875 0.2234375 0.390625
0 0.7625 0.5 0.390625 0.390625
1 0.6953125 0.53515625 0.390625 0.2546875
1 0.2671875 0.7515625 0.15625 0.390625
1 0.64140625 0.2890625 0.2546875 0.390625
0 0.1953125 0.428125 0.390625 0.390625
0 0.7328125 0.765625 0.390625 0.390625
0 0.5734375 0.7578125 0.390625 0.390625
1 0.6953125 0.8046875 0.13125 0.390625
0 0.66875 0.2625 0.390625 0.390625
0 0.8046875 0.7796875 0.390625 0.390625
1 0.72734375 0.4484375 0.1328125 0.390625
1 0.1953125 0.5984375 0.390625 0.23125
1 0.303125 0.59765625 0.390625 0.2328125
0 0.346875 0.66875 0.390625 0.390625
1 0.70625 0.70234375 0.390625 0.1203125