1 0.1953125 0.21484375 0.390625 0.2671875
0 0.3953125 0.59375 0.390625 0.390625
0 0.271875 0.225 0.390625 0.390625
0 0.6765625 0.390625 0.390625 0.390625
1 0.225 0.2140625 0.390625 0.265625
1 0.16015625 0.20625 0.2078125 0.390625
1 0.6453125 0.33125 0.24375 0.390625
1 0.7015625 0.465625 0.14375 0.390625
0 0.7890625 0.4296875 0.390625 0.390625
1 0.1953125 0.80859375 0.390625 0.1734375
0 0.1953125 0.2625 0.390625 0.390625
1 0.240625 0.31875 0.390625 0.203125
1 0.17109375 0.771875 0.2578125 0.390625
1 0.75546875 0.5046875 0.2296875 0.390625
1 0.2078125 0.8046875 0.165625 0.390625
0 0.1953125 0.23125 0.390625 0.390625
0 0.1953125 0.8046875 0.390625 0.390625
1 0.36953125 0.1953125 0.2578125 0.390625
0 0.6578125 0.4109375 0.390625 0.390625
1 0.2296875 0.2578125 0.13125 0.390625
1 0.1953125 0.77578125 0.390625 0.2328125
0 0.2015625 0.234375 0.390625 0.390625
0 0.7796875 0.378125 0.390625 0.390625
1 0.1953125 0.8515625 0.390625 0.215625
0 0.1953125 0.740625 0.390625 0.390625
0 0.1953125 0.21875 0.390625 0.390625
0 0.253125 0.3671875 0.390625 0.390625
0 0.2734375 0.2796875 0.390625 0.390625
0 0.709375 0.571875 0.390625 0.390625
1 0.1953125 0.79453125 0.390625 0.1390625
1 0.1859375 0.3234375 0.225 0.390625
0 0.1953125 0.28125 0.390625 0.390625
1 0.2734375 0.1953125 0.271875 0.390625
0 0.2203125 0.3515625 0.390625 0.390625
1 0.65 0.5171875 0.390625 0.16875
1 0.675 0.69921875 0.390625 0.2546875
0 0.1953125 0.3125 0.390625 0.390625
1 0.5765625 0.5171875 0.390625 0.134375
1 0.1953125 0.2609375 0.390625 0.2625
1 0.66796875 0.4015625 0.1921875 0.390625
0 0.1953125 0.7265625 0.390625 0.390625
0 0.546875 0.484375 0.390625 0.390625
1 0.240625 0.378125 0.125 0.390625
0 0.2609375 0.1953125 0.390625 0.390625
1 0.75625 0.4203125 0.390625 0.15
0 0.4265625 0.2265625 0.390625 0.390625
1 0.1953125 0.8296875 0.390625 0.178125
0 0.759375 0.4765625 0.390625 0.390625
1 0.5765625 0.5203125 0.390625 0.190625
0 0.259375 0.6703125 0.390625 0.390625