1 0.6203125 0.2203125 0.178125 0.390625
1 0.7984375 0.62265625 0.390625 0.2296875
1 0.846875 0.5703125 0.25 0.390625
1 0.53203125 0.6953125 0.2203125 0.390625
0 0.8046875 0.5265625 0.390625 0.390625
0 0.8046875 0.4953125 0.390625 0.390625
0 0.503125 0.31875 0.390625 0.390625
0 0.7609375 0.65 0.390625 0.390625
0 0.7515625 0.55625 0.390625 0.390625
0 0.8046875 0.5640625 0.390625 0.390625
0 0.796875 0.5328125 0.390625 0.390625
1 0.6765625 0.546875 0.18125 0.390625
1 0.759375 0.55859375 0.390625 0.1296875
0 0.8046875 0.584375 0.390625 0.390625
1 0.1140625 0.4671875 0.121875 0.390625
1 0.775 0.521875 0.390625 0.11875
0 0.4171875 0.7734375 0.390625 0.390625
1 0.8046875 0.603125 0.390625 0.178125
0 0.8046875 0.5140625 0.390625 0.390625
0 0.7515625 0.5625 0.390625 0.390625
0 0.803125 0.5421875 0.390625 0.390625
0 0.759375 0.4828125 0.390625 0.390625
1 0.13203125 0.40625 0.2484375 0.390625
1 0.8375 0.5234375 0.26875 0.390625
1 0.740625 0.6265625 0.390625 0.26875
1 0.67734375 0.525 0.1578125 0.390625
1 0.83515625 0.6046875 0.1515625 0.390625
0 0.609375 0.340625 0.390625 0.390625
1 0.803125 0.5375 0.390625 0.146875
0 0.8046875 0.5765625 0.390625 0.390625
0 0.7765625 0.60625 0.390625 0.390625
0 0.8046875 0.5390625 0.390625 0.390625
1 0.8046875 0.58125 0.390625 0.175
1 0.8046875 0.534375 0.390625 0.159375
1 0.66015625 0.6515625 0.1328125 0.390625
1 0.7140625 0.60078125 0.390625 0.2265625
0 0.734375 0.378125 0.390625 0.390625
1 0.76015625 0.6359375 0.1984375 0.390625
1 0.74375 0.53203125 0.390625 0.2078125
0 0.7640625 0.5125 0.390625 0.390625
0 0.2546875 0.7328125 0.390625 0.390625
1 0.75625 0.53671875 0.390625 0.1703125
1 0.746875 0.5953125 0.390625 0.15
1 0.8046875 0.5296875 0.390625 0.240625
1 0.6765625 0.5546875 0.20625 0.390625
0 0.8046875 0.521875 0.390625 0.390625
0 0.7515625 0.5703125 0.390625 0.390625
1 0.784375 0.54453125 0.390625 0.1921875
0 0.8046875 0.5421875 0.390625 0.390625
1 0.81171875 0.53125 0.2046875 0.390625