1 0.5140625 0.6546875 0.390625 0.128125
0 0.4078125 0.1953125 0.390625 0.390625
1 0.2234375 0.75703125 0.390625 0.1828125
1 0.5625 0.8453125 0.390625 0.153125
0 0.5578125 0.6890625 0.390625 0.390625
1 0.80625 0.384375 0.25 0.390625
0 0.8046875 0.3796875 0.390625 0.390625
0 0.2859375 0.746875 0.390625 0.390625
1 0.3203125 0.765625 0.265625 0.390625
1 0.225 0.4375 0.390625 0.175
1 0.4515625 0.215625 0.390625 0.11875
0 0.7796875 0.346875 0.390625 0.390625
0 0.63125 0.690625 0.390625 0.390625
0 0.775 0.5328125 0.390625 0.390625
0 0.2234375 0.7546875 0.390625 0.390625
1 0.4984375 0.85546875 0.390625 0.1984375
1 0.8046875 0.20234375 0.390625 0.1609375
0 0.384375 0.553125 0.390625 0.390625
1 0.39296875 0.1953125 0.1421875 0.390625
0 0.6 0.7984375 0.390625 0.390625
0 0.65625 0.4734375 0.390625 0.390625
0 0.709375 0.5 0.390625 0.390625
0 0.2796875 0.7140625 0.390625 0.390625
1 0.553125 0.734375 0.134375 0.390625
0 0.284375 0.1953125 0.390625 0.390625
1 0.30625 0.78828125 0.390625 0.2109375
1 0.66875 0.4734375 0.2125 0.390625
0 0.8046875 0.3140625 0.390625 0.390625
0 0.3921875 0.415625 0.390625 0.390625
1 0.33125 0.4953125 0.24375 0.390625
1 0.52421875 0.475 0.1421875 0.390625
0 0.3390625 0.1953125 0.390625 0.390625
1 0.35 0.6078125 0.26875 0.390625
0 0.4421875 0.778125 0.390625 0.390625
0 0.58125 0.6828125 0.390625 0.390625
1 0.56875 0.7328125 0.140625 0.390625
1 0.69296875 0.40625 0.2046875 0.390625
1 0.440625 0.515625 0.390625 0.265625
0 0.7453125 0.4703125 0.390625 0.390625
0 0.8046875 0.1953125 0.390625 0.390625
0 0.6859375 0.5046875 0.390625 0.390625
0 0.5828125 0.6921875 0.390625 0.390625
1 0.81796875 0.434375 0.2046875 0.390625
1 0.559375 0.6796875 0.390625 0.2
1 0.5328125 0.74609375 0.390625 0.2390625
1 0.29375 0.684375 0.2375 0.390625
1 0.81484375 0.45625 0.2015625 0.390625
0 0.4484375 0.6859375 0.390625 0.390625
0 0.6625 0.7546875 0.390625 0.390625
1 0.21171875 0.778125 0.1453125 0.390625