0 0.5875 0.5546875 0.390625 0.390625
0 0.4984375 0.6140625 0.390625 0.390625
1 0.6953125 0.765625 0.390625 0.1875
0 0.7625 0.775 0.390625 0.390625
0 0.3828125 0.7421875 0.390625 0.390625
1 0.1953125 0.66484375 0.390625 0.1828125
1 0.4890625 0.5984375 0.178125 0.390625
0 0.23125 0.6453125 0.390625 0.390625
1 0.5421875 0.8265625 0.390625 0.26875
1 0.58046875 0.740625 0.1953125 0.390625
0 0.33125 0.728125 0.390625 0.390625
0 0.528125 0.534375 0.390625 0.390625
1 0.1953125 0.6703125 0.390625 0.184375
1 0.584375 0.6421875 0.390625 0.13125
1 0.240625 0.6515625 0.15 0.390625
0 0.56875 0.378125 0.390625 0.390625
1 0.3984375 0.7203125 0.390625 0.271875
1 0.490625 0.625 0.390625 0.14375
0 0.6125 0.7953125 0.390625 0.390625
1 0.2796875 0.7625 0.390625 0.225
1 0.2515625 0.71875 0.2125 0.390625
0 0.4765625 0.65625 0.390625 0.390625
0 0.7015625 0.8046875 0.390625 0.390625
1 0.5625 0.6203125 0.390625 0.153125
1 0.41015625 0.709375 0.1578125 0.390625
1 0.478125 0.65703125 0.390625 0.2296875
0 0.7625 0.7796875 0.390625 0.390625
0 0.6578125 0.8046875 0.390625 0.390625
1 0.23828125 0.6578125 0.2046875 0.390625
1 0.7453125 0.7015625 0.390625 0.15625
1 0.6140625 0.5796875 0.390625 0.128125
1 0.47265625 0.6078125 0.2171875 0.390625
0 0.203125 0.7734375 0.390625 0.390625
0 0.5046875 0.3515625 0.390625 0.390625
1 0.378125 0.70078125 0.390625 0.2484375
0 0.5140625 0.690625 0.390625 0.390625
1 0.575 0.58203125 0.390625 0.1296875
1 0.31953125 0.6234375 0.2609375 0.390625
1 0.1953125 0.725 0.390625 0.140625
1 0.50703125 0.60625 0.1640625 0.390625
0 0.7125 0.703125 0.390625 0.390625
1 0.36171875 0.703125 0.1703125 0.390625
0 0.6671875 0.7265625 0.390625 0.390625
1 0.7578125 0.5890625 0.175 0.390625
0 0.271875 0.5765625 0.390625 0.390625
0 0.2296875 0.7265625 0.390625 0.390625
1 0.61953125 0.559375 0.1453125 0.390625
0 0.2546875 0.709375 0.390625 0.390625
1 0.4625 0.715625 0.390625 0.265625
1 0.6796875 0.85625 0.390625 0.240625