0 0.7296875 0.5 0.390625 0.390625
0 0.284375 0.56875 0.390625 0.390625
0 0.203125 0.7125 0.390625 0.390625
0 0.7296875 0.6265625 0.390625 0.390625
0 0.5140625 0.278125 0.390625 0.390625
1 0.7171875 0.8015625 0.24375 0.390625
1 0.2375 0.15390625 0.390625 0.2390625
1 0.465625 0.3390625 0.228125 0.390625
0 0.48125 0.4625 0.390625 0.390625
0 0.340625 0.74375 0.390625 0.390625
1 0.42890625 0.5515625 0.1828125 0.390625
1 0.7296875 0.5234375 0.18125 0.390625
0 0.5890625 0.303125 0.390625 0.390625
1 0.80546875 0.7390625 0.1890625 0.390625
0 0.6234375 0.4625 0.390625 0.390625