0 0.4515625 0.3953125 0.390625 0.390625
0 0.353125 0.6015625 0.390625 0.390625
0 0.6921875 0.253125 0.390625 0.390625
0 0.2546875 0.2765625 0.390625 0.390625
1 0.609375 0.5859375 0.390625 0.215625
1 0.5984375 0.78515625 0.390625 0.1734375
0 0.6625 0.546875 0.390625 0.390625
1 0.4015625 0.25234375 0.390625 0.2078125
0 0.5171875 0.790625 0.390625 0.390625
1 0.796875 0.29765625 0.390625 0.1171875
1 0.603125 0.259375 0.390625 0.203125
0 0.6140625 0.4515625 0.390625 0.390625
1 0.50859375 0.2859375 0.1578125 0.390625
1 0.41875 0.89453125 0.390625 0.2078125
0 0.4328125 0.54375 0.390625 0.390625