0 0.1953125 0.8046875 0.390625 0.390625
0 0.396875 0.8046875 0.390625 0.390625
0 0.615625 0.5609375 0.390625 0.390625
1 0.1015625 0.8046875 0.203125 0.390625
0 0.2578125 0.303125 0.390625 0.390625
1 0.621875 0.59375 0.390625 0.134375
1 0.3625 0.8046875 0.121875 0.390625
1 0.396875 0.84375 0.390625 0.25
0 0.41875 0.7953125 0.390625 0.390625
0 0.6703125 0.684375 0.390625 0.390625
0 0.4375 0.8046875 0.390625 0.390625
0 0.7046875 0.65625 0.390625 0.390625
0 0.5546875 0.784375 0.390625 0.390625
0 0.4109375 0.7390625 0.390625 0.390625
1 0.1375 0.8046875 0.215625 0.390625
0 0.3703125 0.7703125 0.390625 0.390625
0 0.371875 0.8046875 0.390625 0.390625
1 0.1953125 0.7921875 0.390625 0.121875
1 0.071875 0.4875 0.125 0.390625
0 0.671875 0.725 0.390625 0.390625
0 0.2546875 0.8046875 0.390625 0.390625
0 0.2578125 0.8046875 0.390625 0.390625
1 0.1953125 0.88828125 0.390625 0.2140625
1 0.14609375 0.8046875 0.2578125 0.390625
0 0.6375 0.215625 0.390625 0.390625
1 0.378125 0.709375 0.390625 0.178125
1 0.653125 0.659375 0.390625 0.23125
1 0.76875 0.57890625 0.390625 0.2140625
1 0.359375 0.3953125 0.19375 0.390625
1 0.84375 0.66875 0.246875 0.390625
1 0.1953125 0.88671875 0.390625 0.2265625
1 0.1953125 0.80703125 0.390625 0.1265625
1 0.7265625 0.6859375 0.196875 0.390625
0 0.2765625 0.8046875 0.390625 0.390625
0 0.353125 0.8046875 0.390625 0.390625
0 0.1953125 0.8046875 0.390625 0.390625
1 0.19765625 0.8046875 0.2546875 0.390625
0 0.70625 0.2109375 0.390625 0.390625
1 0.08359375 0.4015625 0.1296875 0.390625
0 0.2828125 0.8046875 0.390625 0.390625
0 0.5640625 0.3109375 0.390625 0.390625
1 0.20234375 0.36875 0.1828125 0.390625
0 0.28125 0.8046875 0.390625 0.390625
0 0.3859375 0.7109375 0.390625 0.390625
0 0.259375 0.746875 0.390625 0.390625
0 0.346875 0.7703125 0.390625 0.390625
0 0.775 0.6421875 0.390625 0.390625
1 0.70859375 0.7703125 0.2015625 0.390625
1 0.25625 0.85625 0.390625 0.128125
1 0.3421875 0.88828125 0.390625 0.1640625