1 0.621875 0.2171875 0.390625 0.253125
1 0.70625 0.34609375 0.390625 0.2296875
0 0.2453125 0.7078125 0.390625 0.390625
0 0.51875 0.2328125 0.390625 0.390625
1 0.4921875 0.30703125 0.390625 0.1765625
0 0.3015625 0.8046875 0.390625 0.390625
0 0.3328125 0.7921875 0.390625 0.390625
1 0.50703125 0.5421875 0.1234375 0.390625
1 0.2078125 0.90078125 0.390625 0.1984375
0 0.2953125 0.35 0.390625 0.390625
0 0.240625 0.4828125 0.390625 0.390625
0 0.79375 0.2421875 0.390625 0.390625
1 0.1953125 0.575 0.390625 0.175
1 0.803125 0.1890625 0.390625 0.1625
0 0.1953125 0.6046875 0.390625 0.390625
0 0.1953125 0.6734375 0.390625 0.390625
1 0.3328125 0.63203125 0.390625 0.1484375
1 0.20625 0.40078125 0.390625 0.1546875
0 0.640625 0.30625 0.390625 0.390625
0 0.4671875 0.771875 0.390625 0.390625
1 0.7703125 0.30078125 0.390625 0.2046875
0 0.2453125 0.8046875 0.390625 0.390625
0 0.6296875 0.3015625 0.390625 0.390625
1 0.6671875 0.2609375 0.20625 0.390625
1 0.28125 0.4796875 0.16875 0.390625
0 0.740625 0.34375 0.390625 0.390625
0 0.1953125 0.5703125 0.390625 0.390625
0 0.6125 0.3046875 0.390625 0.390625
0 0.2421875 0.3765625 0.390625 0.390625
0 0.1953125 0.8046875 0.390625 0.390625
1 0.2421875 0.46875 0.215625 0.390625
0 0.1953125 0.4765625 0.390625 0.390625
0 0.2171875 0.8046875 0.390625 0.390625
1 0.7109375 0.3 0.390625 0.175
0 0.684375 0.3859375 0.390625 0.390625
0 0.55 0.2515625 0.390625 0.390625
1 0.1984375 0.41015625 0.390625 0.2109375
1 0.64375 0.2484375 0.390625 0.24375
0 0.259375 0.5234375 0.390625 0.390625
0 0.7640625 0.3265625 0.390625 0.390625
0 0.58125 0.328125 0.390625 0.390625
0 0.4375 0.4171875 0.390625 0.390625
1 0.21796875 0.721875 0.1703125 0.390625
1 0.18984375 0.759375 0.1203125 0.390625
1 0.14765625 0.8046875 0.1921875 0.390625
0 0.30625 0.68125 0.390625 0.390625
1 0.26875 0.7953125 0.390625 0.2625
0 0.1953125 0.5234375 0.390625 0.390625
1 0.665625 0.15625 0.390625 0.14375
1 0.1953125 0.56953125 0.390625 0.2328125