0 0.7453125 0.8046875 0.390625 0.390625
0 0.8046875 0.1953125 0.390625 0.390625
1 0.7421875 0.84921875 0.390625 0.2609375
1 0.7859375 0.1859375 0.390625 0.271875
0 0.5109375 0.3171875 0.390625 0.390625
1 0.440625 0.4046875 0.209375 0.390625
0 0.51875 0.2578125 0.390625 0.390625
0 0.7140625 0.8046875 0.390625 0.390625
0 0.55 0.240625 0.390625 0.390625
1 0.38125 0.31953125 0.390625 0.1609375
0 0.7625 0.196875 0.390625 0.390625
0 0.7125 0.703125 0.390625 0.390625
0 0.575 0.2671875 0.390625 0.390625
1 0.384375 0.83046875 0.390625 0.1953125
0 0.7046875 0.1953125 0.390625 0.390625
1 0.75 0.1953125 0.178125 0.390625
0 0.7171875 0.8046875 0.390625 0.390625
0 0.665625 0.8046875 0.390625 0.390625
0 0.8046875 0.2828125 0.390625 0.390625
1 0.61796875 0.31875 0.1734375 0.390625
0 0.7453125 0.8046875 0.390625 0.390625
1 0.7265625 0.83359375 0.390625 0.2546875
0 0.5109375 0.659375 0.390625 0.390625
1 0.51875 0.29375 0.240625 0.390625
0 0.7390625 0.8046875 0.390625 0.390625
0 0.6328125 0.8046875 0.390625 0.390625
1 0.1984375 0.79765625 0.390625 0.2203125
1 0.8046875 0.1375 0.390625 0.18125
0 0.6921875 0.571875 0.390625 0.390625
1 0.4984375 0.246875 0.21875 0.390625
1 0.5296875 0.26171875 0.390625 0.2546875
0 0.7359375 0.6796875 0.390625 0.390625
0 0.7421875 0.8046875 0.390625 0.390625
0 0.8015625 0.8046875 0.390625 0.390625
0 0.5984375 0.3140625 0.390625 0.390625
1 0.8046875 0.2203125 0.390625 0.234375
0 0.71875 0.8046875 0.390625 0.390625
0 0.8046875 0.7109375 0.390625 0.390625
0 0.79375 0.8046875 0.390625 0.390625
1 0.7046875 0.8046875 0.14375 0.390625
1 0.221875 0.33984375 0.390625 0.1640625
0 0.8046875 0.1953125 0.390625 0.390625
0 0.7546875 0.7609375 0.390625 0.390625
1 0.48046875 0.634375 0.1796875 0.390625
0 0.5140625 0.36875 0.390625 0.390625
0 0.7828125 0.203125 0.390625 0.390625
0 0.725 0.7828125 0.390625 0.390625
1 0.875 0.24375 0.121875 0.390625
0 0.721875 0.8046875 0.390625 0.390625
0 0.58125 0.3 0.390625 0.390625