0 0.590625 0.2 0.390625 0.390625
1 0.7140625 0.1953125 0.265625 0.390625
1 0.12890625 0.7734375 0.2078125 0.390625
1 0.584375 0.1953125 0.390625 0.203125
0 0.3796875 0.8046875 0.390625 0.390625
1 0.275 0.78203125 0.390625 0.2328125
1 0.6609375 0.1953125 0.2 0.390625
1 0.6046875 0.1953125 0.209375 0.390625
1 0.41875 0.7609375 0.234375 0.390625
1 0.43046875 0.7734375 0.1703125 0.390625
1 0.8390625 0.3765625 0.16875 0.390625
1 0.3140625 0.903125 0.390625 0.128125
0 0.565625 0.48125 0.390625 0.390625
0 0.1953125 0.7546875 0.390625 0.390625
1 0.675 0.1953125 0.26875 0.390625
0 0.1953125 0.75625 0.390625 0.390625
1 0.603125 0.20234375 0.390625 0.2296875
1 0.35390625 0.6515625 0.2296875 0.390625
1 0.8046875 0.3921875 0.390625 0.1375
1 0.8203125 0.228125 0.209375 0.390625
0 0.5921875 0.265625 0.390625 0.390625
0 0.8046875 0.34375 0.390625 0.390625
1 0.8046875 0.4234375 0.390625 0.259375
0 0.8046875 0.5734375 0.390625 0.390625
1 0.8 0.7265625 0.234375 0.390625
1 0.6 0.1953125 0.390625 0.153125
1 0.2953125 0.75703125 0.390625 0.1578125
1 0.54375 0.1953125 0.140625 0.390625
0 0.7765625 0.565625 0.390625 0.390625
0 0.8046875 0.328125 0.390625 0.390625
1 0.8046875 0.396875 0.390625 0.171875
0 0.8046875 0.6875 0.390625 0.390625
0 0.8046875 0.4046875 0.390625 0.390625
0 0.328125 0.8046875 0.390625 0.390625
1 0.434375 0.834375 0.390625 0.153125
1 0.3921875 0.21953125 0.390625 0.1453125
0 0.690625 0.3765625 0.390625 0.390625
1 0.196875 0.8046875 0.20625 0.390625
0 0.2859375 0.596875 0.390625 0.390625
0 0.2203125 0.728125 0.390625 0.390625
1 0.9 0.6640625 0.13125 0.390625
0 0.653125 0.55625 0.390625 0.390625
0 0.40625 0.478125 0.390625 0.390625
1 0.4375 0.3984375 0.390625 0.20625
1 0.6453125 0.1953125 0.203125 0.390625
1 0.375 0.72890625 0.390625 0.1859375
1 0.53984375 0.7484375 0.2359375 0.390625
0 0.2109375 0.709375 0.390625 0.390625
1 0.7203125 0.225 0.171875 0.390625
1 0.171875 0.8046875 0.221875 0.390625