0 0.8046875 0.603125 0.390625 0.390625
1 0.19296875 0.515625 0.2234375 0.390625
0 0.359375 0.371875 0.390625 0.390625
0 0.1953125 0.528125 0.390625 0.390625
1 0.7078125 0.6734375 0.390625 0.228125
0 0.596875 0.6265625 0.390625 0.390625
0 0.196875 0.4421875 0.390625 0.390625
1 0.6578125 0.6828125 0.184375 0.390625
0 0.1953125 0.5125 0.390625 0.390625
0 0.5859375 0.23125 0.390625 0.390625
0 0.2953125 0.2921875 0.390625 0.390625
0 0.2046875 0.31875 0.390625 0.390625
1 0.615625 0.646875 0.165625 0.390625
1 0.20234375 0.334375 0.1640625 0.390625
1 0.60234375 0.340625 0.1890625 0.390625
1 0.55859375 0.5828125 0.1953125 0.390625
0 0.6203125 0.209375 0.390625 0.390625
1 0.68046875 0.61875 0.1671875 0.390625
0 0.71875 0.675 0.390625 0.390625
0 0.8046875 0.6515625 0.390625 0.390625
1 0.8484375 0.63125 0.1875 0.390625
0 0.2390625 0.421875 0.390625 0.390625
0 0.2421875 0.40625 0.390625 0.390625
0 0.7296875 0.690625 0.390625 0.390625
0 0.575 0.7125 0.390625 0.390625
1 0.1953125 0.27421875 0.390625 0.2515625
1 0.8046875 0.5359375 0.390625 0.13125
1 0.2609375 0.325 0.23125 0.390625
1 0.265625 0.31171875 0.390625 0.2609375
0 0.484375 0.3109375 0.390625 0.390625
1 0.23046875 0.340625 0.2359375 0.390625
1 0.8046875 0.62734375 0.390625 0.2234375
1 0.8046875 0.746875 0.390625 0.209375
0 0.2171875 0.509375 0.390625 0.390625
0 0.703125 0.5984375 0.390625 0.390625
0 0.240625 0.29375 0.390625 0.390625
1 0.334375 0.26875 0.19375 0.390625
1 0.409375 0.74609375 0.390625 0.1203125
0 0.4359375 0.2796875 0.390625 0.390625
0 0.3609375 0.265625 0.390625 0.390625
1 0.8046875 0.578125 0.390625 0.178125
0 0.6359375 0.6765625 0.390625 0.390625
0 0.3484375 0.3265625 0.390625 0.390625
0 0.8046875 0.71875 0.390625 0.390625
0 0.3859375 0.4546875 0.390625 0.390625
0 0.4515625 0.4484375 0.390625 0.390625
1 0.90703125 0.66875 0.1796875 0.390625
0 0.1953125 0.3421875 0.390625 0.390625
1 0.76875 0.7484375 0.171875 0.390625
0 0.3359375 0.6109375 0.390625 0.390625