1 0.52265625 0.5390625 0.1484375 0.390625
0 0.215625 0.5796875 0.390625 0.390625
0 0.490625 0.7890625 0.390625 0.390625
0 0.2 0.6546875 0.390625 0.390625
1 0.7671875 0.2078125 0.1625 0.390625
0 0.384375 0.4984375 0.390625 0.390625
1 0.6328125 0.5328125 0.390625 0.203125
1 0.746875 0.54609375 0.390625 0.2546875
0 0.4171875 0.2671875 0.390625 0.390625
1 0.6578125 0.3203125 0.253125 0.390625
0 0.5859375 0.7296875 0.390625 0.390625
1 0.546875 0.3046875 0.390625 0.228125
0 0.196875 0.7296875 0.390625 0.390625
1 0.2546875 0.45390625 0.390625 0.1609375
1 0.528125 0.778125 0.2625 0.390625