1 0.546875 0.271875 0.390625 0.125
0 0.58125 0.5078125 0.390625 0.390625
1 0.13984375 0.6828125 0.1890625 0.390625
0 0.53125 0.4625 0.390625 0.390625
1 0.796875 0.7390625 0.25625 0.390625
0 0.4 0.2546875 0.390625 0.390625
0 0.503125 0.296875 0.390625 0.390625
0 0.4296875 0.7359375 0.390625 0.390625
0 0.4390625 0.409375 0.390625 0.390625
0 0.425 0.515625 0.390625 0.390625
0 0.64375 0.3109375 0.390625 0.390625
1 0.37734375 0.459375 0.1796875 0.390625
1 0.21484375 0.6734375 0.2421875 0.390625
0 0.2265625 0.6875 0.390625 0.390625
0 0.4125 0.7421875 0.390625 0.390625