1 0.5640625 0.3515625 0.390625 0.2375
1 0.2296875 0.6765625 0.128125 0.390625
0 0.31875 0.5671875 0.390625 0.390625
0 0.6453125 0.546875 0.390625 0.390625
1 0.24375 0.6296875 0.390625 0.146875
1 0.484375 0.6015625 0.178125 0.390625
0 0.690625 0.4421875 0.390625 0.390625
1 0.328125 0.40390625 0.390625 0.2390625
1 0.6390625 0.1953125 0.390625 0.259375
0 0.4078125 0.746875 0.390625 0.390625
0 0.525 0.4765625 0.390625 0.390625
0 0.4796875 0.2640625 0.390625 0.390625
1 0.321875 0.63828125 0.390625 0.1359375
0 0.7390625 0.584375 0.390625 0.390625
1 0.83515625 0.2484375 0.2546875 0.390625