0 0.3 0.578125 0.390625 0.390625
1 0.3171875 0.42265625 0.390625 0.1671875
1 0.2140625 0.2 0.390625 0.25625
1 0.446875 0.634375 0.390625 0.159375
0 0.39375 0.23125 0.390625 0.390625
0 0.246875 0.6796875 0.390625 0.390625
0 0.5046875 0.7515625 0.390625 0.390625
0 0.5859375 0.390625 0.390625 0.390625
0 0.625 0.5640625 0.390625 0.390625
0 0.765625 0.6984375 0.390625 0.390625
1 0.6984375 0.26171875 0.390625 0.2453125
0 0.26875 0.6375 0.390625 0.390625
1 0.1203125 0.7484375 0.215625 0.390625
0 0.2703125 0.35 0.390625 0.390625
1 0.496875 0.6171875 0.390625 0.240625