0 0.8046875 0.6 0.390625 0.390625
0 0.50625 0.6921875 0.390625 0.390625
0 0.3625 0.3265625 0.390625 0.390625
0 0.50625 0.740625 0.390625 0.390625
1 0.3375 0.44765625 0.390625 0.2703125
0 0.359375 0.7671875 0.390625 0.390625
0 0.40625 0.7125 0.390625 0.390625
0 0.3640625 0.8046875 0.390625 0.390625
0 0.715625 0.1953125 0.390625 0.390625
0 0.759375 0.54375 0.390625 0.390625
0 0.8046875 0.44375 0.390625 0.390625
0 0.3078125 0.60625 0.390625 0.390625
1 0.46328125 0.7671875 0.2453125 0.390625
1 0.753125 0.22578125 0.390625 0.2296875
1 0.7859375 0.33515625 0.390625 0.1796875
1 0.82734375 0.5703125 0.1265625 0.390625
1 0.8046875 0.58671875 0.390625 0.1171875
0 0.3390625 0.3421875 0.390625 0.390625
1 0.55 0.77421875 0.390625 0.1546875
0 0.29375 0.384375 0.390625 0.390625
0 0.515625 0.8 0.390625 0.390625
0 0.5765625 0.8046875 0.390625 0.390625
1 0.7 0.26796875 0.390625 0.1640625
0 0.4140625 0.7578125 0.390625 0.390625
0 0.8046875 0.5078125 0.390625 0.390625
0 0.6125 0.5515625 0.390625 0.390625
0 0.6359375 0.7796875 0.390625 0.390625
1 0.603125 0.8046875 0.128125 0.390625
1 0.3453125 0.459375 0.390625 0.171875
1 0.234375 0.4171875 0.165625 0.390625
1 0.4140625 0.671875 0.184375 0.390625
0 0.4328125 0.7484375 0.390625 0.390625
0 0.765625 0.5015625 0.390625 0.390625
0 0.8046875 0.646875 0.390625 0.390625
0 0.571875 0.8046875 0.390625 0.390625
1 0.696875 0.44921875 0.390625 0.1234375
1 0.30625 0.8015625 0.246875 0.390625
0 0.7890625 0.609375 0.390625 0.390625
1 0.54375 0.8046875 0.259375 0.390625
0 0.290625 0.4484375 0.390625 0.390625
0 0.778125 0.515625 0.390625 0.390625
1 0.75 0.2890625 0.390625 0.171875
1 0.3140625 0.440625 0.128125 0.390625
1 0.46953125 0.6578125 0.1359375 0.390625
0 0.396875 0.709375 0.390625 0.390625
1 0.74375 0.50703125 0.390625 0.2078125
1 0.603125 0.7453125 0.390625 0.196875
0 0.4734375 0.559375 0.390625 0.390625
1 0.41796875 0.571875 0.1515625 0.390625
1 0.1875 0.325 0.221875 0.390625