0 0.5578125 0.74375 0.390625 0.390625
0 0.2359375 0.4703125 0.390625 0.390625
0 0.659375 0.284375 0.390625 0.390625
1 0.165625 0.5375 0.253125 0.390625
1 0.2515625 0.4546875 0.390625 0.215625
1 0.5640625 0.725 0.25 0.390625
1 0.303125 0.37265625 0.390625 0.1484375
1 0.5671875 0.40859375 0.390625 0.1203125
0 0.7125 0.6140625 0.390625 0.390625
0 0.7609375 0.7890625 0.390625 0.390625
0 0.5015625 0.7203125 0.390625 0.390625
1 0.6421875 0.89453125 0.390625 0.1984375
1 0.715625 0.83515625 0.390625 0.1890625
1 0.88046875 0.6078125 0.1703125 0.390625
0 0.6734375 0.678125 0.390625 0.390625