1 0.86640625 0.434375 0.1828125 0.390625
0 0.3171875 0.4890625 0.390625 0.390625
1 0.5078125 0.21875 0.390625 0.159375
0 0.1953125 0.5375 0.390625 0.390625
1 0.184375 0.609375 0.221875 0.390625
0 0.30625 0.484375 0.390625 0.390625
0 0.6984375 0.4875 0.390625 0.390625
1 0.51640625 0.2703125 0.2515625 0.390625
1 0.6828125 0.2859375 0.203125 0.390625
0 0.2734375 0.2890625 0.390625 0.390625
1 0.58984375 0.328125 0.2546875 0.390625
1 0.5953125 0.43515625 0.390625 0.1765625
0 0.209375 0.684375 0.390625 0.390625
0 0.6015625 0.315625 0.390625 0.390625
1 0.203125 0.565625 0.390625 0.140625
0 0.228125 0.5828125 0.390625 0.390625
1 0.5890625 0.5015625 0.13125 0.390625
1 0.46875 0.40546875 0.390625 0.1359375
1 0.62421875 0.221875 0.2484375 0.390625
1 0.38515625 0.609375 0.1421875 0.390625
0 0.1953125 0.665625 0.390625 0.390625
1 0.315625 0.5125 0.178125 0.390625
1 0.75 0.20390625 0.390625 0.2171875
0 0.2609375 0.2859375 0.390625 0.390625
1 0.4953125 0.546875 0.390625 0.146875
1 0.49453125 0.2453125 0.2703125 0.390625
0 0.5953125 0.4625 0.390625 0.390625
1 0.603125 0.42890625 0.390625 0.1796875
1 0.434375 0.534375 0.390625 0.215625
1 0.209375 0.5421875 0.184375 0.390625
0 0.2953125 0.534375 0.390625 0.390625
0 0.33125 0.484375 0.390625 0.390625
0 0.1953125 0.5484375 0.390625 0.390625
1 0.1953125 0.53671875 0.390625 0.2359375
1 0.3296875 0.2484375 0.15 0.390625
1 0.48359375 0.303125 0.1453125 0.390625
0 0.5171875 0.1953125 0.390625 0.390625
1 0.59375 0.45546875 0.390625 0.1953125
1 0.5921875 0.39375 0.246875 0.390625
0 0.2015625 0.575 0.390625 0.390625
0 0.8015625 0.646875 0.390625 0.390625
1 0.1953125 0.51953125 0.390625 0.2453125
1 0.5953125 0.43125 0.390625 0.225
0 0.55625 0.240625 0.390625 0.390625
0 0.6171875 0.2078125 0.390625 0.390625
1 0.1953125 0.54921875 0.390625 0.2078125
0 0.615625 0.6984375 0.390625 0.390625
1 0.221875 0.64765625 0.390625 0.2484375
0 0.6546875 0.3 0.390625 0.390625
0 0.4375 0.275 0.390625 0.390625