1 0.5265625 0.709375 0.2625 0.390625
0 0.4109375 0.5703125 0.390625 0.390625
0 0.5859375 0.515625 0.390625 0.390625
0 0.5140625 0.6578125 0.390625 0.390625
0 0.7765625 0.475 0.390625 0.390625
1 0.6875 0.42734375 0.390625 0.1546875
0 0.734375 0.2046875 0.390625 0.390625
0 0.2421875 0.3796875 0.390625 0.390625
1 0.4390625 0.77421875 0.390625 0.2421875
0 0.328125 0.628125 0.390625 0.390625
0 0.375 0.5875 0.390625 0.390625
0 0.3890625 0.3875 0.390625 0.390625
1 0.2734375 0.61015625 0.390625 0.2453125
0 0.7390625 0.2796875 0.390625 0.390625
1 0.7484375 0.27109375 0.390625 0.2640625