0 0.7984375 0.29375 0.390625 0.390625
1 0.80234375 0.2953125 0.2046875 0.390625
1 0.65625 0.81640625 0.390625 0.1859375
0 0.7296875 0.2515625 0.390625 0.390625
0 0.8046875 0.365625 0.390625 0.390625
0 0.6328125 0.228125 0.390625 0.390625
0 0.403125 0.434375 0.390625 0.390625
0 0.5578125 0.3609375 0.390625 0.390625
0 0.7515625 0.7625 0.390625 0.390625
0 0.5078125 0.54375 0.390625 0.390625
0 0.665625 0.234375 0.390625 0.390625
0 0.7671875 0.1953125 0.390625 0.390625
0 0.8046875 0.3609375 0.390625 0.390625
1 0.75078125 0.1953125 0.2234375 0.390625
0 0.6453125 0.571875 0.390625 0.390625
0 0.64375 0.584375 0.390625 0.390625
1 0.6984375 0.1953125 0.165625 0.390625
0 0.75 0.296875 0.390625 0.390625
1 0.6109375 0.2328125 0.390625 0.19375
0 0.70625 0.8046875 0.390625 0.390625
1 0.60234375 0.4828125 0.2265625 0.390625
1 0.765625 0.4171875 0.16875 0.390625
1 0.8046875 0.67890625 0.390625 0.2328125
0 0.575 0.3828125 0.390625 0.390625
1 0.6984375 0.1953125 0.25 0.390625
0 0.8046875 0.1953125 0.390625 0.390625
1 0.7609375 0.62578125 0.390625 0.2609375
0 0.78125 0.7625 0.390625 0.390625
1 0.7171875 0.4359375 0.390625 0.153125
0 0.696875 0.1953125 0.390625 0.390625
0 0.8015625 0.2765625 0.390625 0.390625
1 0.6328125 0.8046875 0.140625 0.390625
0 0.7734375 0.1953125 0.390625 0.390625
0 0.7625 0.2203125 0.390625 0.390625
0 0.7984375 0.1953125 0.390625 0.390625
1 0.715625 0.8046875 0.225 0.390625
1 0.8609375 0.2375 0.178125 0.390625
0 0.6984375 0.215625 0.390625 0.390625
1 0.66171875 0.8046875 0.1640625 0.390625
0 0.78125 0.290625 0.390625 0.390625
1 0.6953125 0.7703125 0.390625 0.18125
1 0.7390625 0.2640625 0.1875 0.390625
1 0.1765625 0.65625 0.14375 0.390625
0 0.8046875 0.2140625 0.390625 0.390625
0 0.6796875 0.5296875 0.390625 0.390625
1 0.49453125 0.4296875 0.2265625 0.390625
1 0.659375 0.1953125 0.140625 0.390625
1 0.76171875 0.6125 0.2296875 0.390625
0 0.2390625 0.74375 0.390625 0.390625
1 0.5640625 0.08984375 0.390625 0.1453125