0 0.5921875 0.4375 0.390625 0.390625
0 0.2484375 0.1953125 0.390625 0.390625
1 0.5234375 0.7296875 0.23125 0.390625
1 0.509375 0.8140625 0.390625 0.19375
0 0.596875 0.7375 0.390625 0.390625
1 0.546875 0.4375 0.1625 0.390625
0 0.665625 0.8046875 0.390625 0.390625
0 0.5609375 0.3484375 0.390625 0.390625
1 0.53359375 0.4140625 0.1296875 0.390625
0 0.1953125 0.1953125 0.390625 0.390625
1 0.13984375 0.1953125 0.1328125 0.390625
1 0.646875 0.37890625 0.390625 0.1484375
1 0.6625 0.3765625 0.390625 0.26875
1 0.1953125 0.1703125 0.390625 0.190625
1 0.6375 0.1765625 0.390625 0.253125
1 0.56875 0.8046875 0.246875 0.390625
1 0.40703125 0.8046875 0.2015625 0.390625
0 0.5484375 0.8046875 0.390625 0.390625
0 0.3796875 0.2328125 0.390625 0.390625
1 0.6296875 0.46171875 0.390625 0.1328125
0 0.50625 0.7984375 0.390625 0.390625
0 0.1953125 0.2234375 0.390625 0.390625
0 0.475 0.5015625 0.390625 0.390625
0 0.1953125 0.1953125 0.390625 0.390625
0 0.6078125 0.5109375 0.390625 0.390625
1 0.55 0.5640625 0.178125 0.390625
1 0.315625 0.81015625 0.390625 0.2390625
1 0.21484375 0.215625 0.2609375 0.390625
1 0.2359375 0.2203125 0.228125 0.390625
0 0.2125 0.196875 0.390625 0.390625
1 0.4875 0.86875 0.390625 0.2125
0 0.590625 0.4234375 0.390625 0.390625
1 0.53203125 0.7421875 0.2515625 0.390625
1 0.7015625 0.3609375 0.11875 0.390625
0 0.5953125 0.4140625 0.390625 0.390625
1 0.1953125 0.19765625 0.390625 0.1671875
0 0.2390625 0.2453125 0.390625 0.390625
0 0.53125 0.76875 0.390625 0.390625
0 0.5859375 0.6390625 0.390625 0.390625
0 0.63125 0.3671875 0.390625 0.390625
1 0.628125 0.3390625 0.2 0.390625
0 0.64375 0.4109375 0.390625 0.390625
0 0.2515625 0.1953125 0.390625 0.390625
0 0.6125 0.76875 0.390625 0.390625
0 0.1953125 0.1953125 0.390625 0.390625
1 0.6359375 0.6875 0.2 0.390625
0 0.1984375 0.1953125 0.390625 0.390625
1 0.6453125 0.71484375 0.390625 0.1484375
0 0.6796875 0.4046875 0.390625 0.390625
0 0.5890625 0.7765625 0.390625 0.390625