1 0.2265625 0.6484375 0.171875 0.390625
0 0.51875 0.3390625 0.390625 0.390625
0 0.2203125 0.6109375 0.390625 0.390625
0 0.575 0.790625 0.390625 0.390625
0 0.4765625 0.525 0.390625 0.390625
0 0.8015625 0.2828125 0.390625 0.390625
0 0.7328125 0.5296875 0.390625 0.390625
1 0.64296875 0.3140625 0.1890625 0.390625
1 0.0890625 0.253125 0.153125 0.390625
0 0.6703125 0.3046875 0.390625 0.390625
1 0.68125 0.77421875 0.390625 0.1546875
1 0.1953125 0.140625 0.390625 0.15
1 0.21015625 0.4140625 0.2515625 0.390625
0 0.7640625 0.6796875 0.390625 0.390625
0 0.584375 0.628125 0.390625 0.390625