1 0.43125 0.3453125 0.390625 0.196875
1 0.43359375 0.478125 0.2578125 0.390625
1 0.15859375 0.2390625 0.2078125 0.390625
1 0.640625 0.303125 0.15 0.390625
1 0.128125 0.5234375 0.128125 0.390625
1 0.4421875 0.3578125 0.390625 0.221875
1 0.50390625 0.228125 0.2109375 0.390625
1 0.43515625 0.3203125 0.2109375 0.390625
1 0.2953125 0.2734375 0.240625 0.390625
1 0.41640625 0.2078125 0.1234375 0.390625
1 0.4625 0.653125 0.246875 0.390625
0 0.3859375 0.2875 0.390625 0.390625
1 0.7515625 0.5234375 0.121875 0.390625
0 0.590625 0.3921875 0.390625 0.390625
1 0.34140625 0.5234375 0.2390625 0.390625