0 0.68125 0.646875 0.390625 0.390625
1 0.40625 0.7671875 0.390625 0.175
1 0.215625 0.20625 0.390625 0.2625
0 0.2203125 0.4484375 0.390625 0.390625
0 0.7046875 0.6984375 0.390625 0.390625
0 0.4828125 0.3125 0.390625 0.390625
1 0.7125 0.7546875 0.184375 0.390625
1 0.3015625 0.81484375 0.390625 0.2140625
0 0.4546875 0.8046875 0.390625 0.390625
0 0.5234375 0.3484375 0.390625 0.390625
0 0.1953125 0.58125 0.390625 0.390625
0 0.409375 0.8046875 0.390625 0.390625
1 0.3328125 0.6546875 0.390625 0.271875
1 0.7484375 0.75703125 0.390625 0.2484375
1 0.7015625 0.71328125 0.390625 0.2203125
1 0.59375 0.7015625 0.125 0.390625
1 0.6421875 0.746875 0.390625 0.159375
0 0.3734375 0.7859375 0.390625 0.390625
1 0.325 0.7828125 0.390625 0.171875
0 0.6109375 0.63125 0.390625 0.390625
0 0.6484375 0.8046875 0.390625 0.390625
0 0.1953125 0.365625 0.390625 0.390625
0 0.259375 0.3625 0.390625 0.390625
0 0.246875 0.4484375 0.390625 0.390625
1 0.790625 0.8078125 0.390625 0.253125
1 0.440625 0.734375 0.121875 0.390625
0 0.6578125 0.709375 0.390625 0.390625
0 0.2125 0.5984375 0.390625 0.390625
0 0.3671875 0.8046875 0.390625 0.390625
1 0.6796875 0.70625 0.390625 0.221875
1 0.6625 0.76171875 0.390625 0.1359375
1 0.6640625 0.6359375 0.240625 0.390625
1 0.7390625 0.7546875 0.178125 0.390625
0 0.7296875 0.8046875 0.390625 0.390625
0 0.1953125 0.3921875 0.390625 0.390625
0 0.7421875 0.6796875 0.390625 0.390625
0 0.453125 0.8046875 0.390625 0.390625
0 0.7421875 0.75 0.390625 0.390625
0 0.5234375 0.765625 0.390625 0.390625
0 0.4640625 0.8046875 0.390625 0.390625
1 0.440625 0.7546875 0.390625 0.14375
1 0.25078125 0.471875 0.1953125 0.390625
1 0.309375 0.44140625 0.390625 0.1953125
0 0.3859375 0.8046875 0.390625 0.390625
1 0.7109375 0.73125 0.21875 0.390625
1 0.1953125 0.4125 0.390625 0.23125
0 0.4015625 0.75625 0.390625 0.390625
0 0.6984375 0.665625 0.390625 0.390625
1 0.7015625 0.71484375 0.390625 0.2234375
0 0.74375 0.684375 0.390625 0.390625