1 0.31796875 0.646875 0.1265625 0.390625
1 0.2265625 0.32578125 0.390625 0.1953125
1 0.2875 0.12109375 0.390625 0.2203125
0 0.2890625 0.3359375 0.390625 0.390625
0 0.6453125 0.7578125 0.390625 0.390625
1 0.2671875 0.4296875 0.11875 0.390625
1 0.11875 0.609375 0.18125 0.390625
1 0.89609375 0.6484375 0.1765625 0.390625
0 0.784375 0.2296875 0.390625 0.390625
0 0.609375 0.275 0.390625 0.390625
1 0.41640625 0.3875 0.2453125 0.390625
1 0.29609375 0.5953125 0.2671875 0.390625
1 0.30625 0.4421875 0.390625 0.190625
1 0.39375 0.675 0.390625 0.146875
1 0.7859375 0.26953125 0.390625 0.2671875