1 0.2578125 0.4453125 0.178125 0.390625
1 0.8578125 0.4515625 0.23125 0.390625
1 0.1859375 0.1984375 0.125 0.390625
1 0.3984375 0.85078125 0.390625 0.1578125
0 0.2625 0.7578125 0.390625 0.390625
1 0.78046875 0.609375 0.1640625 0.390625
1 0.740625 0.88359375 0.390625 0.2140625
0 0.540625 0.640625 0.390625 0.390625
1 0.4515625 0.55625 0.240625 0.390625
1 0.784375 0.484375 0.390625 0.215625
1 0.24765625 0.4671875 0.1484375 0.390625
1 0.18828125 0.5671875 0.1515625 0.390625
1 0.2875 0.2875 0.390625 0.225
0 0.790625 0.7265625 0.390625 0.390625
0 0.221875 0.65 0.390625 0.390625