1 0.4265625 0.621875 0.159375 0.390625
1 0.2640625 0.715625 0.21875 0.390625
0 0.5171875 0.4625 0.390625 0.390625
1 0.7515625 0.62578125 0.390625 0.2296875
0 0.3359375 0.609375 0.390625 0.390625
1 0.6265625 0.53125 0.390625 0.178125
0 0.534375 0.665625 0.390625 0.390625
1 0.2578125 0.60546875 0.390625 0.1359375
0 0.5515625 0.2703125 0.390625 0.390625
1 0.228125 0.2671875 0.390625 0.23125
1 0.571875 0.7375 0.390625 0.20625
0 0.509375 0.7125 0.390625 0.390625
1 0.3515625 0.3421875 0.390625 0.253125
1 0.2859375 0.6046875 0.2375 0.390625
1 0.6890625 0.4421875 0.390625 0.246875