0 0.2703125 0.55 0.390625 0.390625
0 0.2890625 0.54375 0.390625 0.390625
0 0.4984375 0.415625 0.390625 0.390625
1 0.4515625 0.284375 0.390625 0.265625
0 0.4859375 0.3125 0.390625 0.390625
1 0.13515625 0.575 0.2703125 0.390625
1 0.1953125 0.60703125 0.390625 0.2171875
0 0.4515625 0.471875 0.390625 0.390625
0 0.3296875 0.48125 0.390625 0.390625
0 0.634375 0.35625 0.390625 0.390625
0 0.775 0.2796875 0.390625 0.390625
0 0.575 0.384375 0.390625 0.390625
1 0.790625 0.5875 0.390625 0.209375
1 0.1046875 0.6296875 0.159375 0.390625
1 0.43125 0.4046875 0.26875 0.390625
0 0.1953125 0.56875 0.390625 0.390625
0 0.39375 0.4953125 0.390625 0.390625
0 0.3703125 0.465625 0.390625 0.390625
1 0.1953125 0.6828125 0.390625 0.175
0 0.490625 0.475 0.390625 0.390625
1 0.340625 0.67890625 0.390625 0.2515625
0 0.1953125 0.6171875 0.390625 0.390625
0 0.2140625 0.5328125 0.390625 0.390625
1 0.46171875 0.48125 0.1203125 0.390625
0 0.5015625 0.36875 0.390625 0.390625
1 0.55 0.425 0.140625 0.390625
0 0.509375 0.4171875 0.390625 0.390625
0 0.5109375 0.3015625 0.390625 0.390625
0 0.578125 0.49375 0.390625 0.390625
1 0.14375 0.6375 0.23125 0.390625
1 0.4765625 0.465625 0.221875 0.390625
1 0.48125 0.3890625 0.390625 0.2125
0 0.3609375 0.2 0.390625 0.390625
1 0.5828125 0.42421875 0.390625 0.1359375
1 0.30859375 0.58125 0.1546875 0.390625
0 0.5578125 0.384375 0.390625 0.390625
0 0.6359375 0.29375 0.390625 0.390625
1 0.54921875 0.43125 0.1296875 0.390625
1 0.5578125 0.403125 0.390625 0.24375
1 0.096875 0.7265625 0.19375 0.390625
1 0.428125 0.2625 0.390625 0.2
0 0.4453125 0.5515625 0.390625 0.390625
1 0.44375 0.20234375 0.390625 0.2515625
1 0.3515625 0.453125 0.21875 0.390625
1 0.5421875 0.5765625 0.390625 0.1375
0 0.1953125 0.6671875 0.390625 0.390625
0 0.3890625 0.54375 0.390625 0.390625
0 0.5390625 0.24375 0.390625 0.390625
1 0.0859375 0.68125 0.159375 0.390625
1 0.415625 0.8359375 0.390625 0.225