1 0.584375 0.3015625 0.128125 0.390625
0 0.234375 0.4515625 0.390625 0.390625
0 0.346875 0.3953125 0.390625 0.390625
0 0.4109375 0.69375 0.390625 0.390625
0 0.65 0.2859375 0.390625 0.390625
0 0.68125 0.45 0.390625 0.390625
0 0.803125 0.48125 0.390625 0.390625
1 0.525 0.628125 0.1625 0.390625
0 0.2703125 0.4109375 0.390625 0.390625
0 0.215625 0.384375 0.390625 0.390625
0 0.4390625 0.3046875 0.390625 0.390625
1 0.66640625 0.571875 0.2359375 0.390625
0 0.7625 0.390625 0.390625 0.390625
1 0.228125 0.41484375 0.390625 0.2265625
1 0.26796875 0.703125 0.1390625 0.390625