1 0.64765625 0.475 0.2546875 0.390625
1 0.33671875 0.2 0.1171875 0.390625
1 0.7375 0.46484375 0.390625 0.2265625
1 0.7640625 0.4421875 0.390625 0.25625
0 0.671875 0.534375 0.390625 0.390625
1 0.378125 0.74375 0.390625 0.25625
1 0.68125 0.46640625 0.390625 0.2390625
0 0.2375 0.2609375 0.390625 0.390625
0 0.35625 0.65 0.390625 0.390625
0 0.325 0.1953125 0.390625 0.390625
0 0.6703125 0.5265625 0.390625 0.390625
1 0.353125 0.6265625 0.1875 0.390625
0 0.7453125 0.3796875 0.390625 0.390625
1 0.27109375 0.25625 0.1734375 0.390625
1 0.5921875 0.57109375 0.390625 0.1421875
0 0.3078125 0.64375 0.390625 0.390625
1 0.36875 0.7796875 0.390625 0.140625
0 0.2921875 0.1953125 0.390625 0.390625
1 0.33828125 0.2125 0.1859375 0.390625
1 0.8046875 0.54296875 0.390625 0.1515625
0 0.2453125 0.1953125 0.390625 0.390625
0 0.7625 0.659375 0.390625 0.390625
1 0.6765625 0.5390625 0.390625 0.196875
0 0.4234375 0.1953125 0.390625 0.390625
0 0.2796875 0.5640625 0.390625 0.390625
1 0.75390625 0.55625 0.2015625 0.390625
0 0.35625 0.1953125 0.390625 0.390625
1 0.8046875 0.453125 0.390625 0.265625
1 0.390625 0.1890625 0.390625 0.184375
0 0.3296875 0.1953125 0.390625 0.390625
1 0.4328125 0.6578125 0.390625 0.253125
1 0.2125 0.6921875 0.390625 0.240625
0 0.3265625 0.6078125 0.390625 0.390625
1 0.1578125 0.7890625 0.2 0.390625
1 0.36875 0.2453125 0.390625 0.178125
1 0.4703125 0.684375 0.15625 0.390625
0 0.4125 0.6296875 0.390625 0.390625
0 0.25 0.3953125 0.390625 0.390625
0 0.365625 0.71875 0.390625 0.390625
0 0.3421875 0.1953125 0.390625 0.390625
1 0.7640625 0.52109375 0.390625 0.2640625
1 0.3046875 0.678125 0.390625 0.26875
0 0.459375 0.4015625 0.390625 0.390625
1 0.4046875 0.6015625 0.390625 0.15
0 0.34375 0.5453125 0.390625 0.390625
0 0.3375 0.1953125 0.390625 0.390625
0 0.2515625 0.1953125 0.390625 0.390625
0 0.3890625 0.2390625 0.390625 0.390625
0 0.66875 0.5453125 0.390625 0.390625
0 0.8046875 0.4625 0.390625 0.390625