0 0.3234375 0.1953125 0.390625 0.390625
0 0.7359375 0.39375 0.390625 0.390625
1 0.6734375 0.31953125 0.390625 0.2578125
0 0.23125 0.2890625 0.390625 0.390625
0 0.6359375 0.446875 0.390625 0.390625
0 0.20625 0.3046875 0.390625 0.390625
0 0.221875 0.2765625 0.390625 0.390625
0 0.6296875 0.46875 0.390625 0.390625
1 0.234375 0.1953125 0.24375 0.390625
1 0.1296875 0.3125 0.140625 0.390625
0 0.20625 0.6015625 0.390625 0.390625
0 0.790625 0.4015625 0.390625 0.390625
1 0.7515625 0.31328125 0.390625 0.1296875
0 0.2671875 0.69375 0.390625 0.390625
1 0.7421875 0.3765625 0.165625 0.390625
0 0.390625 0.7234375 0.390625 0.390625
1 0.20546875 0.6 0.1953125 0.390625
1 0.79375 0.38125 0.390625 0.134375
1 0.334375 0.340625 0.390625 0.209375
0 0.465625 0.4984375 0.390625 0.390625
0 0.2921875 0.1953125 0.390625 0.390625
0 0.1953125 0.2859375 0.390625 0.390625
1 0.86953125 0.2546875 0.2171875 0.390625
1 0.17578125 0.2328125 0.2359375 0.390625
1 0.30625 0.51484375 0.390625 0.1984375
0 0.6875 0.29375 0.390625 0.390625
1 0.1953125 0.64140625 0.390625 0.1546875
1 0.16875 0.371875 0.146875 0.390625
0 0.1953125 0.2765625 0.390625 0.390625
1 0.3 0.6953125 0.390625 0.11875
0 0.3671875 0.378125 0.390625 0.390625
0 0.45625 0.628125 0.390625 0.390625
1 0.3609375 0.8046875 0.24375 0.390625
0 0.65625 0.25 0.390625 0.390625
0 0.7046875 0.325 0.390625 0.390625
1 0.3875 0.684375 0.390625 0.240625
1 0.803125 0.2484375 0.15 0.390625
1 0.746875 0.2796875 0.390625 0.171875
0 0.2375 0.3578125 0.390625 0.390625
1 0.2890625 0.37109375 0.390625 0.1828125
0 0.3875 0.6890625 0.390625 0.390625
1 0.25 0.734375 0.390625 0.121875
1 0.7453125 0.39296875 0.390625 0.2296875
0 0.3234375 0.678125 0.390625 0.390625
1 0.1953125 0.43515625 0.390625 0.1640625
1 0.3609375 0.83671875 0.390625 0.1203125
1 0.1953125 0.39375 0.390625 0.134375
0 0.2375 0.5765625 0.390625 0.390625
0 0.315625 0.3625 0.390625 0.390625
0 0.21875 0.325 0.390625 0.390625