1 0.12265625 0.55625 0.2453125 0.390625
1 0.2484375 0.209375 0.390625 0.178125
0 0.4171875 0.553125 0.390625 0.390625
1 0.6203125 0.79609375 0.390625 0.2609375
0 0.671875 0.4125 0.390625 0.390625
1 0.49375 0.684375 0.2375 0.390625
0 0.46875 0.4703125 0.390625 0.390625
0 0.221875 0.365625 0.390625 0.390625
1 0.2796875 0.78984375 0.390625 0.2234375
1 0.771875 0.60625 0.390625 0.1375
0 0.265625 0.2109375 0.390625 0.390625
1 0.784375 0.628125 0.1625 0.390625
1 0.42265625 0.390625 0.1984375 0.390625
0 0.36875 0.7984375 0.390625 0.390625
1 0.74375 0.7765625 0.175 0.390625