1 0.71875 0.10390625 0.390625 0.2078125
1 0.7796875 0.5640625 0.390625 0.265625
0 0.5453125 0.2875 0.390625 0.390625
0 0.2765625 0.359375 0.390625 0.390625
1 0.584375 0.2640625 0.390625 0.209375
0 0.665625 0.453125 0.390625 0.390625
0 0.7640625 0.33125 0.390625 0.390625
0 0.3484375 0.584375 0.390625 0.390625
0 0.409375 0.4640625 0.390625 0.390625
1 0.2734375 0.74609375 0.390625 0.1359375
1 0.4390625 0.475 0.215625 0.390625
1 0.165625 0.2765625 0.196875 0.390625
1 0.3375 0.11484375 0.390625 0.1859375
0 0.3578125 0.24375 0.390625 0.390625
0 0.2078125 0.3796875 0.390625 0.390625