0 0.7234375 0.4015625 0.390625 0.390625
1 0.25546875 0.5984375 0.2046875 0.390625
0 0.359375 0.7703125 0.390625 0.390625
0 0.590625 0.4296875 0.390625 0.390625
0 0.5171875 0.3109375 0.390625 0.390625
1 0.5375 0.1546875 0.390625 0.253125
1 0.421875 0.646875 0.390625 0.165625
1 0.85234375 0.7359375 0.2515625 0.390625
0 0.2734375 0.2484375 0.390625 0.390625
0 0.3875 0.35625 0.390625 0.390625
0 0.29375 0.234375 0.390625 0.390625
1 0.55078125 0.6703125 0.2265625 0.390625
1 0.5796875 0.6984375 0.390625 0.25625
1 0.34140625 0.7078125 0.2265625 0.390625
0 0.7234375 0.49375 0.390625 0.390625