0 0.234375 0.2828125 0.390625 0.390625
0 0.69375 0.7 0.390625 0.390625
1 0.6484375 0.65078125 0.390625 0.1953125
1 0.309375 0.56796875 0.390625 0.2671875
0 0.3328125 0.45 0.390625 0.390625
0 0.3171875 0.5671875 0.390625 0.390625
0 0.6234375 0.709375 0.390625 0.390625
0 0.5890625 0.7828125 0.390625 0.390625
1 0.22734375 0.5640625 0.2328125 0.390625
0 0.3453125 0.7953125 0.390625 0.390625
0 0.6875 0.6578125 0.390625 0.390625
1 0.26484375 0.6890625 0.1171875 0.390625
0 0.3890625 0.575 0.390625 0.390625
1 0.571875 0.7484375 0.390625 0.26875
0 0.2234375 0.246875 0.390625 0.390625
0 0.784375 0.4484375 0.390625 0.390625
0 0.7421875 0.8046875 0.390625 0.390625
1 0.325 0.56953125 0.390625 0.1640625
0 0.6046875 0.528125 0.390625 0.390625
0 0.5625 0.8046875 0.390625 0.390625
0 0.328125 0.421875 0.390625 0.390625
1 0.290625 0.56640625 0.390625 0.2078125
1 0.33125 0.3609375 0.390625 0.11875
0 0.334375 0.3984375 0.390625 0.390625
1 0.565625 0.71015625 0.390625 0.1234375
1 0.26640625 0.5453125 0.1421875 0.390625
1 0.6875 0.7484375 0.390625 0.225
1 0.359375 0.2765625 0.390625 0.259375
0 0.2640625 0.5375 0.390625 0.390625
1 0.5484375 0.78203125 0.390625 0.1578125
0 0.2515625 0.55625 0.390625 0.390625
1 0.35 0.41953125 0.390625 0.1671875
0 0.775 0.7921875 0.390625 0.390625
0 0.3984375 0.2890625 0.390625 0.390625
0 0.309375 0.31875 0.390625 0.390625
1 0.1953125 0.3453125 0.390625 0.221875
0 0.3296875 0.5359375 0.390625 0.390625
1 0.48125 0.45 0.2 0.390625
1 0.7015625 0.590625 0.128125 0.390625
1 0.66796875 0.5 0.2484375 0.390625
1 0.2234375 0.4671875 0.26875 0.390625
1 0.615625 0.2734375 0.390625 0.234375
1 0.63984375 0.71875 0.2546875 0.390625
0 0.7015625 0.4671875 0.390625 0.390625
1 0.55078125 0.73125 0.1703125 0.390625
1 0.29375 0.2921875 0.190625 0.390625
1 0.36875 0.67578125 0.390625 0.2671875
1 0.56796875 0.7265625 0.1515625 0.390625
0 0.3015625 0.3265625 0.390625 0.390625
0 0.640625 0.79375 0.390625 0.390625