0 0.33125 0.2078125 0.390625 0.390625
0 0.7453125 0.8046875 0.390625 0.390625
0 0.3484375 0.253125 0.390625 0.390625
0 0.4265625 0.2265625 0.390625 0.390625
1 0.43359375 0.3546875 0.1390625 0.390625
1 0.8984375 0.628125 0.13125 0.390625
1 0.8046875 0.73203125 0.390625 0.2453125
1 0.6171875 0.759375 0.390625 0.20625
1 0.31015625 0.1953125 0.1390625 0.390625
1 0.1859375 0.2140625 0.165625 0.390625
1 0.8046875 0.8390625 0.390625 0.215625
1 0.36875 0.2765625 0.225 0.390625
1 0.87734375 0.715625 0.1515625 0.390625
1 0.4109375 0.796875 0.221875 0.390625
1 0.31171875 0.6640625 0.2171875 0.390625
0 0.8046875 0.7625 0.390625 0.390625
0 0.8046875 0.74375 0.390625 0.390625
1 0.5515625 0.340625 0.390625 0.203125
1 0.8046875 0.78046875 0.390625 0.1265625
0 0.353125 0.20625 0.390625 0.390625
1 0.653125 0.7 0.390625 0.26875
0 0.8046875 0.678125 0.390625 0.390625
1 0.6046875 0.7015625 0.134375 0.390625
1 0.703125 0.58359375 0.390625 0.2109375
1 0.3015625 0.1953125 0.178125 0.390625
0 0.2546875 0.303125 0.390625 0.390625
0 0.3421875 0.309375 0.390625 0.390625
0 0.2359375 0.353125 0.390625 0.390625
1 0.865625 0.6765625 0.26875 0.390625
0 0.8046875 0.75625 0.390625 0.390625
1 0.84375 0.76875 0.221875 0.390625
1 0.740625 0.746875 0.253125 0.390625
1 0.53125 0.16171875 0.390625 0.1671875
0 0.371875 0.2890625 0.390625 0.390625
0 0.475 0.1953125 0.390625 0.390625
0 0.7640625 0.690625 0.390625 0.390625
1 0.6609375 0.75390625 0.390625 0.2359375
1 0.81484375 0.74375 0.1859375 0.390625
1 0.86015625 0.7671875 0.1859375 0.390625
0 0.7546875 0.659375 0.390625 0.390625
0 0.790625 0.74375 0.390625 0.390625
0 0.778125 0.7640625 0.390625 0.390625
0 0.3625 0.2421875 0.390625 0.390625
1 0.2984375 0.67109375 0.390625 0.2515625
1 0.428125 0.87421875 0.390625 0.1953125
0 0.3078125 0.2859375 0.390625 0.390625
1 0.3609375 0.1953125 0.1375 0.390625
1 0.3890625 0.565625 0.390625 0.23125
1 0.63046875 0.646875 0.2359375 0.390625
0 0.509375 0.2484375 0.390625 0.390625