1 0.86796875 0.79375 0.2296875 0.390625
0 0.6171875 0.315625 0.390625 0.390625
0 0.74375 0.459375 0.390625 0.390625
1 0.746875 0.453125 0.16875 0.390625
0 0.303125 0.528125 0.390625 0.390625
1 0.3296875 0.6703125 0.390625 0.20625
1 0.4 0.240625 0.1875 0.390625
1 0.7875 0.45625 0.271875 0.390625
0 0.7359375 0.6625 0.390625 0.390625
1 0.3296875 0.459375 0.390625 0.121875
0 0.759375 0.35 0.390625 0.390625
0 0.490625 0.70625 0.390625 0.390625
0 0.696875 0.2015625 0.390625 0.390625
0 0.215625 0.196875 0.390625 0.390625
0 0.428125 0.5625 0.390625 0.390625