1 0.4921875 0.79296875 0.390625 0.2046875
0 0.3578125 0.5859375 0.390625 0.390625
0 0.609375 0.7375 0.390625 0.390625
1 0.7 0.6625 0.390625 0.190625
1 0.8234375 0.5734375 0.128125 0.390625
1 0.29296875 0.7203125 0.1171875 0.390625
0 0.6734375 0.403125 0.390625 0.390625
1 0.6609375 0.41484375 0.390625 0.1984375
1 0.75234375 0.5328125 0.1203125 0.390625
1 0.246875 0.72421875 0.390625 0.1890625
0 0.6734375 0.7171875 0.390625 0.390625
1 0.3546875 0.4953125 0.390625 0.265625
1 0.45078125 0.3484375 0.1203125 0.390625
1 0.37421875 0.678125 0.1859375 0.390625
0 0.3796875 0.7203125 0.390625 0.390625
1 0.675 0.36015625 0.390625 0.2671875
1 0.290625 0.5890625 0.246875 0.390625
0 0.5765625 0.3234375 0.390625 0.390625
1 0.146875 0.740625 0.140625 0.390625
0 0.4734375 0.446875 0.390625 0.390625
0 0.1984375 0.5640625 0.390625 0.390625
0 0.3640625 0.51875 0.390625 0.390625
0 0.4 0.471875 0.390625 0.390625
0 0.6625 0.259375 0.390625 0.390625
0 0.315625 0.484375 0.390625 0.390625
0 0.7203125 0.3296875 0.390625 0.390625
1 0.16015625 0.6546875 0.1453125 0.390625
0 0.615625 0.4 0.390625 0.390625
1 0.746875 0.325 0.271875 0.390625
0 0.5515625 0.371875 0.390625 0.390625
1 0.4890625 0.44921875 0.390625 0.2671875
0 0.7171875 0.2765625 0.390625 0.390625
0 0.4546875 0.78125 0.390625 0.390625
0 0.284375 0.6828125 0.390625 0.390625
1 0.26640625 0.728125 0.1953125 0.390625
1 0.675 0.1984375 0.390625 0.134375
0 0.403125 0.5265625 0.390625 0.390625
0 0.575 0.625 0.390625 0.390625
1 0.86484375 0.346875 0.1890625 0.390625
0 0.2546875 0.7109375 0.390625 0.390625
1 0.225 0.7953125 0.2 0.390625
0 0.6 0.6640625 0.390625 0.390625
1 0.7578125 0.35 0.225 0.390625
1 0.3625 0.48515625 0.390625 0.2109375
1 0.62734375 0.3328125 0.1484375 0.390625
0 0.3796875 0.4046875 0.390625 0.390625
0 0.2640625 0.7921875 0.390625 0.390625
1 0.64140625 0.33125 0.2546875 0.390625
0 0.1953125 0.6 0.390625 0.390625
1 0.64921875 0.6734375 0.2234375 0.390625