0 0.2421875 0.4609375 0.390625 0.390625
1 0.228125 0.8578125 0.390625 0.259375
0 0.7171875 0.1953125 0.390625 0.390625
0 0.259375 0.6109375 0.390625 0.390625
1 0.69765625 0.7015625 0.1703125 0.390625
0 0.2953125 0.8046875 0.390625 0.390625
1 0.75625 0.7953125 0.19375 0.390625
1 0.63515625 0.1953125 0.1453125 0.390625
0 0.69375 0.1953125 0.390625 0.390625
1 0.41328125 0.7203125 0.2109375 0.390625
1 0.11875 0.8046875 0.2375 0.390625
0 0.6828125 0.8046875 0.390625 0.390625
1 0.2109375 0.88828125 0.390625 0.1578125
0 0.3125 0.6125 0.390625 0.390625
0 0.1953125 0.8046875 0.390625 0.390625
0 0.634375 0.78125 0.390625 0.390625
1 0.26875 0.85859375 0.390625 0.2484375
1 0.2640625 0.81171875 0.390625 0.2171875
0 0.7328125 0.2125 0.390625 0.390625
1 0.5984375 0.13515625 0.390625 0.1703125
1 0.5203125 0.19375 0.390625 0.19375
1 0.78671875 0.8046875 0.2515625 0.390625
0 0.7 0.1953125 0.390625 0.390625
0 0.796875 0.2140625 0.390625 0.390625
1 0.803125 0.1953125 0.15625 0.390625
1 0.25 0.8046875 0.178125 0.390625
0 0.2203125 0.3453125 0.390625 0.390625
0 0.2859375 0.8046875 0.390625 0.390625
1 0.63203125 0.734375 0.2296875 0.390625
0 0.740625 0.5375 0.390625 0.390625
1 0.83515625 0.7140625 0.1421875 0.390625
0 0.23125 0.296875 0.390625 0.390625
0 0.78125 0.1953125 0.390625 0.390625
0 0.2875 0.8046875 0.390625 0.390625
1 0.678125 0.78359375 0.390625 0.1890625
0 0.8 0.4109375 0.390625 0.390625
1 0.2515625 0.7625 0.390625 0.121875
0 0.621875 0.7765625 0.390625 0.390625
0 0.640625 0.1953125 0.390625 0.390625
1 0.25 0.875 0.390625 0.14375
1 0.753125 0.2875 0.225 0.390625
0 0.3546875 0.6453125 0.390625 0.390625
0 0.7078125 0.2234375 0.390625 0.390625
1 0.309375 0.87890625 0.390625 0.2421875
1 0.7515625 0.18671875 0.390625 0.2703125
1 0.725 0.2421875 0.390625 0.1875
1 0.26328125 0.8046875 0.2171875 0.390625
1 0.69375 0.25859375 0.390625 0.1453125
1 0.5328125 0.79921875 0.390625 0.2390625
1 0.6796875 0.203125 0.140625 0.390625