1 0.3328125 0.45625 0.11875 0.390625
1 0.69921875 0.4046875 0.2421875 0.390625
0 0.6953125 0.284375 0.390625 0.390625
0 0.503125 0.7265625 0.390625 0.390625
0 0.66875 0.2546875 0.390625 0.390625
0 0.4421875 0.3296875 0.390625 0.390625
1 0.8046875 0.2421875 0.390625 0.19375
0 0.7171875 0.1953125 0.390625 0.390625
1 0.7578125 0.671875 0.225 0.390625
1 0.571875 0.6984375 0.18125 0.390625
0 0.6859375 0.209375 0.390625 0.390625
0 0.8046875 0.3171875 0.390625 0.390625
1 0.83046875 0.3390625 0.2078125 0.390625
0 0.4171875 0.240625 0.390625 0.390625
1 0.7421875 0.2484375 0.146875 0.390625
0 0.6453125 0.6484375 0.390625 0.390625
0 0.4484375 0.584375 0.390625 0.390625
1 0.603125 0.63046875 0.390625 0.2609375
1 0.6734375 0.6609375 0.16875 0.390625
0 0.721875 0.275 0.390625 0.390625
1 0.74609375 0.2484375 0.1265625 0.390625
1 0.675 0.6578125 0.390625 0.125
0 0.6875 0.8046875 0.390625 0.390625
0 0.6359375 0.2828125 0.390625 0.390625
1 0.09609375 0.246875 0.1671875 0.390625
0 0.6140625 0.715625 0.390625 0.390625
1 0.66484375 0.784375 0.1546875 0.390625
0 0.659375 0.1953125 0.390625 0.390625
1 0.2265625 0.5921875 0.190625 0.390625
0 0.4453125 0.2140625 0.390625 0.390625
1 0.75625 0.2265625 0.390625 0.23125
0 0.6484375 0.203125 0.390625 0.390625
1 0.890625 0.7546875 0.134375 0.390625
0 0.603125 0.6921875 0.390625 0.390625
0 0.5671875 0.709375 0.390625 0.390625
1 0.7375 0.37109375 0.390625 0.2078125
0 0.8046875 0.321875 0.390625 0.390625
0 0.5734375 0.61875 0.390625 0.390625
1 0.8046875 0.346875 0.390625 0.184375
0 0.7375 0.3453125 0.390625 0.390625
0 0.6875 0.2953125 0.390625 0.390625
1 0.53671875 0.23125 0.1609375 0.390625
0 0.71875 0.1953125 0.390625 0.390625
0 0.65 0.478125 0.390625 0.390625
1 0.725 0.5609375 0.153125 0.390625
1 0.209375 0.1671875 0.390625 0.140625
1 0.7890625 0.21484375 0.390625 0.2296875
0 0.8046875 0.2625 0.390625 0.390625
0 0.7578125 0.253125 0.390625 0.390625
1 0.6890625 0.3609375 0.13125 0.390625