0 0.2875 0.24375 0.390625 0.390625
1 0.85625 0.5859375 0.228125 0.390625
0 0.5109375 0.421875 0.390625 0.390625
0 0.5890625 0.425 0.390625 0.390625
1 0.5640625 0.6671875 0.390625 0.26875
0 0.696875 0.5234375 0.390625 0.390625
1 0.396875 0.1828125 0.390625 0.221875
1 0.509375 0.409375 0.18125 0.390625
0 0.3375 0.325 0.390625 0.390625
0 0.2359375 0.6515625 0.390625 0.390625
0 0.6765625 0.4375 0.390625 0.390625
0 0.7109375 0.353125 0.390625 0.390625
0 0.2078125 0.753125 0.390625 0.390625
1 0.571875 0.7765625 0.390625 0.25
1 0.290625 0.34140625 0.390625 0.1265625