0 0.3375 0.5234375 0.390625 0.390625
1 0.6046875 0.2953125 0.390625 0.23125
1 0.30859375 0.703125 0.1203125 0.390625
0 0.325 0.3015625 0.390625 0.390625
1 0.840625 0.2171875 0.171875 0.390625
1 0.8578125 0.64375 0.171875 0.390625
0 0.2875 0.5765625 0.390625 0.390625
1 0.746875 0.7515625 0.390625 0.15625
1 0.2140625 0.5234375 0.390625 0.1875
1 0.65 0.3671875 0.390625 0.2125
0 0.7671875 0.4203125 0.390625 0.390625
1 0.7515625 0.25859375 0.390625 0.1765625
0 0.3328125 0.665625 0.390625 0.390625
0 0.703125 0.6171875 0.390625 0.390625
0 0.721875 0.340625 0.390625 0.390625