0 0.7140625 0.45625 0.390625 0.390625
0 0.33125 0.509375 0.390625 0.390625
0 0.54375 0.2625 0.390625 0.390625
0 0.5609375 0.3484375 0.390625 0.390625
0 0.7234375 0.5828125 0.390625 0.390625
0 0.7703125 0.746875 0.390625 0.390625
1 0.590625 0.56171875 0.390625 0.1203125
1 0.240625 0.78359375 0.390625 0.1640625
1 0.63046875 0.21875 0.1328125 0.390625
1 0.675 0.146875 0.390625 0.1875
0 0.2890625 0.7765625 0.390625 0.390625
1 0.20390625 0.4390625 0.1390625 0.390625
0 0.503125 0.625 0.390625 0.390625
1 0.2515625 0.40703125 0.390625 0.2578125
0 0.240625 0.50625 0.390625 0.390625