0 0.4140625 0.2328125 0.390625 0.390625
0 0.5890625 0.3828125 0.390625 0.390625
1 0.6390625 0.58046875 0.390625 0.1921875
0 0.590625 0.4875 0.390625 0.390625
1 0.60234375 0.3296875 0.1421875 0.390625
1 0.540625 0.72890625 0.390625 0.1171875
0 0.6421875 0.634375 0.390625 0.390625
1 0.334375 0.2015625 0.240625 0.390625
1 0.2859375 0.17890625 0.390625 0.1703125
0 0.4671875 0.390625 0.390625 0.390625
0 0.484375 0.2765625 0.390625 0.390625
1 0.1984375 0.5390625 0.390625 0.215625
1 0.775 0.73515625 0.390625 0.1734375
1 0.75625 0.3015625 0.196875 0.390625
1 0.35546875 0.7625 0.1890625 0.390625