1 0.66953125 0.8015625 0.1484375 0.390625
0 0.1953125 0.5359375 0.390625 0.390625
1 0.7765625 0.4015625 0.234375 0.390625
0 0.1953125 0.4875 0.390625 0.390625
0 0.5203125 0.8046875 0.390625 0.390625
0 0.253125 0.50625 0.390625 0.390625
0 0.5828125 0.8046875 0.390625 0.390625
1 0.7390625 0.6671875 0.390625 0.25
1 0.83984375 0.3046875 0.2171875 0.390625
1 0.43203125 0.196875 0.2546875 0.390625
1 0.5171875 0.828125 0.390625 0.240625
1 0.765625 0.278125 0.146875 0.390625
0 0.596875 0.7828125 0.390625 0.390625
1 0.1859375 0.6 0.246875 0.390625
0 0.546875 0.8046875 0.390625 0.390625
0 0.8046875 0.8046875 0.390625 0.390625
1 0.2046875 0.45546875 0.390625 0.1328125
0 0.1953125 0.7140625 0.390625 0.390625
0 0.1953125 0.45 0.390625 0.390625
1 0.653125 0.88515625 0.390625 0.1640625
0 0.8046875 0.2109375 0.390625 0.390625
0 0.2375 0.7359375 0.390625 0.390625
1 0.253125 0.6 0.390625 0.13125
1 0.1953125 0.75390625 0.390625 0.1640625
1 0.090625 0.321875 0.18125 0.390625
1 0.89921875 0.73125 0.2015625 0.390625
1 0.6203125 0.8046875 0.140625 0.390625
1 0.2015625 0.56875 0.390625 0.165625
0 0.2390625 0.5140625 0.390625 0.390625
0 0.2265625 0.215625 0.390625 0.390625
0 0.353125 0.79375 0.390625 0.390625
1 0.503125 0.73125 0.271875 0.390625
1 0.7796875 0.72734375 0.390625 0.1640625
0 0.2453125 0.5703125 0.390625 0.390625
0 0.3234375 0.7859375 0.390625 0.390625
1 0.1953125 0.75078125 0.390625 0.1578125
0 0.39375 0.5328125 0.390625 0.390625
0 0.2421875 0.3171875 0.390625 0.390625
1 0.18046875 0.6796875 0.1484375 0.390625
0 0.7796875 0.6921875 0.390625 0.390625
0 0.8046875 0.309375 0.390625 0.390625
1 0.68984375 0.8046875 0.2484375 0.390625
1 0.86796875 0.7140625 0.2640625 0.390625
0 0.8046875 0.225 0.390625 0.390625
1 0.60625 0.86328125 0.390625 0.2515625
0 0.8046875 0.8046875 0.390625 0.390625
0 0.8046875 0.8015625 0.390625 0.390625
0 0.8046875 0.2359375 0.390625 0.390625
0 0.8046875 0.2234375 0.390625 0.390625
1 0.8046875 0.3171875 0.390625 0.165625