1 0.66015625 0.3640625 0.1578125 0.390625
1 0.4890625 0.1515625 0.390625 0.240625
1 0.62734375 0.5796875 0.1453125 0.390625
0 0.625 0.765625 0.390625 0.390625
1 0.503125 0.17265625 0.390625 0.2421875
0 0.4875 0.30625 0.390625 0.390625
1 0.690625 0.4890625 0.253125 0.390625
1 0.25703125 0.2265625 0.1359375 0.390625
1 0.653125 0.46875 0.175 0.390625
1 0.2484375 0.6796875 0.390625 0.146875
0 0.2484375 0.3234375 0.390625 0.390625
1 0.8015625 0.6140625 0.390625 0.128125
0 0.609375 0.5015625 0.390625 0.390625
1 0.5765625 0.7484375 0.390625 0.16875
0 0.2609375 0.6921875 0.390625 0.390625