0 0.7703125 0.1953125 0.390625 0.390625
0 0.6984375 0.1953125 0.390625 0.390625
0 0.634375 0.1953125 0.390625 0.390625
0 0.396875 0.4078125 0.390625 0.390625
0 0.5875 0.4953125 0.390625 0.390625
1 0.3625 0.60625 0.234375 0.390625
1 0.75 0.75 0.390625 0.271875
0 0.4828125 0.3171875 0.390625 0.390625
0 0.4859375 0.625 0.390625 0.390625
1 0.5796875 0.3859375 0.390625 0.259375
0 0.490625 0.3796875 0.390625 0.390625
0 0.2484375 0.5546875 0.390625 0.390625
0 0.578125 0.7984375 0.390625 0.390625
0 0.796875 0.1953125 0.390625 0.390625
1 0.53203125 0.55 0.1671875 0.390625
0 0.4578125 0.3828125 0.390625 0.390625
1 0.3453125 0.54296875 0.390625 0.1703125
1 0.2734375 0.8453125 0.390625 0.246875
0 0.6734375 0.1953125 0.390625 0.390625
1 0.73125 0.159375 0.390625 0.246875
1 0.725 0.4484375 0.390625 0.2
0 0.740625 0.2953125 0.390625 0.390625
1 0.4703125 0.603125 0.390625 0.178125
1 0.67109375 0.56875 0.2390625 0.390625
1 0.7796875 0.284375 0.390625 0.25
0 0.428125 0.39375 0.390625 0.390625
0 0.5921875 0.475 0.390625 0.390625
1 0.325 0.3015625 0.390625 0.140625
0 0.45 0.5734375 0.390625 0.390625
0 0.35625 0.4921875 0.390625 0.390625
0 0.534375 0.5328125 0.390625 0.390625
0 0.403125 0.5125 0.390625 0.390625
1 0.3203125 0.54453125 0.390625 0.1484375
1 0.7515625 0.20078125 0.390625 0.1328125
1 0.53046875 0.5234375 0.1453125 0.390625
1 0.5125 0.48046875 0.390625 0.2140625
0 0.45 0.521875 0.390625 0.390625
0 0.41875 0.55625 0.390625 0.390625
1 0.565625 0.365625 0.2125 0.390625
1 0.5109375 0.29375 0.20625 0.390625
0 0.490625 0.325 0.390625 0.390625
1 0.7234375 0.1234375 0.390625 0.246875
0 0.525 0.575 0.390625 0.390625
1 0.5015625 0.6453125 0.128125 0.390625
1 0.6484375 0.21640625 0.390625 0.2296875
0 0.5109375 0.5421875 0.390625 0.390625
1 0.396875 0.6765625 0.221875 0.390625
0 0.48125 0.55625 0.390625 0.390625
0 0.3453125 0.31875 0.390625 0.390625
0 0.5796875 0.365625 0.390625 0.390625