0 0.71875 0.28125 0.390625 0.390625
0 0.2640625 0.2203125 0.390625 0.390625
1 0.4453125 0.6046875 0.1375 0.390625
0 0.5703125 0.4328125 0.390625 0.390625
0 0.33125 0.603125 0.390625 0.390625
0 0.4515625 0.6703125 0.390625 0.390625
1 0.29375 0.45078125 0.390625 0.2453125
0 0.5921875 0.7703125 0.390625 0.390625
1 0.6703125 0.7984375 0.390625 0.121875
1 0.65546875 0.7296875 0.2515625 0.390625
1 0.13828125 0.5640625 0.2015625 0.390625
1 0.36171875 0.44375 0.1828125 0.390625
1 0.3359375 0.4234375 0.16875 0.390625
1 0.62578125 0.76875 0.1796875 0.390625
0 0.4578125 0.5453125 0.390625 0.390625