0 0.615625 0.6765625 0.390625 0.390625
0 0.209375 0.284375 0.390625 0.390625
1 0.7515625 0.49765625 0.390625 0.2515625
0 0.7046875 0.4828125 0.390625 0.390625
1 0.3796875 0.26953125 0.390625 0.1390625
0 0.7921875 0.25 0.390625 0.390625
0 0.4875 0.2078125 0.390625 0.390625
1 0.540625 0.58515625 0.390625 0.2609375
1 0.4796875 0.67421875 0.390625 0.1828125
0 0.628125 0.7609375 0.390625 0.390625
1 0.39375 0.72734375 0.390625 0.1484375
1 0.4515625 0.22578125 0.390625 0.1546875
0 0.625 0.30625 0.390625 0.390625
0 0.48125 0.5140625 0.390625 0.390625
0 0.3203125 0.778125 0.390625 0.390625