0 0.6140625 0.6203125 0.390625 0.390625
0 0.4640625 0.515625 0.390625 0.390625
0 0.6078125 0.571875 0.390625 0.390625
0 0.4484375 0.440625 0.390625 0.390625
0 0.23125 0.5171875 0.390625 0.390625
0 0.35625 0.4484375 0.390625 0.390625
1 0.475 0.58125 0.19375 0.390625
0 0.746875 0.49375 0.390625 0.390625
0 0.25625 0.5 0.390625 0.390625
1 0.5578125 0.68828125 0.390625 0.1578125
0 0.5953125 0.6734375 0.390625 0.390625
0 0.46875 0.4265625 0.390625 0.390625
0 0.425 0.1953125 0.390625 0.390625
0 0.4984375 0.56875 0.390625 0.390625
0 0.5953125 0.5375 0.390625 0.390625
1 0.23125 0.3984375 0.15 0.390625
0 0.459375 0.5296875 0.390625 0.390625
1 0.6078125 0.5828125 0.390625 0.271875
0 0.65625 0.6734375 0.390625 0.390625
0 0.2765625 0.484375 0.390625 0.390625
1 0.50859375 0.5859375 0.2109375 0.390625
0 0.4359375 0.55 0.390625 0.390625
0 0.51875 0.5921875 0.390625 0.390625
1 0.2296875 0.3765625 0.390625 0.1625
0 0.465625 0.5859375 0.390625 0.390625
1 0.45546875 0.4484375 0.1578125 0.390625
1 0.51796875 0.6046875 0.1890625 0.390625
0 0.54375 0.65625 0.390625 0.390625
1 0.440625 0.61328125 0.390625 0.1734375
0 0.5171875 0.3984375 0.390625 0.390625
1 0.22578125 0.75 0.2171875 0.390625
1 0.41328125 0.5703125 0.2578125 0.390625
1 0.54375 0.6046875 0.390625 0.20625
1 0.271875 0.46328125 0.390625 0.2421875
0 0.5390625 0.5234375 0.390625 0.390625
0 0.403125 0.609375 0.390625 0.390625
1 0.59375 0.57734375 0.390625 0.2421875
1 0.11328125 0.784375 0.1484375 0.390625
0 0.69375 0.6078125 0.390625 0.390625
0 0.6234375 0.7109375 0.390625 0.390625
0 0.625 0.5046875 0.390625 0.390625
1 0.35390625 0.459375 0.1421875 0.390625
1 0.60625 0.575 0.390625 0.228125
0 0.1953125 0.46875 0.390625 0.390625
0 0.6125 0.440625 0.390625 0.390625
1 0.478125 0.6140625 0.146875 0.390625
0 0.1953125 0.3796875 0.390625 0.390625
0 0.609375 0.45625 0.390625 0.390625
0 0.253125 0.4609375 0.390625 0.390625
1 0.60625 0.5265625 0.390625 0.2125