1 0.72734375 0.4765625 0.1609375 0.390625
0 0.5 0.609375 0.390625 0.390625
1 0.4046875 0.48515625 0.390625 0.2203125
0 0.6671875 0.6484375 0.390625 0.390625
1 0.309375 0.36796875 0.390625 0.2046875
1 0.8921875 0.7484375 0.175 0.390625
0 0.196875 0.6046875 0.390625 0.390625
0 0.584375 0.5421875 0.390625 0.390625
0 0.578125 0.2265625 0.390625 0.390625
1 0.36015625 0.575 0.2234375 0.390625
1 0.3140625 0.81640625 0.390625 0.1265625
0 0.7015625 0.36875 0.390625 0.390625
1 0.4515625 0.38671875 0.390625 0.2390625
0 0.2140625 0.75 0.390625 0.390625
0 0.603125 0.4921875 0.390625 0.390625