1 0.184375 0.7796875 0.25 0.390625
0 0.34375 0.621875 0.390625 0.390625
0 0.65 0.7765625 0.390625 0.390625
1 0.30625 0.31953125 0.390625 0.2296875
1 0.83828125 0.7140625 0.2109375 0.390625
1 0.20625 0.4640625 0.390625 0.16875
1 0.71171875 0.3875 0.2609375 0.390625
1 0.75390625 0.8015625 0.1265625 0.390625
1 0.2546875 0.80078125 0.390625 0.2203125
0 0.6265625 0.30625 0.390625 0.390625
1 0.62578125 0.63125 0.2578125 0.390625
0 0.6359375 0.5609375 0.390625 0.390625
0 0.4515625 0.25625 0.390625 0.390625
1 0.14765625 0.4359375 0.2578125 0.390625
0 0.365625 0.4875 0.390625 0.390625