1 0.5578125 0.80859375 0.390625 0.1734375
0 0.6828125 0.4265625 0.390625 0.390625
0 0.396875 0.4375 0.390625 0.390625
0 0.2453125 0.4 0.390625 0.390625
0 0.7828125 0.1953125 0.390625 0.390625
1 0.5 0.5890625 0.390625 0.196875
0 0.4 0.4359375 0.390625 0.390625
1 0.63125 0.1609375 0.390625 0.171875
0 0.7390625 0.25 0.390625 0.390625
1 0.41328125 0.3546875 0.2640625 0.390625
1 0.8046875 0.31171875 0.390625 0.2140625
1 0.7109375 0.4421875 0.390625 0.14375
0 0.8046875 0.25 0.390625 0.390625
1 0.3375 0.44921875 0.390625 0.1234375
0 0.46875 0.5078125 0.390625 0.390625
0 0.7859375 0.1953125 0.390625 0.390625
1 0.6890625 0.1421875 0.390625 0.11875
1 0.70703125 0.1953125 0.2109375 0.390625
1 0.5359375 0.4890625 0.390625 0.1625
1 0.4375 0.5765625 0.390625 0.26875
0 0.7828125 0.6078125 0.390625 0.390625
1 0.69375 0.2 0.390625 0.19375
0 0.7828125 0.3234375 0.390625 0.390625
1 0.7125 0.14375 0.390625 0.153125
1 0.39609375 0.4359375 0.1421875 0.390625
0 0.65 0.5765625 0.390625 0.390625
1 0.27421875 0.621875 0.2140625 0.390625
0 0.5203125 0.771875 0.390625 0.390625
0 0.39375 0.4890625 0.390625 0.390625
0 0.5140625 0.7921875 0.390625 0.390625
1 0.7859375 0.1953125 0.16875 0.390625
0 0.4046875 0.228125 0.390625 0.390625
1 0.434375 0.4109375 0.390625 0.11875
0 0.76875 0.1953125 0.390625 0.390625
0 0.703125 0.1953125 0.390625 0.390625
0 0.7109375 0.1953125 0.390625 0.390625
1 0.4265625 0.128125 0.390625 0.209375
1 0.40625 0.37421875 0.390625 0.1890625
0 0.4328125 0.8046875 0.390625 0.390625
0 0.725 0.1953125 0.390625 0.390625
1 0.6640625 0.20546875 0.390625 0.1453125
1 0.409375 0.3984375 0.390625 0.18125
1 0.3609375 0.4015625 0.128125 0.390625
1 0.40859375 0.5046875 0.1984375 0.390625
0 0.6984375 0.215625 0.390625 0.390625
0 0.68125 0.1953125 0.390625 0.390625
1 0.58203125 0.1953125 0.2546875 0.390625
1 0.378125 0.4203125 0.14375 0.390625
1 0.3890625 0.5359375 0.390625 0.1375
1 0.34296875 0.7734375 0.1984375 0.390625