0 0.771875 0.1953125 0.390625 0.390625
1 0.65390625 0.3 0.1390625 0.390625
0 0.2515625 0.328125 0.390625 0.390625
0 0.2359375 0.3703125 0.390625 0.390625
1 0.8046875 0.2984375 0.390625 0.25
1 0.55078125 0.7765625 0.2640625 0.390625
1 0.44375 0.72265625 0.390625 0.2046875
0 0.390625 0.3875 0.390625 0.390625
0 0.471875 0.390625 0.390625 0.390625
0 0.6078125 0.70625 0.390625 0.390625
1 0.5328125 0.275 0.1375 0.390625
1 0.45 0.73046875 0.390625 0.2703125
0 0.565625 0.26875 0.390625 0.390625
1 0.578125 0.2296875 0.21875 0.390625
1 0.53046875 0.346875 0.1828125 0.390625
0 0.4640625 0.303125 0.390625 0.390625
0 0.721875 0.35625 0.390625 0.390625
1 0.3796875 0.775 0.390625 0.175
1 0.61015625 0.6890625 0.1578125 0.390625
0 0.3265625 0.403125 0.390625 0.390625
1 0.2328125 0.25546875 0.390625 0.2515625
1 0.228125 0.309375 0.390625 0.16875
1 0.33046875 0.5421875 0.2609375 0.390625
0 0.6609375 0.3984375 0.390625 0.390625
1 0.275 0.28125 0.175 0.390625
1 0.83046875 0.4109375 0.1203125 0.390625
1 0.8546875 0.3921875 0.15625 0.390625
0 0.6 0.4203125 0.390625 0.390625
0 0.5265625 0.34375 0.390625 0.390625
0 0.6359375 0.6796875 0.390625 0.390625
1 0.2734375 0.28125 0.21875 0.390625
0 0.5625 0.3328125 0.390625 0.390625
1 0.75703125 0.3828125 0.2359375 0.390625
1 0.2875 0.3984375 0.21875 0.390625
0 0.5578125 0.3640625 0.390625 0.390625
1 0.48671875 0.7640625 0.2546875 0.390625
1 0.63125 0.26328125 0.390625 0.1828125
0 0.565625 0.1953125 0.390625 0.390625
1 0.64609375 0.2640625 0.2171875 0.390625
0 0.59375 0.4296875 0.390625 0.390625
0 0.528125 0.359375 0.390625 0.390625
0 0.5984375 0.6921875 0.390625 0.390625
0 0.5328125 0.34375 0.390625 0.390625
0 0.503125 0.7625 0.390625 0.390625
0 0.6265625 0.2921875 0.390625 0.390625
0 0.721875 0.1953125 0.390625 0.390625
1 0.6015625 0.3484375 0.390625 0.2375
1 0.6640625 0.296875 0.246875 0.390625
0 0.403125 0.21875 0.390625 0.390625
1 0.540625 0.2453125 0.253125 0.390625