0 0.628125 0.35625 0.390625 0.390625
0 0.5984375 0.440625 0.390625 0.390625
0 0.5390625 0.3640625 0.390625 0.390625
1 0.684375 0.4859375 0.390625 0.2375
0 0.509375 0.4109375 0.390625 0.390625
0 0.596875 0.4171875 0.390625 0.390625
0 0.2140625 0.30625 0.390625 0.390625
1 0.5875 0.5546875 0.253125 0.390625
0 0.759375 0.321875 0.390625 0.390625
0 0.7984375 0.5296875 0.390625 0.390625
0 0.5140625 0.2765625 0.390625 0.390625
0 0.365625 0.23125 0.390625 0.390625
1 0.61015625 0.615625 0.1296875 0.390625
1 0.621875 0.4578125 0.134375 0.390625
0 0.2203125 0.559375 0.390625 0.390625