1 0.409375 0.28515625 0.390625 0.1484375
0 0.3890625 0.1953125 0.390625 0.390625
0 0.371875 0.1953125 0.390625 0.390625
1 0.74375 0.41953125 0.390625 0.2109375
0 0.6703125 0.5625 0.390625 0.390625
1 0.4890625 0.396875 0.234375 0.390625
0 0.4109375 0.1953125 0.390625 0.390625
1 0.3625 0.26171875 0.390625 0.1234375
1 0.5015625 0.40859375 0.390625 0.2078125
0 0.4390625 0.246875 0.390625 0.390625
1 0.296875 0.39140625 0.390625 0.1890625
0 0.4859375 0.340625 0.390625 0.390625
1 0.2234375 0.4203125 0.21875 0.390625
0 0.559375 0.5875 0.390625 0.390625
0 0.2515625 0.4640625 0.390625 0.390625
0 0.2296875 0.3734375 0.390625 0.390625
0 0.409375 0.3546875 0.390625 0.390625
1 0.2 0.6671875 0.265625 0.390625
1 0.546875 0.41328125 0.390625 0.2515625
0 0.5296875 0.41875 0.390625 0.390625
0 0.4921875 0.2171875 0.390625 0.390625
0 0.48125 0.4078125 0.390625 0.390625
0 0.246875 0.2921875 0.390625 0.390625
1 0.26171875 0.4 0.1703125 0.390625
0 0.403125 0.684375 0.390625 0.390625
1 0.45390625 0.4828125 0.1234375 0.390625
0 0.5875 0.4578125 0.390625 0.390625
1 0.7296875 0.22265625 0.390625 0.2203125
0 0.2453125 0.434375 0.390625 0.390625
1 0.3609375 0.3625 0.14375 0.390625
0 0.6625 0.471875 0.390625 0.390625
1 0.475 0.3609375 0.26875 0.390625
1 0.471875 0.29375 0.2375 0.390625
0 0.3640625 0.35625 0.390625 0.390625
1 0.43984375 0.1953125 0.1390625 0.390625
1 0.4109375 0.396875 0.390625 0.19375
0 0.45625 0.340625 0.390625 0.390625
1 0.3828125 0.25625 0.390625 0.246875
0 0.5390625 0.4453125 0.390625 0.390625
0 0.26875 0.4546875 0.390625 0.390625
0 0.4421875 0.1953125 0.390625 0.390625
0 0.2140625 0.7 0.390625 0.390625
1 0.590625 0.2390625 0.390625 0.184375
1 0.55625 0.41953125 0.390625 0.2265625
1 0.73125 0.66640625 0.390625 0.2015625
1 0.51484375 0.278125 0.2109375 0.390625
0 0.4484375 0.1953125 0.390625 0.390625
1 0.375 0.3984375 0.184375 0.390625
1 0.4328125 0.11875 0.390625 0.209375
0 0.6421875 0.5484375 0.390625 0.390625