1 0.2625 0.8046875 0.25625 0.390625
1 0.3484375 0.8046875 0.228125 0.390625
0 0.375 0.8046875 0.390625 0.390625
0 0.69375 0.5828125 0.390625 0.390625
1 0.6265625 0.58125 0.234375 0.390625
0 0.5703125 0.221875 0.390625 0.390625
1 0.2125 0.49375 0.1625 0.390625
0 0.2296875 0.590625 0.390625 0.390625
1 0.33984375 0.453125 0.2671875 0.390625
0 0.3421875 0.7734375 0.390625 0.390625
1 0.2234375 0.5484375 0.175 0.390625
1 0.60234375 0.2234375 0.1421875 0.390625
1 0.609375 0.6421875 0.21875 0.390625
1 0.64140625 0.6078125 0.2171875 0.390625
1 0.3859375 0.73984375 0.390625 0.1828125
1 0.2890625 0.77890625 0.390625 0.2140625
1 0.3296875 0.47890625 0.390625 0.1703125
0 0.5984375 0.528125 0.390625 0.390625
1 0.32734375 0.484375 0.1171875 0.390625
0 0.2875 0.55 0.390625 0.390625
0 0.2390625 0.5125 0.390625 0.390625
1 0.3484375 0.37890625 0.390625 0.2453125
0 0.3046875 0.49375 0.390625 0.390625
1 0.29609375 0.5421875 0.1890625 0.390625
0 0.5859375 0.603125 0.390625 0.390625
0 0.3171875 0.4625 0.390625 0.390625
1 0.5609375 0.2890625 0.390625 0.18125
0 0.6421875 0.609375 0.390625 0.390625
0 0.3203125 0.8046875 0.390625 0.390625
1 0.58984375 0.33125 0.1828125 0.390625
1 0.6015625 0.19140625 0.390625 0.1515625
1 0.1390625 0.5 0.271875 0.390625
1 0.65625 0.2296875 0.390625 0.25625
0 0.5078125 0.31875 0.390625 0.390625
1 0.34375 0.790625 0.390625 0.21875
1 0.465625 0.10859375 0.390625 0.2109375
1 0.2953125 0.86640625 0.390625 0.2328125
0 0.44375 0.8046875 0.390625 0.390625
1 0.36875 0.7734375 0.146875 0.390625
1 0.32734375 0.678125 0.1296875 0.390625
1 0.425 0.86875 0.390625 0.228125
0 0.353125 0.8046875 0.390625 0.390625
0 0.3 0.8046875 0.390625 0.390625
1 0.2921875 0.55625 0.390625 0.146875
0 0.3265625 0.4484375 0.390625 0.390625
1 0.315625 0.790625 0.390625 0.2
1 0.56875 0.2515625 0.128125 0.390625
0 0.6953125 0.584375 0.390625 0.390625
0 0.29375 0.784375 0.390625 0.390625
1 0.396875 0.7515625 0.140625 0.390625