1 0.2890625 0.228125 0.390625 0.225
1 0.70390625 0.4 0.1546875 0.390625
1 0.64375 0.3765625 0.246875 0.390625
1 0.396875 0.13359375 0.390625 0.2046875
0 0.4984375 0.396875 0.390625 0.390625
1 0.6 0.25 0.390625 0.159375
1 0.35 0.27265625 0.390625 0.2421875
1 0.33203125 0.3734375 0.2359375 0.390625
0 0.246875 0.4234375 0.390625 0.390625
1 0.5875 0.553125 0.146875 0.390625
0 0.5 0.4890625 0.390625 0.390625
1 0.6921875 0.696875 0.390625 0.246875
0 0.6140625 0.5328125 0.390625 0.390625
0 0.515625 0.7234375 0.390625 0.390625
1 0.5359375 0.6109375 0.165625 0.390625