1 0.4234375 0.321875 0.25 0.390625
1 0.640625 0.35703125 0.390625 0.1515625
1 0.3546875 0.25234375 0.390625 0.1203125
0 0.628125 0.259375 0.390625 0.390625
0 0.390625 0.28125 0.390625 0.390625
1 0.5875 0.3390625 0.15625 0.390625
0 0.4390625 0.31875 0.390625 0.390625
1 0.86328125 0.3734375 0.2203125 0.390625
1 0.721875 0.3125 0.165625 0.390625
0 0.4953125 0.253125 0.390625 0.390625
1 0.678125 0.19921875 0.390625 0.2578125
1 0.34453125 0.3421875 0.2421875 0.390625
0 0.8046875 0.3828125 0.390625 0.390625
0 0.4265625 0.3640625 0.390625 0.390625
1 0.7703125 0.35 0.390625 0.165625
1 0.74609375 0.5421875 0.2421875 0.390625
0 0.5421875 0.4390625 0.390625 0.390625
0 0.7671875 0.50625 0.390625 0.390625
1 0.8046875 0.3703125 0.390625 0.1375
0 0.796875 0.3515625 0.390625 0.390625
0 0.40625 0.346875 0.390625 0.390625
1 0.49140625 0.2546875 0.1265625 0.390625
0 0.5171875 0.3265625 0.390625 0.390625
0 0.4875 0.5328125 0.390625 0.390625
1 0.2890625 0.20390625 0.390625 0.2015625
0 0.8046875 0.3609375 0.390625 0.390625
0 0.596875 0.3609375 0.390625 0.390625
0 0.7640625 0.3671875 0.390625 0.390625
0 0.8046875 0.2734375 0.390625 0.390625
0 0.3796875 0.3078125 0.390625 0.390625
0 0.6015625 0.4546875 0.390625 0.390625
0 0.3875 0.2578125 0.390625 0.390625
0 0.4671875 0.303125 0.390625 0.390625
0 0.65 0.515625 0.390625 0.390625
0 0.8046875 0.3921875 0.390625 0.390625
1 0.63671875 0.46875 0.1609375 0.390625
0 0.6890625 0.5828125 0.390625 0.390625
1 0.3640625 0.30546875 0.390625 0.1421875
0 0.8046875 0.4375 0.390625 0.390625
0 0.8046875 0.3859375 0.390625 0.390625
1 0.3875 0.20234375 0.390625 0.1890625
0 0.4140625 0.35 0.390625 0.390625
1 0.359375 0.23671875 0.390625 0.1765625
0 0.3578125 0.309375 0.390625 0.390625
1 0.696875 0.4 0.390625 0.175
0 0.5796875 0.34375 0.390625 0.390625
0 0.34375 0.396875 0.390625 0.390625
1 0.27734375 0.5796875 0.2140625 0.390625
0 0.425 0.2671875 0.390625 0.390625
0 0.753125 0.2734375 0.390625 0.390625