0 0.715625 0.7921875 0.390625 0.390625
1 0.63828125 0.5578125 0.1765625 0.390625
1 0.5328125 0.18515625 0.390625 0.1421875
0 0.23125 0.51875 0.390625 0.390625
0 0.31875 0.8015625 0.390625 0.390625
1 0.56875 0.69453125 0.390625 0.1984375
1 0.85 0.2609375 0.25625 0.390625
0 0.796875 0.403125 0.390625 0.390625
1 0.71953125 0.3015625 0.1421875 0.390625
0 0.253125 0.340625 0.390625 0.390625
1 0.23125 0.309375 0.390625 0.140625
1 0.46171875 0.7171875 0.1328125 0.390625
0 0.3625 0.5609375 0.390625 0.390625
0 0.5609375 0.5046875 0.390625 0.390625
1 0.93203125 0.33125 0.1203125 0.390625