1 0.4078125 0.1953125 0.19375 0.390625
1 0.5046875 0.36796875 0.390625 0.1546875
1 0.834375 0.41875 0.128125 0.390625
1 0.721875 0.74375 0.2625 0.390625
1 0.58125 0.44453125 0.390625 0.1828125
0 0.3546875 0.4921875 0.390625 0.390625
1 0.33125 0.553125 0.140625 0.390625
0 0.203125 0.665625 0.390625 0.390625
0 0.4109375 0.7921875 0.390625 0.390625
0 0.3921875 0.5875 0.390625 0.390625
0 0.5421875 0.515625 0.390625 0.390625
1 0.73125 0.7328125 0.390625 0.184375
1 0.259375 0.6921875 0.165625 0.390625
1 0.3375 0.6046875 0.16875 0.390625
0 0.4578125 0.503125 0.390625 0.390625
0 0.1953125 0.6546875 0.390625 0.390625
0 0.4359375 0.5546875 0.390625 0.390625
1 0.55390625 0.5734375 0.1578125 0.390625
1 0.359375 0.19921875 0.390625 0.1609375
1 0.4703125 0.571875 0.13125 0.390625
0 0.30625 0.6125 0.390625 0.390625
1 0.4765625 0.51328125 0.390625 0.1234375
0 0.459375 0.4375 0.390625 0.390625
1 0.3234375 0.67109375 0.390625 0.2453125
0 0.6046875 0.2421875 0.390625 0.390625
0 0.3625 0.5671875 0.390625 0.390625
0 0.5484375 0.515625 0.390625 0.390625
0 0.4390625 0.653125 0.390625 0.390625
1 0.45 0.14375 0.390625 0.1625
1 0.52578125 0.3359375 0.2671875 0.390625
0 0.51875 0.7296875 0.390625 0.390625
0 0.3015625 0.6296875 0.390625 0.390625
1 0.36328125 0.39375 0.2328125 0.390625
1 0.4625 0.525 0.390625 0.215625
1 0.38125 0.30625 0.125 0.390625
1 0.51015625 0.6859375 0.1234375 0.390625
0 0.36875 0.740625 0.390625 0.390625
1 0.465625 0.534375 0.390625 0.221875
1 0.81640625 0.671875 0.2421875 0.390625
1 0.4078125 0.890625 0.390625 0.153125
1 0.328125 0.6796875 0.221875 0.390625
0 0.425 0.5234375 0.390625 0.390625
0 0.309375 0.7078125 0.390625 0.390625
0 0.4515625 0.434375 0.390625 0.390625
1 0.32734375 0.65625 0.2578125 0.390625
1 0.3015625 0.6984375 0.259375 0.390625
0 0.403125 0.1953125 0.390625 0.390625
1 0.5765625 0.7984375 0.190625 0.390625
1 0.2046875 0.63125 0.390625 0.175
0 0.45 0.26875 0.390625 0.390625