0 0.2765625 0.753125 0.390625 0.390625
1 0.21484375 0.6203125 0.1765625 0.390625
1 0.546875 0.240625 0.390625 0.20625
0 0.79375 0.265625 0.390625 0.390625
0 0.7078125 0.196875 0.390625 0.390625
1 0.31640625 0.3609375 0.1765625 0.390625
1 0.43828125 0.53125 0.2265625 0.390625
1 0.325 0.63359375 0.390625 0.1640625
0 0.6609375 0.259375 0.390625 0.390625
1 0.275 0.7390625 0.390625 0.125
1 0.3515625 0.79921875 0.390625 0.2265625
0 0.225 0.215625 0.390625 0.390625
0 0.4625 0.271875 0.390625 0.390625
1 0.6546875 0.234375 0.228125 0.390625
1 0.225 0.80625 0.390625 0.265625