0 0.659375 0.2453125 0.390625 0.390625
0 0.5078125 0.6109375 0.390625 0.390625
0 0.3390625 0.5546875 0.390625 0.390625
0 0.4875 0.4828125 0.390625 0.390625
1 0.3234375 0.565625 0.159375 0.390625
1 0.72109375 0.565625 0.1765625 0.390625
1 0.6953125 0.21796875 0.390625 0.2484375
1 0.565625 0.85234375 0.390625 0.1671875
0 0.2109375 0.4921875 0.390625 0.390625
0 0.309375 0.546875 0.390625 0.390625
1 0.5609375 0.67421875 0.390625 0.1640625
1 0.365625 0.65859375 0.390625 0.2109375
1 0.76953125 0.2390625 0.1390625 0.390625
1 0.77109375 0.2609375 0.1671875 0.390625
1 0.8046875 0.1265625 0.390625 0.11875
0 0.2625 0.6375 0.390625 0.390625
0 0.3078125 0.61875 0.390625 0.390625
0 0.73125 0.2203125 0.390625 0.390625
0 0.675 0.1953125 0.390625 0.390625
0 0.759375 0.2453125 0.390625 0.390625
1 0.4765625 0.728125 0.390625 0.153125
0 0.790625 0.221875 0.390625 0.390625
0 0.590625 0.6359375 0.390625 0.390625
1 0.2390625 0.56640625 0.390625 0.2140625
1 0.753125 0.31171875 0.390625 0.2140625
1 0.2890625 0.5296875 0.178125 0.390625
1 0.2734375 0.66015625 0.390625 0.2484375
0 0.7640625 0.240625 0.390625 0.390625
1 0.78671875 0.240625 0.1671875 0.390625
1 0.53046875 0.7328125 0.1171875 0.390625
0 0.25625 0.528125 0.390625 0.390625
0 0.8046875 0.325 0.390625 0.390625
1 0.17578125 0.565625 0.2171875 0.390625
0 0.2203125 0.6 0.390625 0.390625
1 0.79765625 0.3 0.2078125 0.390625
0 0.1953125 0.565625 0.390625 0.390625
1 0.2640625 0.5875 0.390625 0.196875
0 0.7609375 0.69375 0.390625 0.390625
1 0.4734375 0.709375 0.178125 0.390625
1 0.35625 0.6125 0.390625 0.234375
1 0.4640625 0.703125 0.390625 0.184375
0 0.759375 0.20625 0.390625 0.390625
1 0.6625 0.2484375 0.390625 0.21875
1 0.44765625 0.7515625 0.2546875 0.390625
0 0.2890625 0.6625 0.390625 0.390625
0 0.3859375 0.50625 0.390625 0.390625
0 0.2546875 0.553125 0.390625 0.390625
1 0.8046875 0.28125 0.171875 0.390625
1 0.35 0.62734375 0.390625 0.2359375
0 0.471875 0.6515625 0.390625 0.390625