0 0.7 0.6265625 0.390625 0.390625
0 0.4375 0.396875 0.390625 0.390625
1 0.7296875 0.79375 0.23125 0.390625
0 0.4359375 0.3125 0.390625 0.390625
1 0.665625 0.325 0.128125 0.390625
0 0.521875 0.1953125 0.390625 0.390625
1 0.90546875 0.5109375 0.1609375 0.390625
1 0.8234375 0.7109375 0.2625 0.390625
0 0.6921875 0.7328125 0.390625 0.390625
1 0.81484375 0.6875 0.2234375 0.390625
1 0.67890625 0.675 0.1609375 0.390625
0 0.6671875 0.528125 0.390625 0.390625
0 0.5375 0.315625 0.390625 0.390625
1 0.7546875 0.85703125 0.390625 0.2296875
1 0.8046875 0.78359375 0.390625 0.1796875
0 0.7609375 0.734375 0.390625 0.390625
1 0.47578125 0.6046875 0.2265625 0.390625
1 0.63984375 0.725 0.1796875 0.390625
1 0.659375 0.6796875 0.20625 0.390625
1 0.3390625 0.33125 0.390625 0.2375
1 0.7546875 0.7734375 0.390625 0.16875
0 0.7578125 0.6984375 0.390625 0.390625
1 0.6015625 0.74453125 0.390625 0.2015625
1 0.7078125 0.7125 0.390625 0.125
0 0.4875 0.3234375 0.390625 0.390625
0 0.5375 0.459375 0.390625 0.390625
1 0.8046875 0.68515625 0.390625 0.2296875
0 0.590625 0.484375 0.390625 0.390625
1 0.5109375 0.30625 0.24375 0.390625
0 0.5171875 0.559375 0.390625 0.390625
1 0.45 0.21796875 0.390625 0.2546875
1 0.62109375 0.5625 0.1765625 0.390625
1 0.7390625 0.74140625 0.390625 0.1984375
0 0.56875 0.446875 0.390625 0.390625
1 0.8015625 0.6875 0.390625 0.184375
0 0.421875 0.3953125 0.390625 0.390625
0 0.609375 0.7734375 0.390625 0.390625
1 0.43125 0.14921875 0.390625 0.1765625
1 0.65625 0.46640625 0.390625 0.1328125
0 0.5453125 0.4484375 0.390625 0.390625
1 0.38984375 0.2828125 0.2140625 0.390625
0 0.6109375 0.71875 0.390625 0.390625
0 0.515625 0.38125 0.390625 0.390625
0 0.378125 0.3171875 0.390625 0.390625
0 0.55625 0.28125 0.390625 0.390625
0 0.41875 0.2546875 0.390625 0.390625
1 0.52109375 0.265625 0.2078125 0.390625
0 0.46875 0.39375 0.390625 0.390625
0 0.7875 0.64375 0.390625 0.390625
1 0.69296875 0.640625 0.1359375 0.390625