0 0.5171875 0.6078125 0.390625 0.390625
0 0.45625 0.3421875 0.390625 0.390625
1 0.4609375 0.6734375 0.125 0.390625
0 0.475 0.35 0.390625 0.390625
0 0.58125 0.5203125 0.390625 0.390625
1 0.678125 0.1 0.390625 0.2
1 0.55234375 0.659375 0.2578125 0.390625
0 0.515625 0.803125 0.390625 0.390625
1 0.7765625 0.78046875 0.390625 0.2171875
0 0.434375 0.78125 0.390625 0.390625
0 0.55 0.6125 0.390625 0.390625
0 0.525 0.2625 0.390625 0.390625
0 0.396875 0.4171875 0.390625 0.390625
1 0.2765625 0.4015625 0.203125 0.390625
0 0.3046875 0.7203125 0.390625 0.390625