1 0.18515625 0.7109375 0.1515625 0.390625
1 0.3953125 0.66640625 0.390625 0.1796875
0 0.4078125 0.6828125 0.390625 0.390625
1 0.22265625 0.5953125 0.1671875 0.390625
0 0.1953125 0.53125 0.390625 0.390625
0 0.3703125 0.5671875 0.390625 0.390625
0 0.5453125 0.3703125 0.390625 0.390625
0 0.328125 0.8015625 0.390625 0.390625
0 0.4921875 0.7375 0.390625 0.390625
0 0.1984375 0.784375 0.390625 0.390625
1 0.1953125 0.690625 0.390625 0.1875
0 0.1953125 0.73125 0.390625 0.390625
1 0.18203125 0.5828125 0.2484375 0.390625
0 0.1953125 0.603125 0.390625 0.390625
1 0.28828125 0.5703125 0.2421875 0.390625
1 0.2046875 0.66796875 0.390625 0.1796875
1 0.3203125 0.51328125 0.390625 0.2671875
0 0.35625 0.6375 0.390625 0.390625
1 0.1890625 0.8046875 0.24375 0.390625
0 0.1953125 0.6734375 0.390625 0.390625
0 0.3734375 0.6921875 0.390625 0.390625
0 0.35625 0.8 0.390625 0.390625
1 0.54375 0.671875 0.146875 0.390625
0 0.215625 0.7828125 0.390625 0.390625
1 0.28515625 0.6546875 0.2578125 0.390625
0 0.2421875 0.584375 0.390625 0.390625
1 0.415625 0.5578125 0.178125 0.390625
1 0.253125 0.553125 0.390625 0.18125
1 0.371875 0.5328125 0.390625 0.246875
1 0.1953125 0.61015625 0.390625 0.2421875
0 0.1953125 0.571875 0.390625 0.390625
1 0.24140625 0.6578125 0.2546875 0.390625
0 0.1953125 0.6875 0.390625 0.390625
0 0.2875 0.584375 0.390625 0.390625
1 0.19609375 0.403125 0.1171875 0.390625
1 0.25625 0.53046875 0.390625 0.1890625
0 0.2640625 0.578125 0.390625 0.390625
1 0.1953125 0.69921875 0.390625 0.1609375
1 0.709375 0.61015625 0.390625 0.1171875
1 0.16328125 0.5046875 0.1328125 0.390625
1 0.3875 0.55625 0.390625 0.209375
0 0.3890625 0.56875 0.390625 0.390625
0 0.1953125 0.6109375 0.390625 0.390625
1 0.15078125 0.7046875 0.2328125 0.390625
1 0.2953125 0.60625 0.390625 0.178125
0 0.3796875 0.590625 0.390625 0.390625
0 0.2671875 0.6796875 0.390625 0.390625
0 0.6828125 0.3609375 0.390625 0.390625
0 0.3484375 0.5921875 0.390625 0.390625
0 0.3109375 0.575 0.390625 0.390625