0 0.2765625 0.56875 0.390625 0.390625
1 0.5171875 0.5203125 0.209375 0.390625
0 0.8046875 0.3015625 0.390625 0.390625
0 0.5984375 0.2078125 0.390625 0.390625
0 0.728125 0.3796875 0.390625 0.390625
1 0.5375 0.5265625 0.390625 0.246875
1 0.7265625 0.29921875 0.390625 0.1265625
0 0.253125 0.2078125 0.390625 0.390625
0 0.7390625 0.4125 0.390625 0.390625
1 0.53359375 0.59375 0.1203125 0.390625
0 0.5109375 0.6171875 0.390625 0.390625
0 0.2953125 0.4390625 0.390625 0.390625
1 0.5296875 0.5015625 0.390625 0.175
0 0.3921875 0.50625 0.390625 0.390625
1 0.384375 0.565625 0.1875 0.390625
0 0.303125 0.5328125 0.390625 0.390625
1 0.8046875 0.44921875 0.390625 0.1328125
1 0.290625 0.271875 0.13125 0.390625
0 0.628125 0.4609375 0.390625 0.390625
1 0.3203125 0.29921875 0.390625 0.1328125
0 0.625 0.4640625 0.390625 0.390625
1 0.5515625 0.584375 0.175 0.390625
0 0.2796875 0.4796875 0.390625 0.390625
1 0.621875 0.44375 0.184375 0.390625
0 0.290625 0.5453125 0.390625 0.390625
1 0.4046875 0.4453125 0.271875 0.390625
0 0.8 0.4328125 0.390625 0.390625
0 0.2125 0.39375 0.390625 0.390625
1 0.315625 0.596875 0.390625 0.265625
0 0.66875 0.50625 0.390625 0.390625
0 0.5234375 0.590625 0.390625 0.390625
0 0.328125 0.1953125 0.390625 0.390625
0 0.609375 0.4953125 0.390625 0.390625
0 0.6171875 0.590625 0.390625 0.390625
1 0.6171875 0.54375 0.16875 0.390625
1 0.7921875 0.38046875 0.390625 0.1296875
1 0.50234375 0.440625 0.1796875 0.390625
0 0.3515625 0.30625 0.390625 0.390625
1 0.56171875 0.690625 0.2484375 0.390625
0 0.34375 0.4375 0.390625 0.390625
0 0.68125 0.45625 0.390625 0.390625
0 0.8046875 0.4640625 0.390625 0.390625
1 0.775 0.40625 0.19375 0.390625
1 0.58984375 0.421875 0.2578125 0.390625
1 0.33125 0.30078125 0.390625 0.2703125
1 0.6875 0.40625 0.225 0.390625
0 0.2984375 0.26875 0.390625 0.390625
0 0.2828125 0.3984375 0.390625 0.390625
1 0.2703125 0.70546875 0.390625 0.2171875
0 0.559375 0.4875 0.390625 0.390625