1 0.49375 0.18046875 0.390625 0.2109375
0 0.6171875 0.2140625 0.390625 0.390625
1 0.490625 0.41640625 0.390625 0.2578125
1 0.2 0.309375 0.221875 0.390625
1 0.521875 0.525 0.19375 0.390625
0 0.25625 0.5625 0.390625 0.390625
1 0.128125 0.353125 0.1875 0.390625
0 0.7296875 0.534375 0.390625 0.390625
1 0.20078125 0.78125 0.1671875 0.390625
0 0.39375 0.321875 0.390625 0.390625
0 0.396875 0.334375 0.390625 0.390625
1 0.50390625 0.778125 0.1234375 0.390625
1 0.44921875 0.6328125 0.2546875 0.390625
1 0.24375 0.34375 0.390625 0.2375
0 0.56875 0.1953125 0.390625 0.390625