1 0.69375 0.696875 0.390625 0.2
0 0.346875 0.746875 0.390625 0.390625
0 0.434375 0.553125 0.390625 0.390625
0 0.3890625 0.6546875 0.390625 0.390625
0 0.4671875 0.43125 0.390625 0.390625
0 0.509375 0.2765625 0.390625 0.390625
1 0.60625 0.7625 0.390625 0.159375
0 0.5140625 0.5484375 0.390625 0.390625
1 0.7328125 0.46484375 0.390625 0.2421875
0 0.6234375 0.4484375 0.390625 0.390625
1 0.5296875 0.7109375 0.390625 0.125
1 0.4953125 0.8953125 0.390625 0.18125
1 0.2640625 0.528125 0.390625 0.265625
1 0.84296875 0.7359375 0.1953125 0.390625
0 0.6484375 0.5796875 0.390625 0.390625