0 0.3765625 0.384375 0.390625 0.390625
1 0.29140625 0.6234375 0.2015625 0.390625
1 0.5390625 0.4859375 0.19375 0.390625
0 0.2078125 0.7625 0.390625 0.390625
0 0.63125 0.765625 0.390625 0.390625
1 0.4828125 0.58359375 0.390625 0.2015625
0 0.28125 0.33125 0.390625 0.390625
0 0.478125 0.2890625 0.390625 0.390625
1 0.4484375 0.37265625 0.390625 0.1734375
1 0.66171875 0.3234375 0.1921875 0.390625
1 0.7671875 0.50859375 0.390625 0.2140625
0 0.534375 0.4359375 0.390625 0.390625
0 0.6328125 0.5546875 0.390625 0.390625
1 0.6125 0.43671875 0.390625 0.1609375
0 0.3625 0.3296875 0.390625 0.390625
0 0.45 0.3453125 0.390625 0.390625
0 0.665625 0.3609375 0.390625 0.390625
0 0.3453125 0.61875 0.390625 0.390625
1 0.25859375 0.4953125 0.2609375 0.390625
0 0.1953125 0.709375 0.390625 0.390625
0 0.1953125 0.8046875 0.390625 0.390625
1 0.3359375 0.61171875 0.390625 0.2015625
1 0.1140625 0.7921875 0.2125 0.390625
0 0.284375 0.6390625 0.390625 0.390625
0 0.325 0.4796875 0.390625 0.390625
1 0.1953125 0.71875 0.390625 0.25
0 0.4078125 0.240625 0.390625 0.390625
0 0.259375 0.35 0.390625 0.390625
1 0.3046875 0.35390625 0.390625 0.2203125
0 0.7359375 0.3953125 0.390625 0.390625
1 0.2875 0.6328125 0.390625 0.128125
0 0.1953125 0.765625 0.390625 0.390625
0 0.4796875 0.515625 0.390625 0.390625
1 0.1953125 0.671875 0.390625 0.240625
0 0.315625 0.653125 0.390625 0.390625
0 0.2265625 0.5984375 0.390625 0.390625
0 0.44375 0.6 0.390625 0.390625
1 0.2125 0.78984375 0.390625 0.1921875
1 0.465625 0.26328125 0.390625 0.1953125
1 0.2375 0.6421875 0.390625 0.209375
0 0.28125 0.6625 0.390625 0.390625
0 0.4484375 0.31875 0.390625 0.390625
1 0.2171875 0.3875 0.15 0.390625
0 0.33125 0.3703125 0.390625 0.390625
1 0.62578125 0.346875 0.1390625 0.390625
1 0.86640625 0.559375 0.1546875 0.390625
0 0.434375 0.3625 0.390625 0.390625
1 0.1953125 0.7625 0.390625 0.15
0 0.4671875 0.3953125 0.390625 0.390625
0 0.55625 0.4515625 0.390625 0.390625