0 0.3359375 0.584375 0.390625 0.390625
0 0.7703125 0.3796875 0.390625 0.390625
1 0.1953125 0.50234375 0.390625 0.1328125
1 0.7578125 0.44921875 0.390625 0.1171875
0 0.8046875 0.4984375 0.390625 0.390625
1 0.18984375 0.7453125 0.2140625 0.390625
1 0.7015625 0.353125 0.390625 0.23125
1 0.1953125 0.45703125 0.390625 0.1171875
1 0.2671875 0.49765625 0.390625 0.1765625
1 0.525 0.2171875 0.390625 0.20625
0 0.1953125 0.4765625 0.390625 0.390625
1 0.196875 0.50390625 0.390625 0.1828125
1 0.67734375 0.334375 0.1453125 0.390625
0 0.26875 0.425 0.390625 0.390625
1 0.8046875 0.37109375 0.390625 0.1796875
1 0.7890625 0.3375 0.390625 0.1625
0 0.2328125 0.35 0.390625 0.390625
0 0.6796875 0.8046875 0.390625 0.390625
1 0.6640625 0.7203125 0.390625 0.175
1 0.25 0.55625 0.390625 0.171875
0 0.521875 0.6109375 0.390625 0.390625
0 0.4296875 0.5125 0.390625 0.390625
0 0.434375 0.6109375 0.390625 0.390625
0 0.5546875 0.4671875 0.390625 0.390625
0 0.8046875 0.3875 0.390625 0.390625
0 0.484375 0.45625 0.390625 0.390625
0 0.384375 0.584375 0.390625 0.390625
0 0.2125 0.203125 0.390625 0.390625
1 0.4375 0.578125 0.390625 0.25
0 0.7421875 0.7234375 0.390625 0.390625
1 0.8046875 0.33984375 0.390625 0.2296875
1 0.3171875 0.5 0.2625 0.390625
0 0.48125 0.4703125 0.390625 0.390625
0 0.4453125 0.503125 0.390625 0.390625
0 0.7828125 0.2625 0.390625 0.390625
0 0.775 0.8046875 0.390625 0.390625
0 0.1953125 0.478125 0.390625 0.390625
0 0.425 0.6578125 0.390625 0.390625
1 0.23984375 0.5328125 0.1796875 0.390625
0 0.71875 0.4046875 0.390625 0.390625
0 0.28125 0.3671875 0.390625 0.390625
0 0.4203125 0.7828125 0.390625 0.390625
0 0.65625 0.4078125 0.390625 0.390625
1 0.7515625 0.275 0.390625 0.2125
1 0.16953125 0.7609375 0.1453125 0.390625
1 0.7 0.8046875 0.121875 0.390625
1 0.8046875 0.85 0.390625 0.184375
0 0.6625 0.6390625 0.390625 0.390625
0 0.8046875 0.2953125 0.390625 0.390625
0 0.3515625 0.55625 0.390625 0.390625