0 0.4703125 0.7171875 0.390625 0.390625
0 0.65625 0.78125 0.390625 0.390625
1 0.44453125 0.6234375 0.1171875 0.390625
1 0.3 0.5234375 0.165625 0.390625
1 0.2234375 0.646875 0.390625 0.246875
1 0.225 0.4671875 0.265625 0.390625
1 0.690625 0.54765625 0.390625 0.2484375
0 0.378125 0.2859375 0.390625 0.390625
0 0.7734375 0.209375 0.390625 0.390625
0 0.590625 0.3984375 0.390625 0.390625
1 0.7203125 0.2515625 0.2625 0.390625
0 0.625 0.5515625 0.390625 0.390625
0 0.7125 0.5640625 0.390625 0.390625
0 0.4296875 0.1953125 0.390625 0.390625
0 0.6578125 0.765625 0.390625 0.390625