1 0.46875 0.6984375 0.178125 0.390625
1 0.1953125 0.44296875 0.390625 0.1984375
0 0.253125 0.2 0.390625 0.390625
1 0.703125 0.4140625 0.15 0.390625
1 0.2328125 0.1953125 0.2625 0.390625
1 0.36875 0.46484375 0.390625 0.1765625
1 0.4203125 0.684375 0.390625 0.153125
1 0.359375 0.6859375 0.125 0.390625
1 0.2796875 0.5359375 0.171875 0.390625
1 0.28046875 0.1953125 0.1359375 0.390625
1 0.7640625 0.6125 0.215625 0.390625
1 0.2453125 0.3703125 0.19375 0.390625
1 0.1640625 0.2109375 0.25 0.390625
1 0.6375 0.15078125 0.390625 0.1578125
1 0.65234375 0.78125 0.2234375 0.390625
1 0.6125 0.2765625 0.259375 0.390625
1 0.0921875 0.4984375 0.184375 0.390625
1 0.52109375 0.7625 0.1171875 0.390625
1 0.80234375 0.346875 0.1859375 0.390625
0 0.4890625 0.309375 0.390625 0.390625
1 0.1953125 0.5265625 0.390625 0.16875
1 0.20859375 0.39375 0.2421875 0.390625
1 0.58515625 0.3234375 0.2328125 0.390625
1 0.521875 0.2703125 0.121875 0.390625
1 0.790625 0.384375 0.21875 0.390625
0 0.765625 0.3765625 0.390625 0.390625
0 0.45625 0.253125 0.390625 0.390625
0 0.4703125 0.3796875 0.390625 0.390625
0 0.23125 0.1953125 0.390625 0.390625
1 0.209375 0.5171875 0.390625 0.153125
0 0.228125 0.528125 0.390625 0.390625
1 0.7640625 0.41953125 0.390625 0.1890625
0 0.4484375 0.6484375 0.390625 0.390625
0 0.6203125 0.33125 0.390625 0.390625
1 0.228125 0.278125 0.165625 0.390625
0 0.296875 0.409375 0.390625 0.390625
0 0.6 0.328125 0.390625 0.390625
1 0.18828125 0.459375 0.1828125 0.390625
0 0.5921875 0.259375 0.390625 0.390625
1 0.34296875 0.1953125 0.1234375 0.390625
0 0.39375 0.678125 0.390625 0.390625
0 0.478125 0.25 0.390625 0.390625
1 0.71875 0.6203125 0.390625 0.23125
1 0.4546875 0.69140625 0.390625 0.1703125
0 0.284375 0.1953125 0.390625 0.390625
0 0.225 0.1953125 0.390625 0.390625
0 0.5296875 0.7984375 0.390625 0.390625
1 0.43125 0.6171875 0.271875 0.390625
0 0.2296875 0.38125 0.390625 0.390625
1 0.1578125 0.79375 0.1875 0.390625