0 0.53125 0.7390625 0.390625 0.390625
1 0.48515625 0.2625 0.2140625 0.390625
1 0.47421875 0.5671875 0.2703125 0.390625
0 0.775 0.3625 0.390625 0.390625
1 0.35 0.2015625 0.19375 0.390625
0 0.396875 0.6578125 0.390625 0.390625
1 0.7765625 0.4203125 0.21875 0.390625
1 0.39375 0.365625 0.390625 0.13125
0 0.525 0.20625 0.390625 0.390625
1 0.42890625 0.7546875 0.2015625 0.390625
0 0.7859375 0.709375 0.390625 0.390625
0 0.728125 0.609375 0.390625 0.390625
1 0.565625 0.76484375 0.390625 0.1390625
0 0.4296875 0.6546875 0.390625 0.390625
1 0.5265625 0.3890625 0.390625 0.225