1 0.690625 0.2171875 0.390625 0.203125
1 0.57421875 0.5390625 0.2046875 0.390625
0 0.634375 0.3140625 0.390625 0.390625
1 0.684375 0.25625 0.390625 0.23125
0 0.5890625 0.328125 0.390625 0.390625
1 0.7671875 0.16171875 0.390625 0.2265625
0 0.3953125 0.55 0.390625 0.390625
0 0.221875 0.7484375 0.390625 0.390625
0 0.396875 0.6609375 0.390625 0.390625
0 0.5421875 0.34375 0.390625 0.390625
0 0.79375 0.3171875 0.390625 0.390625
1 0.83359375 0.1953125 0.1859375 0.390625
1 0.41875 0.690625 0.390625 0.215625
0 0.5125 0.6796875 0.390625 0.390625
1 0.203125 0.51875 0.390625 0.178125
1 0.703125 0.3734375 0.390625 0.2375
1 0.659375 0.2234375 0.125 0.390625
1 0.6828125 0.3140625 0.125 0.390625
0 0.496875 0.6984375 0.390625 0.390625
1 0.09375 0.6984375 0.146875 0.390625
1 0.64140625 0.33125 0.2390625 0.390625
0 0.625 0.559375 0.390625 0.390625
0 0.4203125 0.278125 0.390625 0.390625
1 0.4609375 0.62890625 0.390625 0.1671875
1 0.4640625 0.53515625 0.390625 0.1640625
0 0.759375 0.1984375 0.390625 0.390625
1 0.84921875 0.2765625 0.2484375 0.390625
0 0.7328125 0.1953125 0.390625 0.390625
0 0.7609375 0.1953125 0.390625 0.390625
0 0.703125 0.2359375 0.390625 0.390625
0 0.346875 0.55625 0.390625 0.390625
0 0.6703125 0.2875 0.390625 0.390625
1 0.3640625 0.58125 0.125 0.390625
0 0.60625 0.3375 0.390625 0.390625
1 0.6625 0.2671875 0.271875 0.390625
1 0.77109375 0.2546875 0.1796875 0.390625
1 0.6203125 0.23359375 0.390625 0.2078125
1 0.7453125 0.334375 0.390625 0.2
0 0.584375 0.6671875 0.390625 0.390625
0 0.5609375 0.278125 0.390625 0.390625
1 0.3625 0.71640625 0.390625 0.2140625
0 0.3890625 0.6796875 0.390625 0.390625
0 0.409375 0.6921875 0.390625 0.390625
0 0.3703125 0.7078125 0.390625 0.390625
1 0.6953125 0.30625 0.390625 0.1375
1 0.79375 0.3109375 0.390625 0.228125
1 0.625 0.2828125 0.196875 0.390625
1 0.6703125 0.2375 0.225 0.390625
1 0.675 0.21484375 0.390625 0.2421875
0 0.4 0.6875 0.390625 0.390625