1 0.378125 0.71015625 0.390625 0.2609375
1 0.3625 0.3578125 0.23125 0.390625
1 0.25625 0.3515625 0.2 0.390625
1 0.78046875 0.371875 0.2015625 0.390625
1 0.31328125 0.3640625 0.1984375 0.390625
0 0.621875 0.45 0.390625 0.390625
1 0.76875 0.4578125 0.390625 0.134375
0 0.2890625 0.771875 0.390625 0.390625
0 0.775 0.3703125 0.390625 0.390625
1 0.715625 0.4390625 0.234375 0.390625
0 0.2625 0.3078125 0.390625 0.390625
0 0.7984375 0.5734375 0.390625 0.390625
1 0.46640625 0.6109375 0.1203125 0.390625
1 0.484375 0.2828125 0.228125 0.390625
1 0.1953125 0.20390625 0.390625 0.1484375
0 0.1953125 0.309375 0.390625 0.390625
0 0.746875 0.6046875 0.390625 0.390625
0 0.403125 0.5640625 0.390625 0.390625
0 0.65625 0.45 0.390625 0.390625
0 0.7609375 0.65 0.390625 0.390625
1 0.446875 0.2296875 0.178125 0.390625
0 0.6953125 0.625 0.390625 0.390625
0 0.3890625 0.325 0.390625 0.390625
1 0.7953125 0.5765625 0.15625 0.390625
0 0.7640625 0.4625 0.390625 0.390625
0 0.7875 0.7359375 0.390625 0.390625
0 0.7484375 0.4453125 0.390625 0.390625
0 0.7421875 0.4078125 0.390625 0.390625
0 0.7515625 0.475 0.390625 0.390625
1 0.81796875 0.5296875 0.1171875 0.390625
1 0.43828125 0.2890625 0.2703125 0.390625
0 0.1953125 0.3578125 0.390625 0.390625
0 0.1953125 0.28125 0.390625 0.390625
0 0.7890625 0.4765625 0.390625 0.390625
0 0.384375 0.3875 0.390625 0.390625
0 0.7703125 0.4796875 0.390625 0.390625
0 0.375 0.321875 0.390625 0.390625
0 0.7140625 0.4796875 0.390625 0.390625
1 0.86796875 0.30625 0.2265625 0.390625
1 0.7984375 0.5765625 0.390625 0.271875
0 0.790625 0.609375 0.390625 0.390625
1 0.46875 0.3625 0.390625 0.125
0 0.1953125 0.2953125 0.390625 0.390625
1 0.275 0.46796875 0.390625 0.1734375
1 0.72578125 0.6796875 0.1984375 0.390625
0 0.775 0.4390625 0.390625 0.390625
1 0.45625 0.246875 0.390625 0.184375
1 0.73125 0.653125 0.390625 0.209375
0 0.2921875 0.328125 0.390625 0.390625
0 0.8015625 0.4953125 0.390625 0.390625