1 0.68515625 0.4140625 0.2328125 0.390625
1 0.73984375 0.753125 0.1703125 0.390625
1 0.8671875 0.3625 0.121875 0.390625
1 0.21875 0.2015625 0.390625 0.24375
0 0.375 0.3 0.390625 0.390625
1 0.2421875 0.3375 0.18125 0.390625
1 0.4734375 0.61640625 0.390625 0.1546875
0 0.703125 0.23125 0.390625 0.390625
1 0.503125 0.15390625 0.390625 0.1796875
1 0.26484375 0.546875 0.1578125 0.390625
0 0.409375 0.3390625 0.390625 0.390625
1 0.16796875 0.3703125 0.1359375 0.390625
0 0.5890625 0.415625 0.390625 0.390625
0 0.1953125 0.3265625 0.390625 0.390625
0 0.2546875 0.784375 0.390625 0.390625