0 0.4546875 0.5109375 0.390625 0.390625
0 0.8046875 0.7734375 0.390625 0.390625
1 0.65625 0.54375 0.128125 0.390625
1 0.46875 0.31953125 0.390625 0.2359375
0 0.6421875 0.465625 0.390625 0.390625
0 0.753125 0.7640625 0.390625 0.390625
1 0.7421875 0.55703125 0.390625 0.1203125
0 0.509375 0.453125 0.390625 0.390625
0 0.628125 0.4890625 0.390625 0.390625
1 0.7296875 0.7078125 0.390625 0.1375
1 0.66640625 0.6140625 0.1765625 0.390625
1 0.7203125 0.60078125 0.390625 0.1890625
0 0.703125 0.5453125 0.390625 0.390625
0 0.3359375 0.521875 0.390625 0.390625
1 0.325 0.31875 0.25 0.390625
1 0.4546875 0.559375 0.390625 0.11875
0 0.69375 0.540625 0.390625 0.390625
0 0.4890625 0.48125 0.390625 0.390625
0 0.7671875 0.5453125 0.390625 0.390625
1 0.58671875 0.384375 0.2609375 0.390625
0 0.68125 0.6625 0.390625 0.390625
1 0.3203125 0.7703125 0.159375 0.390625
1 0.7109375 0.728125 0.390625 0.24375
0 0.25 0.4109375 0.390625 0.390625
1 0.66484375 0.6703125 0.1328125 0.390625
1 0.7890625 0.70234375 0.390625 0.2078125
1 0.4640625 0.4703125 0.20625 0.390625
0 0.653125 0.5421875 0.390625 0.390625
1 0.83359375 0.6796875 0.2109375 0.390625
0 0.578125 0.4390625 0.390625 0.390625
1 0.75625 0.634375 0.225 0.390625
1 0.3671875 0.1328125 0.390625 0.253125
1 0.6515625 0.73515625 0.390625 0.1828125
0 0.7703125 0.6765625 0.390625 0.390625
0 0.55625 0.203125 0.390625 0.390625
1 0.80859375 0.7046875 0.1171875 0.390625
0 0.7140625 0.7640625 0.390625 0.390625
1 0.7203125 0.5875 0.390625 0.209375
1 0.6875 0.58671875 0.390625 0.2015625
0 0.46875 0.5609375 0.390625 0.390625
1 0.71875 0.625 0.390625 0.184375
0 0.76875 0.6890625 0.390625 0.390625
0 0.5921875 0.446875 0.390625 0.390625
1 0.66953125 0.5453125 0.1640625 0.390625
0 0.6859375 0.3375 0.390625 0.390625
1 0.7171875 0.61953125 0.390625 0.2296875
1 0.2171875 0.57890625 0.390625 0.1859375
0 0.728125 0.6359375 0.390625 0.390625
0 0.584375 0.2953125 0.390625 0.390625
1 0.734375 0.72734375 0.390625 0.2484375