0 0.465625 0.634375 0.390625 0.390625
1 0.7890625 0.6515625 0.390625 0.2
1 0.5546875 0.26484375 0.390625 0.1421875
1 0.6453125 0.23046875 0.390625 0.1640625
0 0.671875 0.3 0.390625 0.390625
1 0.7046875 0.621875 0.203125 0.390625
0 0.440625 0.734375 0.390625 0.390625
0 0.740625 0.671875 0.390625 0.390625
0 0.8046875 0.734375 0.390625 0.390625
0 0.465625 0.70625 0.390625 0.390625
1 0.64140625 0.2578125 0.2109375 0.390625
1 0.734375 0.5984375 0.20625 0.390625
1 0.759375 0.68671875 0.390625 0.2046875
1 0.5734375 0.60625 0.390625 0.18125
1 0.7265625 0.66875 0.390625 0.25625
1 0.7765625 0.74609375 0.390625 0.1203125
0 0.290625 0.640625 0.390625 0.390625
0 0.746875 0.6640625 0.390625 0.390625
0 0.6734375 0.1953125 0.390625 0.390625
0 0.684375 0.7328125 0.390625 0.390625
0 0.7375 0.7484375 0.390625 0.390625
1 0.5796875 0.2375 0.390625 0.265625
0 0.8 0.7265625 0.390625 0.390625
1 0.83125 0.7453125 0.11875 0.390625
0 0.5953125 0.1953125 0.390625 0.390625
0 0.653125 0.709375 0.390625 0.390625
0 0.76875 0.5875 0.390625 0.390625
0 0.7171875 0.6265625 0.390625 0.390625
1 0.78515625 0.715625 0.2453125 0.390625
0 0.4640625 0.35625 0.390625 0.390625
0 0.8046875 0.68125 0.390625 0.390625
0 0.2359375 0.66875 0.390625 0.390625
0 0.8046875 0.65625 0.390625 0.390625
1 0.8046875 0.1953125 0.153125 0.390625
0 0.690625 0.228125 0.390625 0.390625
0 0.71875 0.6625 0.390625 0.390625
1 0.7359375 0.4921875 0.2 0.390625
1 0.765625 0.19765625 0.390625 0.2296875
1 0.70703125 0.49375 0.1640625 0.390625
1 0.71171875 0.603125 0.2109375 0.390625
1 0.6265625 0.715625 0.390625 0.25625
1 0.7625 0.775 0.390625 0.146875
1 0.68828125 0.1953125 0.1515625 0.390625
1 0.72734375 0.5671875 0.1359375 0.390625
0 0.76875 0.5890625 0.390625 0.390625
0 0.6328125 0.1953125 0.390625 0.390625
0 0.7859375 0.684375 0.390625 0.390625
0 0.6015625 0.69375 0.390625 0.390625
0 0.2359375 0.328125 0.390625 0.390625
1 0.61640625 0.1953125 0.1828125 0.390625