1 0.66328125 0.6828125 0.1671875 0.390625
0 0.2390625 0.56875 0.390625 0.390625
0 0.3765625 0.8046875 0.390625 0.390625
0 0.1953125 0.4078125 0.390625 0.390625
1 0.68671875 0.571875 0.1671875 0.390625
1 0.4046875 0.81796875 0.390625 0.2421875
1 0.7171875 0.565625 0.190625 0.390625
1 0.78203125 0.6109375 0.1765625 0.390625
1 0.8046875 0.64140625 0.390625 0.1984375
1 0.7921875 0.5734375 0.390625 0.16875
1 0.434375 0.78125 0.390625 0.184375
0 0.3453125 0.634375 0.390625 0.390625
1 0.20625 0.5921875 0.178125 0.390625
0 0.2234375 0.7546875 0.390625 0.390625
0 0.265625 0.5484375 0.390625 0.390625
1 0.1796875 0.396875 0.203125 0.390625
1 0.50390625 0.4296875 0.1640625 0.390625
0 0.253125 0.8046875 0.390625 0.390625
1 0.8046875 0.54921875 0.390625 0.2703125
1 0.196875 0.4515625 0.390625 0.215625
1 0.17578125 0.465625 0.1484375 0.390625
1 0.4140625 0.82421875 0.390625 0.2265625
0 0.259375 0.58125 0.390625 0.390625
0 0.1953125 0.6578125 0.390625 0.390625
1 0.34375 0.590625 0.390625 0.215625
1 0.25625 0.78671875 0.390625 0.1546875
1 0.61328125 0.40625 0.2078125 0.390625
0 0.40625 0.8046875 0.390625 0.390625
0 0.740625 0.5953125 0.390625 0.390625
1 0.34375 0.5671875 0.390625 0.19375
0 0.215625 0.4828125 0.390625 0.390625
0 0.7421875 0.5234375 0.390625 0.390625
1 0.26328125 0.1953125 0.2703125 0.390625
0 0.1953125 0.359375 0.390625 0.390625
1 0.7359375 0.50078125 0.390625 0.1171875
0 0.8046875 0.45625 0.390625 0.390625
1 0.28671875 0.3421875 0.1234375 0.390625
1 0.253125 0.29765625 0.390625 0.2359375
1 0.45390625 0.6171875 0.1203125 0.390625
1 0.48203125 0.521875 0.2109375 0.390625
0 0.584375 0.7609375 0.390625 0.390625
1 0.4234375 0.1828125 0.390625 0.190625
0 0.2765625 0.48125 0.390625 0.390625
0 0.196875 0.309375 0.390625 0.390625
0 0.1953125 0.5671875 0.390625 0.390625
1 0.14375 0.56875 0.259375 0.390625
0 0.390625 0.715625 0.390625 0.390625
1 0.4234375 0.2953125 0.265625 0.390625
1 0.2203125 0.6921875 0.390625 0.234375
1 0.3546875 0.6625 0.175 0.390625