1 0.1484375 0.7828125 0.259375 0.390625
0 0.7828125 0.3796875 0.390625 0.390625
0 0.746875 0.4265625 0.390625 0.390625
1 0.4609375 0.56953125 0.390625 0.2078125
0 0.5234375 0.6234375 0.390625 0.390625
1 0.48125 0.6875 0.390625 0.15625
1 0.4640625 0.68984375 0.390625 0.2265625
1 0.640625 0.23125 0.390625 0.159375
0 0.2015625 0.7625 0.390625 0.390625
0 0.7703125 0.696875 0.390625 0.390625
1 0.5109375 0.7828125 0.25625 0.390625
0 0.3296875 0.7 0.390625 0.390625
1 0.4265625 0.2140625 0.390625 0.159375
0 0.4984375 0.4578125 0.390625 0.390625
0 0.7234375 0.2046875 0.390625 0.390625