1 0.85703125 0.69375 0.2484375 0.390625
1 0.84375 0.759375 0.253125 0.390625
0 0.5140625 0.65 0.390625 0.390625
1 0.80859375 0.6 0.2484375 0.390625
1 0.7328125 0.7328125 0.203125 0.390625
0 0.675 0.59375 0.390625 0.390625
1 0.6421875 0.496875 0.203125 0.390625
0 0.45 0.5875 0.390625 0.390625
0 0.346875 0.6578125 0.390625 0.390625
0 0.6046875 0.3453125 0.390625 0.390625
0 0.709375 0.215625 0.390625 0.390625
1 0.6125 0.83828125 0.390625 0.2359375
1 0.2984375 0.74296875 0.390625 0.1671875
1 0.6625 0.27890625 0.390625 0.1765625
1 0.45703125 0.7234375 0.2203125 0.390625