1 0.4234375 0.3078125 0.390625 0.209375
0 0.59375 0.6625 0.390625 0.390625
1 0.1953125 0.2875 0.390625 0.171875
1 0.39453125 0.3078125 0.1328125 0.390625
0 0.1953125 0.321875 0.390625 0.390625
0 0.60625 0.3453125 0.390625 0.390625
0 0.346875 0.7625 0.390625 0.390625
0 0.7171875 0.6921875 0.390625 0.390625
1 0.50625 0.5359375 0.221875 0.390625
1 0.13203125 0.41875 0.2640625 0.390625
0 0.365625 0.23125 0.390625 0.390625
0 0.2625 0.34375 0.390625 0.390625
0 0.459375 0.38125 0.390625 0.390625
0 0.1953125 0.7625 0.390625 0.390625
1 0.59375 0.28671875 0.390625 0.1484375
1 0.359375 0.228125 0.140625 0.390625
1 0.3734375 0.4078125 0.390625 0.2125
1 0.5703125 0.3953125 0.390625 0.1875
0 0.384375 0.278125 0.390625 0.390625
1 0.5984375 0.3515625 0.390625 0.23125
0 0.471875 0.384375 0.390625 0.390625
1 0.4578125 0.246875 0.13125 0.390625
0 0.3375 0.353125 0.390625 0.390625
0 0.2734375 0.8046875 0.390625 0.390625
0 0.515625 0.4734375 0.390625 0.390625
1 0.4765625 0.34296875 0.390625 0.2328125
1 0.1953125 0.8765625 0.390625 0.246875
0 0.2640625 0.3390625 0.390625 0.390625
1 0.50625 0.41015625 0.390625 0.1703125
0 0.2859375 0.8046875 0.390625 0.390625
1 0.1953125 0.35546875 0.390625 0.1984375
0 0.578125 0.453125 0.390625 0.390625
0 0.68125 0.2390625 0.390625 0.390625
0 0.2953125 0.2375 0.390625 0.390625
1 0.3015625 0.1890625 0.390625 0.20625
1 0.1953125 0.31796875 0.390625 0.1921875
0 0.2875 0.1953125 0.390625 0.390625
1 0.56640625 0.35 0.2015625 0.390625
0 0.584375 0.35 0.390625 0.390625
1 0.3328125 0.26328125 0.390625 0.1203125
1 0.2234375 0.1953125 0.171875 0.390625
0 0.4140625 0.4109375 0.390625 0.390625
1 0.30859375 0.4125 0.1171875 0.390625
1 0.29609375 0.8046875 0.2609375 0.390625
0 0.6 0.34375 0.390625 0.390625
0 0.325 0.2453125 0.390625 0.390625
1 0.33828125 0.434375 0.1859375 0.390625
1 0.49765625 0.3421875 0.1640625 0.390625
0 0.7796875 0.2265625 0.390625 0.390625
0 0.2265625 0.234375 0.390625 0.390625