0 0.49375 0.365625 0.390625 0.390625
1 0.12734375 0.5265625 0.2546875 0.390625
1 0.6453125 0.4734375 0.20625 0.390625
0 0.421875 0.6046875 0.390625 0.390625
1 0.69140625 0.3453125 0.2328125 0.390625
1 0.4953125 0.35859375 0.390625 0.1703125
1 0.48671875 0.6953125 0.2171875 0.390625
0 0.43125 0.628125 0.390625 0.390625
1 0.50078125 0.7703125 0.2203125 0.390625
1 0.1953125 0.50546875 0.390625 0.2421875
1 0.5515625 0.59140625 0.390625 0.1328125
0 0.3171875 0.3328125 0.390625 0.390625
0 0.55 0.70625 0.390625 0.390625
0 0.5265625 0.7765625 0.390625 0.390625
0 0.478125 0.546875 0.390625 0.390625
1 0.6 0.6703125 0.390625 0.225
1 0.1953125 0.59921875 0.390625 0.1203125
1 0.296875 0.42578125 0.390625 0.2390625
1 0.59609375 0.39375 0.2140625 0.390625
0 0.3875 0.290625 0.390625 0.390625
0 0.5453125 0.7515625 0.390625 0.390625
1 0.2609375 0.2078125 0.390625 0.140625
1 0.5859375 0.7640625 0.390625 0.221875
0 0.421875 0.3703125 0.390625 0.390625
0 0.5515625 0.5015625 0.390625 0.390625
1 0.578125 0.7625 0.121875 0.390625
1 0.490625 0.734375 0.16875 0.390625
1 0.52109375 0.71875 0.1578125 0.390625
1 0.5484375 0.365625 0.20625 0.390625
0 0.39375 0.33125 0.390625 0.390625
0 0.4203125 0.446875 0.390625 0.390625
1 0.67421875 0.2765625 0.1546875 0.390625
0 0.3625 0.2375 0.390625 0.390625
1 0.79453125 0.2203125 0.1859375 0.390625
1 0.3390625 0.35078125 0.390625 0.1859375
0 0.4375 0.6171875 0.390625 0.390625
1 0.6859375 0.62890625 0.390625 0.2640625
0 0.46875 0.4296875 0.390625 0.390625
1 0.4953125 0.67265625 0.390625 0.2359375
0 0.6671875 0.3765625 0.390625 0.390625
1 0.5625 0.42421875 0.390625 0.2265625
0 0.465625 0.753125 0.390625 0.390625
1 0.22890625 0.509375 0.1328125 0.390625
1 0.43671875 0.6171875 0.2265625 0.390625
0 0.6203125 0.421875 0.390625 0.390625
1 0.1953125 0.48984375 0.390625 0.1515625
1 0.2328125 0.384375 0.18125 0.390625
0 0.521875 0.7296875 0.390625 0.390625
1 0.45859375 0.5375 0.1640625 0.390625
1 0.4796875 0.68203125 0.390625 0.2390625