1 0.728125 0.57109375 0.390625 0.2046875
1 0.275 0.65625 0.390625 0.246875
0 0.7046875 0.21875 0.390625 0.390625
0 0.3046875 0.346875 0.390625 0.390625
1 0.81796875 0.6515625 0.2609375 0.390625
0 0.6765625 0.2765625 0.390625 0.390625
0 0.7078125 0.39375 0.390625 0.390625
1 0.42109375 0.3609375 0.1640625 0.390625
1 0.76875 0.2203125 0.196875 0.390625
0 0.3515625 0.58125 0.390625 0.390625
0 0.428125 0.4 0.390625 0.390625
0 0.5625 0.353125 0.390625 0.390625
1 0.38515625 0.34375 0.1578125 0.390625
0 0.4828125 0.784375 0.390625 0.390625
1 0.23125 0.64375 0.390625 0.234375