0 0.765625 0.496875 0.390625 0.390625
1 0.25234375 0.615625 0.1609375 0.390625
0 0.41875 0.3640625 0.390625 0.390625
0 0.4 0.584375 0.390625 0.390625
0 0.5578125 0.3453125 0.390625 0.390625
1 0.3296875 0.1296875 0.390625 0.146875
1 0.61484375 0.61875 0.1546875 0.390625
0 0.7734375 0.35625 0.390625 0.390625
0 0.55 0.7765625 0.390625 0.390625
0 0.196875 0.7875 0.390625 0.390625
0 0.465625 0.653125 0.390625 0.390625
0 0.7265625 0.66875 0.390625 0.390625
1 0.646875 0.1796875 0.390625 0.2625
0 0.509375 0.28125 0.390625 0.390625
1 0.2109375 0.2390625 0.390625 0.253125