0 0.2828125 0.21875 0.390625 0.390625
1 0.36015625 0.640625 0.1828125 0.390625
1 0.3375 0.21953125 0.390625 0.1796875
1 0.4671875 0.296875 0.390625 0.20625
1 0.63359375 0.5203125 0.2640625 0.390625
0 0.6046875 0.6296875 0.390625 0.390625
1 0.4015625 0.5984375 0.390625 0.15
1 0.29375 0.1796875 0.390625 0.13125
0 0.3765625 0.5921875 0.390625 0.390625
1 0.72578125 0.503125 0.1859375 0.390625
1 0.540625 0.2328125 0.2125 0.390625
1 0.234375 0.55625 0.228125 0.390625
1 0.5828125 0.58984375 0.390625 0.1234375
0 0.6921875 0.5890625 0.390625 0.390625
0 0.334375 0.665625 0.390625 0.390625
1 0.31953125 0.765625 0.2171875 0.390625
1 0.32109375 0.615625 0.2453125 0.390625
0 0.640625 0.5109375 0.390625 0.390625
0 0.3609375 0.3109375 0.390625 0.390625
1 0.68125 0.45703125 0.390625 0.2234375
0 0.4140625 0.265625 0.390625 0.390625
0 0.278125 0.7015625 0.390625 0.390625
0 0.309375 0.7125 0.390625 0.390625
0 0.3421875 0.271875 0.390625 0.390625
0 0.38125 0.340625 0.390625 0.390625
1 0.484375 0.17421875 0.390625 0.1296875
1 0.4140625 0.315625 0.390625 0.13125
1 0.76015625 0.6359375 0.2015625 0.390625
1 0.3921875 0.59453125 0.390625 0.1953125
1 0.3078125 0.18515625 0.390625 0.2546875
1 0.30703125 0.584375 0.1703125 0.390625
0 0.5953125 0.49375 0.390625 0.390625
0 0.3921875 0.1953125 0.390625 0.390625
0 0.7546875 0.5109375 0.390625 0.390625
0 0.6953125 0.5140625 0.390625 0.390625
0 0.303125 0.1953125 0.390625 0.390625
1 0.315625 0.56875 0.26875 0.390625
1 0.634375 0.56640625 0.390625 0.1359375
1 0.4578125 0.68125 0.390625 0.159375
1 0.7734375 0.46171875 0.390625 0.1234375
1 0.4171875 0.34296875 0.390625 0.2578125
1 0.53125 0.5140625 0.2125 0.390625
1 0.5953125 0.56171875 0.390625 0.1453125
0 0.5609375 0.5125 0.390625 0.390625
0 0.4390625 0.5515625 0.390625 0.390625
0 0.284375 0.26875 0.390625 0.390625
1 0.6421875 0.55625 0.390625 0.153125
1 0.35234375 0.7390625 0.1953125 0.390625
0 0.44375 0.5015625 0.390625 0.390625
1 0.6234375 0.7109375 0.390625 0.2625