0 0.48125 0.303125 0.390625 0.390625
1 0.74921875 0.3828125 0.2109375 0.390625
0 0.45625 0.6640625 0.390625 0.390625
0 0.5484375 0.2234375 0.390625 0.390625
0 0.3046875 0.7984375 0.390625 0.390625
1 0.56328125 0.24375 0.1671875 0.390625
0 0.6421875 0.3203125 0.390625 0.390625
1 0.5703125 0.3421875 0.11875 0.390625
0 0.45 0.3109375 0.390625 0.390625
1 0.721875 0.2546875 0.390625 0.234375
0 0.671875 0.3328125 0.390625 0.390625
0 0.640625 0.2671875 0.390625 0.390625
0 0.309375 0.6234375 0.390625 0.390625
1 0.6859375 0.3796875 0.190625 0.390625
0 0.5078125 0.728125 0.390625 0.390625
1 0.3796875 0.62578125 0.390625 0.2421875
0 0.7703125 0.4546875 0.390625 0.390625
1 0.5734375 0.25625 0.14375 0.390625
1 0.6015625 0.2625 0.16875 0.390625
1 0.3140625 0.578125 0.390625 0.15625
1 0.8046875 0.1765625 0.390625 0.1875
1 0.4171875 0.6671875 0.390625 0.171875
1 0.5046875 0.1953125 0.140625 0.390625
1 0.63203125 0.396875 0.2203125 0.390625
0 0.6515625 0.4953125 0.390625 0.390625
0 0.6859375 0.5265625 0.390625 0.390625
1 0.57265625 0.271875 0.1890625 0.390625
0 0.45 0.5359375 0.390625 0.390625
0 0.4 0.6703125 0.390625 0.390625
0 0.66875 0.35625 0.390625 0.390625
0 0.353125 0.6578125 0.390625 0.390625
1 0.3890625 0.66171875 0.390625 0.1546875
1 0.5359375 0.4578125 0.15 0.390625
0 0.5578125 0.3359375 0.390625 0.390625
0 0.4296875 0.6171875 0.390625 0.390625
1 0.225 0.55625 0.13125 0.390625
0 0.35625 0.596875 0.390625 0.390625
1 0.54375 0.2515625 0.153125 0.390625
0 0.4609375 0.640625 0.390625 0.390625
0 0.6625 0.4140625 0.390625 0.390625
0 0.509375 0.1953125 0.390625 0.390625
0 0.5390625 0.2171875 0.390625 0.390625
1 0.3984375 0.5703125 0.390625 0.125
0 0.5953125 0.2359375 0.390625 0.390625
1 0.4328125 0.65 0.390625 0.228125
1 0.496875 0.22265625 0.390625 0.2203125
0 0.6109375 0.38125 0.390625 0.390625
0 0.575 0.24375 0.390625 0.390625
1 0.525 0.2 0.159375 0.390625
1 0.65625 0.7875 0.390625 0.190625