1 0.325 0.625 0.390625 0.25625
0 0.3359375 0.65625 0.390625 0.390625
1 0.2125 0.84296875 0.390625 0.1453125
0 0.4265625 0.603125 0.390625 0.390625
1 0.76015625 0.33125 0.1640625 0.390625
0 0.775 0.5734375 0.390625 0.390625
1 0.134375 0.709375 0.165625 0.390625
1 0.60078125 0.7359375 0.1734375 0.390625
0 0.76875 0.759375 0.390625 0.390625
0 0.6515625 0.6734375 0.390625 0.390625
0 0.4875 0.628125 0.390625 0.390625
1 0.346875 0.48125 0.16875 0.390625
1 0.15546875 0.484375 0.1484375 0.390625
0 0.4578125 0.59375 0.390625 0.390625
1 0.828125 0.5875 0.178125 0.390625