1 0.2921875 0.10390625 0.390625 0.1828125
1 0.65234375 0.73125 0.1671875 0.390625
0 0.4921875 0.303125 0.390625 0.390625
1 0.28125 0.3109375 0.390625 0.11875
0 0.5328125 0.33125 0.390625 0.390625
0 0.36875 0.3265625 0.390625 0.390625
0 0.3859375 0.2671875 0.390625 0.390625
0 0.2359375 0.5875 0.390625 0.390625
1 0.3515625 0.459375 0.2375 0.390625
1 0.365625 0.39765625 0.390625 0.1421875
0 0.6078125 0.7859375 0.390625 0.390625
0 0.3109375 0.765625 0.390625 0.390625
1 0.2359375 0.61640625 0.390625 0.1703125
0 0.778125 0.5109375 0.390625 0.390625
0 0.2375 0.3546875 0.390625 0.390625