1 0.7609375 0.3609375 0.390625 0.25
0 0.8046875 0.1953125 0.390625 0.390625
0 0.4203125 0.8046875 0.390625 0.390625
1 0.60625 0.8046875 0.175 0.390625
1 0.5875 0.790625 0.159375 0.390625
0 0.5953125 0.7921875 0.390625 0.390625
1 0.4640625 0.88046875 0.390625 0.1265625
0 0.5640625 0.8046875 0.390625 0.390625
0 0.534375 0.8046875 0.390625 0.390625
0 0.6859375 0.7765625 0.390625 0.390625
1 0.796875 0.1453125 0.390625 0.26875
1 0.3296875 0.73203125 0.390625 0.1578125
0 0.3296875 0.8046875 0.390625 0.390625
0 0.3140625 0.8015625 0.390625 0.390625
0 0.509375 0.8046875 0.390625 0.390625
1 0.65625 0.0765625 0.390625 0.11875
0 0.6265625 0.5 0.390625 0.390625
0 0.8046875 0.221875 0.390625 0.390625
1 0.2296875 0.484375 0.271875 0.390625
1 0.8046875 0.05859375 0.390625 0.1171875
0 0.4171875 0.7390625 0.390625 0.390625
0 0.3265625 0.703125 0.390625 0.390625
1 0.403125 0.89765625 0.390625 0.2046875
0 0.5875 0.8046875 0.390625 0.390625
1 0.45390625 0.8046875 0.1765625 0.390625
0 0.615625 0.8046875 0.390625 0.390625
0 0.4578125 0.8046875 0.390625 0.390625
0 0.8046875 0.1953125 0.390625 0.390625
1 0.490625 0.2609375 0.390625 0.25625
1 0.575 0.703125 0.125 0.390625
1 0.2765625 0.7875 0.26875 0.390625
1 0.8046875 0.19921875 0.390625 0.2515625
0 0.8046875 0.2890625 0.390625 0.390625
0 0.3875 0.4140625 0.390625 0.390625
1 0.315625 0.878125 0.390625 0.24375
1 0.4125 0.8328125 0.390625 0.16875
1 0.33203125 0.7859375 0.2515625 0.390625
0 0.7921875 0.1953125 0.390625 0.390625
0 0.54375 0.76875 0.390625 0.390625
1 0.47109375 0.734375 0.2609375 0.390625
1 0.409375 0.48984375 0.390625 0.1921875
0 0.609375 0.7578125 0.390625 0.390625
1 0.590625 0.8046875 0.209375 0.390625
1 0.540625 0.71875 0.23125 0.390625
0 0.640625 0.75 0.390625 0.390625
0 0.4109375 0.728125 0.390625 0.390625
1 0.8390625 0.1953125 0.203125 0.390625
0 0.5875 0.46875 0.390625 0.390625
0 0.559375 0.665625 0.390625 0.390625
1 0.240625 0.7234375 0.390625 0.240625