0 0.7859375 0.590625 0.390625 0.390625
1 0.6359375 0.39453125 0.390625 0.1859375
1 0.53515625 0.7609375 0.1296875 0.390625
1 0.6375 0.5234375 0.390625 0.175
1 0.409375 0.2375 0.240625 0.390625
1 0.28125 0.5859375 0.390625 0.146875
0 0.2453125 0.5875 0.390625 0.390625
0 0.7296875 0.6890625 0.390625 0.390625
1 0.63984375 0.2125 0.1765625 0.390625
1 0.6328125 0.4921875 0.390625 0.175
0 0.246875 0.7765625 0.390625 0.390625
1 0.4296875 0.696875 0.390625 0.128125
1 0.64375 0.46953125 0.390625 0.1296875
0 0.371875 0.334375 0.390625 0.390625
1 0.71875 0.45 0.16875 0.390625