0 0.3921875 0.790625 0.390625 0.390625
1 0.2421875 0.553125 0.159375 0.390625
1 0.771875 0.61796875 0.390625 0.2015625
1 0.67109375 0.709375 0.1203125 0.390625
0 0.20625 0.6703125 0.390625 0.390625
1 0.4421875 0.24765625 0.390625 0.2703125
1 0.703125 0.2078125 0.390625 0.2625
1 0.5390625 0.25625 0.390625 0.2125
0 0.346875 0.5921875 0.390625 0.390625
1 0.2359375 0.625 0.390625 0.1875
0 0.2703125 0.578125 0.390625 0.390625
0 0.559375 0.2125 0.390625 0.390625
0 0.265625 0.7 0.390625 0.390625
1 0.8046875 0.61015625 0.390625 0.2640625
0 0.7234375 0.3375 0.390625 0.390625
1 0.17578125 0.609375 0.1421875 0.390625
0 0.8046875 0.684375 0.390625 0.390625
1 0.56875 0.29765625 0.390625 0.2546875
0 0.2171875 0.6578125 0.390625 0.390625
0 0.775 0.5875 0.390625 0.390625
0 0.2375 0.625 0.390625 0.390625
1 0.3265625 0.5734375 0.1625 0.390625
0 0.5859375 0.1953125 0.390625 0.390625
0 0.6828125 0.228125 0.390625 0.390625
1 0.6859375 0.24375 0.390625 0.20625
0 0.3484375 0.634375 0.390625 0.390625
0 0.6625 0.253125 0.390625 0.390625
1 0.2640625 0.5859375 0.1375 0.390625
1 0.446875 0.640625 0.146875 0.390625
1 0.5359375 0.20625 0.140625 0.390625
1 0.7234375 0.18359375 0.390625 0.2703125
1 0.6078125 0.90703125 0.390625 0.1390625
1 0.565625 0.8015625 0.209375 0.390625
1 0.4953125 0.25546875 0.390625 0.2390625
1 0.1984375 0.725 0.390625 0.2125
1 0.353125 0.5203125 0.390625 0.20625
1 0.27265625 0.6015625 0.1703125 0.390625
0 0.1953125 0.609375 0.390625 0.390625
0 0.1953125 0.54375 0.390625 0.390625
0 0.2734375 0.6859375 0.390625 0.390625
1 0.1953125 0.71875 0.390625 0.184375
1 0.7984375 0.690625 0.390625 0.14375
0 0.2203125 0.6078125 0.390625 0.390625
0 0.3984375 0.6171875 0.390625 0.390625
1 0.1953125 0.58515625 0.390625 0.2640625
0 0.2359375 0.528125 0.390625 0.390625
1 0.175 0.4609375 0.2 0.390625
1 0.75 0.203125 0.390625 0.128125
1 0.6734375 0.265625 0.390625 0.14375
1 0.80234375 0.6515625 0.2703125 0.390625