0 0.7453125 0.6078125 0.390625 0.390625
0 0.259375 0.684375 0.390625 0.390625
1 0.39765625 0.759375 0.2546875 0.390625
1 0.475 0.8203125 0.390625 0.26875
0 0.375 0.4453125 0.390625 0.390625
0 0.3609375 0.25625 0.390625 0.390625
0 0.4515625 0.3984375 0.390625 0.390625
1 0.253125 0.36640625 0.390625 0.1453125
0 0.459375 0.4984375 0.390625 0.390625
1 0.34296875 0.65625 0.1796875 0.390625
0 0.48125 0.2609375 0.390625 0.390625
1 0.82890625 0.253125 0.2546875 0.390625
1 0.14921875 0.790625 0.1359375 0.390625
0 0.2375 0.446875 0.390625 0.390625
0 0.3 0.7859375 0.390625 0.390625