0 0.5203125 0.4953125 0.390625 0.390625
1 0.259375 0.2578125 0.390625 0.165625
0 0.5796875 0.5609375 0.390625 0.390625
1 0.496875 0.884375 0.390625 0.215625
0 0.4140625 0.771875 0.390625 0.390625
1 0.56328125 0.35625 0.1203125 0.390625
0 0.7875 0.58125 0.390625 0.390625
0 0.434375 0.2703125 0.390625 0.390625
1 0.3171875 0.271875 0.390625 0.165625
1 0.61328125 0.2578125 0.1359375 0.390625
0 0.715625 0.4515625 0.390625 0.390625
1 0.215625 0.1625 0.390625 0.134375
1 0.7859375 0.290625 0.221875 0.390625
0 0.653125 0.7609375 0.390625 0.390625
0 0.5765625 0.48125 0.390625 0.390625