0 0.6359375 0.490625 0.390625 0.390625
0 0.4671875 0.7375 0.390625 0.390625
1 0.4640625 0.278125 0.20625 0.390625
0 0.6921875 0.5421875 0.390625 0.390625
1 0.6984375 0.2046875 0.240625 0.390625
0 0.6859375 0.65625 0.390625 0.390625
0 0.565625 0.725 0.390625 0.390625
0 0.675 0.6828125 0.390625 0.390625
0 0.5234375 0.2046875 0.390625 0.390625
0 0.559375 0.4734375 0.390625 0.390625
0 0.2203125 0.48125 0.390625 0.390625
1 0.4296875 0.4203125 0.221875 0.390625
1 0.51875 0.121875 0.390625 0.2125
1 0.7171875 0.26328125 0.390625 0.1421875
0 0.3984375 0.6703125 0.390625 0.390625