1 0.35078125 0.540625 0.2015625 0.390625
0 0.3984375 0.5796875 0.390625 0.390625
0 0.2453125 0.421875 0.390625 0.390625
1 0.2578125 0.3109375 0.390625 0.271875
1 0.534375 0.815625 0.390625 0.246875
0 0.5734375 0.653125 0.390625 0.390625
0 0.6390625 0.2734375 0.390625 0.390625
1 0.775 0.6578125 0.390625 0.2
1 0.45625 0.65625 0.175 0.390625
0 0.4828125 0.5671875 0.390625 0.390625
0 0.590625 0.4515625 0.390625 0.390625
1 0.1359375 0.784375 0.265625 0.390625
1 0.5375 0.51015625 0.390625 0.1734375
1 0.7359375 0.515625 0.15625 0.390625
1 0.503125 0.79921875 0.390625 0.1171875