1 0.7890625 0.28828125 0.390625 0.2359375
0 0.4484375 0.334375 0.390625 0.390625
1 0.7125 0.26796875 0.390625 0.2421875
0 0.68125 0.74375 0.390625 0.390625
0 0.6703125 0.6140625 0.390625 0.390625
1 0.58046875 0.4828125 0.1359375 0.390625
0 0.340625 0.3828125 0.390625 0.390625
0 0.65625 0.5859375 0.390625 0.390625
0 0.353125 0.5640625 0.390625 0.390625
0 0.4078125 0.621875 0.390625 0.390625
1 0.61875 0.571875 0.390625 0.209375
0 0.2171875 0.7671875 0.390625 0.390625
0 0.41875 0.3703125 0.390625 0.390625
1 0.465625 0.3515625 0.390625 0.25
0 0.61875 0.6984375 0.390625 0.390625