1 0.6109375 0.3265625 0.390625 0.2125
1 0.6671875 0.35390625 0.390625 0.1765625
0 0.6671875 0.4546875 0.390625 0.390625
1 0.53984375 0.2546875 0.2296875 0.390625
0 0.7203125 0.2953125 0.390625 0.390625
0 0.4625 0.346875 0.390625 0.390625
1 0.5125 0.46796875 0.390625 0.2296875
0 0.4953125 0.3 0.390625 0.390625
1 0.4765625 0.1953125 0.159375 0.390625
0 0.2765625 0.5328125 0.390625 0.390625
0 0.7390625 0.30625 0.390625 0.390625
1 0.3359375 0.253125 0.390625 0.18125
0 0.4921875 0.203125 0.390625 0.390625
1 0.68125 0.39765625 0.390625 0.2203125
1 0.6375 0.37109375 0.390625 0.1671875
0 0.7421875 0.453125 0.390625 0.390625
1 0.7171875 0.3484375 0.159375 0.390625
1 0.69609375 0.6921875 0.1984375 0.390625
0 0.6515625 0.6046875 0.390625 0.390625
0 0.6546875 0.3078125 0.390625 0.390625
0 0.4125 0.340625 0.390625 0.390625
1 0.4734375 0.4109375 0.221875 0.390625
0 0.58125 0.3875 0.390625 0.390625
0 0.359375 0.278125 0.390625 0.390625
0 0.5359375 0.3453125 0.390625 0.390625
0 0.425 0.240625 0.390625 0.390625
0 0.5375 0.403125 0.390625 0.390625
0 0.69375 0.3921875 0.390625 0.390625
0 0.528125 0.371875 0.390625 0.390625
0 0.6828125 0.2984375 0.390625 0.390625
0 0.5515625 0.3671875 0.390625 0.390625
0 0.53125 0.3453125 0.390625 0.390625
0 0.534375 0.290625 0.390625 0.390625
1 0.4390625 0.75859375 0.390625 0.2609375
1 0.75 0.340625 0.390625 0.24375
0 0.6484375 0.296875 0.390625 0.390625
1 0.6453125 0.7859375 0.265625 0.390625
0 0.525 0.3078125 0.390625 0.390625
1 0.47421875 0.3203125 0.2265625 0.390625
1 0.7359375 0.44765625 0.390625 0.2609375
1 0.6953125 0.625 0.390625 0.1625
0 0.4734375 0.3453125 0.390625 0.390625
0 0.634375 0.7109375 0.390625 0.390625
0 0.6046875 0.353125 0.390625 0.390625
0 0.359375 0.2109375 0.390625 0.390625
1 0.5125 0.3484375 0.390625 0.134375
0 0.284375 0.7890625 0.390625 0.390625
1 0.4609375 0.2234375 0.24375 0.390625
0 0.428125 0.3203125 0.390625 0.390625
0 0.496875 0.296875 0.390625 0.390625