0 0.5703125 0.409375 0.390625 0.390625
1 0.1984375 0.459375 0.390625 0.1375
1 0.81328125 0.3953125 0.2078125 0.390625
0 0.6515625 0.4828125 0.390625 0.390625
1 0.86015625 0.403125 0.2359375 0.390625
0 0.4625 0.271875 0.390625 0.390625
1 0.365625 0.709375 0.390625 0.203125
0 0.740625 0.646875 0.390625 0.390625
1 0.62734375 0.4359375 0.2046875 0.390625
1 0.8328125 0.396875 0.2625 0.390625
1 0.6125 0.77265625 0.390625 0.1703125
0 0.5171875 0.5015625 0.390625 0.390625
0 0.7546875 0.3328125 0.390625 0.390625
1 0.21171875 0.7359375 0.1640625 0.390625
0 0.79375 0.6578125 0.390625 0.390625