0 0.3578125 0.3859375 0.390625 0.390625
0 0.315625 0.5421875 0.390625 0.390625
0 0.7734375 0.690625 0.390625 0.390625
1 0.4015625 0.4875 0.390625 0.14375
0 0.3203125 0.5765625 0.390625 0.390625
0 0.4125 0.7609375 0.390625 0.390625
1 0.2015625 0.75625 0.26875 0.390625
0 0.7953125 0.3671875 0.390625 0.390625
1 0.428125 0.3796875 0.390625 0.146875
1 0.3984375 0.20546875 0.390625 0.1828125
0 0.6953125 0.4578125 0.390625 0.390625
0 0.525 0.4609375 0.390625 0.390625
0 0.2625 0.6921875 0.390625 0.390625
1 0.671875 0.82421875 0.390625 0.1234375
0 0.240625 0.7265625 0.390625 0.390625