1 0.3078125 0.69453125 0.390625 0.1671875
0 0.7125 0.44375 0.390625 0.390625
1 0.215625 0.43828125 0.390625 0.1671875
0 0.48125 0.68125 0.390625 0.390625
1 0.815625 0.2921875 0.121875 0.390625
1 0.2015625 0.47265625 0.390625 0.2515625
0 0.2765625 0.4671875 0.390625 0.390625
1 0.10390625 0.1953125 0.1453125 0.390625
0 0.728125 0.24375 0.390625 0.390625
1 0.4375 0.32734375 0.390625 0.2171875
0 0.378125 0.6875 0.390625 0.390625
1 0.2921875 0.84765625 0.390625 0.1640625
1 0.640625 0.7453125 0.2125 0.390625
0 0.3375 0.465625 0.390625 0.390625
0 0.7703125 0.4875 0.390625 0.390625