0 0.7421875 0.5296875 0.390625 0.390625
0 0.6046875 0.60625 0.390625 0.390625
0 0.428125 0.696875 0.390625 0.390625
0 0.2046875 0.621875 0.390625 0.390625
1 0.703125 0.2859375 0.196875 0.390625
1 0.5390625 0.228125 0.390625 0.153125
0 0.659375 0.8015625 0.390625 0.390625
0 0.453125 0.671875 0.390625 0.390625
1 0.07265625 0.478125 0.1359375 0.390625
1 0.45390625 0.7140625 0.2703125 0.390625
0 0.4875 0.6046875 0.390625 0.390625
1 0.740625 0.2328125 0.25 0.390625
1 0.5953125 0.11015625 0.390625 0.1359375
1 0.20390625 0.6609375 0.2484375 0.390625
1 0.646875 0.4375 0.390625 0.159375