0 0.553125 0.3546875 0.390625 0.390625
0 0.6203125 0.4734375 0.390625 0.390625
0 0.43125 0.50625 0.390625 0.390625
0 0.240625 0.4578125 0.390625 0.390625
1 0.0859375 0.6875 0.146875 0.390625
1 0.6640625 0.1640625 0.390625 0.121875
1 0.52734375 0.2546875 0.2015625 0.390625
0 0.6390625 0.6375 0.390625 0.390625
0 0.246875 0.215625 0.390625 0.390625
0 0.2828125 0.4125 0.390625 0.390625
0 0.753125 0.553125 0.390625 0.390625
1 0.3265625 0.5921875 0.178125 0.390625
1 0.4875 0.3140625 0.225 0.390625
0 0.278125 0.30625 0.390625 0.390625
1 0.31796875 0.234375 0.1921875 0.390625