0 0.6453125 0.1953125 0.390625 0.390625
0 0.6359375 0.275 0.390625 0.390625
1 0.6140625 0.5984375 0.146875 0.390625
0 0.8046875 0.2484375 0.390625 0.390625
0 0.4515625 0.5375 0.390625 0.390625
0 0.678125 0.1953125 0.390625 0.390625
0 0.7296875 0.715625 0.390625 0.390625
1 0.2765625 0.40390625 0.390625 0.1703125
0 0.478125 0.303125 0.390625 0.390625
1 0.59765625 0.4171875 0.1359375 0.390625
1 0.425 0.715625 0.228125 0.390625
0 0.375 0.7203125 0.390625 0.390625
1 0.278125 0.5703125 0.253125 0.390625
0 0.5921875 0.425 0.390625 0.390625
0 0.653125 0.4828125 0.390625 0.390625
1 0.6234375 0.3875 0.390625 0.13125
1 0.86875 0.7140625 0.134375 0.390625
1 0.7125 0.2125 0.23125 0.390625
0 0.1953125 0.3390625 0.390625 0.390625
1 0.4625 0.675 0.246875 0.390625
1 0.69296875 0.4484375 0.1515625 0.390625
0 0.290625 0.61875 0.390625 0.390625
1 0.6921875 0.23125 0.203125 0.390625
1 0.38359375 0.6734375 0.2140625 0.390625
0 0.721875 0.284375 0.390625 0.390625
1 0.1953125 0.3375 0.390625 0.209375
1 0.33046875 0.7265625 0.1546875 0.390625
0 0.4203125 0.75 0.390625 0.390625
0 0.415625 0.534375 0.390625 0.390625
0 0.2953125 0.7265625 0.390625 0.390625
0 0.2703125 0.46875 0.390625 0.390625
1 0.353125 0.528125 0.153125 0.390625
1 0.28828125 0.5765625 0.2234375 0.390625
0 0.678125 0.4546875 0.390625 0.390625
0 0.7921875 0.24375 0.390625 0.390625
1 0.2640625 0.65703125 0.390625 0.2578125
0 0.1953125 0.4234375 0.390625 0.390625
1 0.696875 0.64921875 0.390625 0.2421875
0 0.8046875 0.1953125 0.390625 0.390625
0 0.3921875 0.725 0.390625 0.390625
1 0.6390625 0.20625 0.121875 0.390625
1 0.5890625 0.08515625 0.390625 0.1671875
1 0.265625 0.6125 0.390625 0.11875
1 0.6671875 0.26796875 0.390625 0.2453125
1 0.57421875 0.53125 0.1578125 0.390625
1 0.309375 0.57578125 0.390625 0.1421875
1 0.3546875 0.6984375 0.184375 0.390625
0 0.225 0.3171875 0.390625 0.390625
1 0.346875 0.52578125 0.390625 0.2265625
0 0.728125 0.2125 0.390625 0.390625