0 0.5609375 0.753125 0.390625 0.390625
0 0.475 0.34375 0.390625 0.390625
0 0.5515625 0.4671875 0.390625 0.390625
1 0.18359375 0.7734375 0.2328125 0.390625
0 0.7890625 0.4921875 0.390625 0.390625
0 0.284375 0.403125 0.390625 0.390625
1 0.70234375 0.25625 0.1984375 0.390625
1 0.375 0.78515625 0.390625 0.2484375
1 0.43984375 0.7828125 0.1765625 0.390625
1 0.4296875 0.69375 0.165625 0.390625
1 0.27578125 0.4171875 0.1765625 0.390625
0 0.2828125 0.5046875 0.390625 0.390625
0 0.390625 0.2203125 0.390625 0.390625
1 0.21171875 0.70625 0.1421875 0.390625
0 0.215625 0.465625 0.390625 0.390625