1 0.7125 0.53828125 0.390625 0.2421875
0 0.575 0.5140625 0.390625 0.390625
0 0.4890625 0.5421875 0.390625 0.390625
0 0.240625 0.675 0.390625 0.390625
0 0.6578125 0.5875 0.390625 0.390625
1 0.615625 0.5171875 0.2125 0.390625
0 0.5390625 0.484375 0.390625 0.390625
1 0.30625 0.56875 0.390625 0.19375
0 0.54375 0.6453125 0.390625 0.390625
1 0.5859375 0.2859375 0.26875 0.390625
0 0.4828125 0.296875 0.390625 0.390625
0 0.1953125 0.6375 0.390625 0.390625
1 0.5734375 0.5078125 0.390625 0.134375
0 0.2875 0.7484375 0.390625 0.390625
1 0.46484375 0.5796875 0.2078125 0.390625
1 0.64453125 0.5421875 0.1859375 0.390625
1 0.4625 0.29921875 0.390625 0.1828125
0 0.2546875 0.5765625 0.390625 0.390625
1 0.61953125 0.496875 0.2296875 0.390625
1 0.4828125 0.6109375 0.390625 0.253125
1 0.1921875 0.7203125 0.171875 0.390625
0 0.2359375 0.2125 0.390625 0.390625
1 0.571875 0.578125 0.15625 0.390625
1 0.1953125 0.678125 0.390625 0.25625
0 0.225 0.6375 0.390625 0.390625
1 0.28359375 0.6828125 0.2546875 0.390625
1 0.553125 0.509375 0.390625 0.19375
0 0.8046875 0.3296875 0.390625 0.390625
0 0.5234375 0.2703125 0.390625 0.390625
0 0.534375 0.60625 0.390625 0.390625
1 0.5375 0.29296875 0.390625 0.2328125
0 0.5390625 0.7046875 0.390625 0.390625
1 0.5921875 0.6140625 0.390625 0.15
0 0.5328125 0.5640625 0.390625 0.390625
0 0.721875 0.7765625 0.390625 0.390625
1 0.54375 0.47109375 0.390625 0.2046875
1 0.6765625 0.4390625 0.390625 0.165625
0 0.48125 0.621875 0.390625 0.390625
1 0.684375 0.5 0.23125 0.390625
0 0.54375 0.5015625 0.390625 0.390625
0 0.4640625 0.2515625 0.390625 0.390625
1 0.6109375 0.25859375 0.390625 0.2015625
0 0.23125 0.5859375 0.390625 0.390625
0 0.590625 0.228125 0.390625 0.390625
1 0.1625 0.6875 0.153125 0.390625
1 0.1953125 0.73203125 0.390625 0.1734375
0 0.65 0.5296875 0.390625 0.390625
0 0.2765625 0.5953125 0.390625 0.390625
1 0.4546875 0.5765625 0.159375 0.390625
0 0.5109375 0.6640625 0.390625 0.390625