0 0.4078125 0.440625 0.390625 0.390625
0 0.2171875 0.50625 0.390625 0.390625
1 0.8046875 0.196875 0.390625 0.153125
0 0.365625 0.4890625 0.390625 0.390625
1 0.328125 0.646875 0.390625 0.171875
1 0.43125 0.76171875 0.390625 0.2265625
1 0.45625 0.640625 0.390625 0.134375
0 0.4578125 0.778125 0.390625 0.390625
1 0.70859375 0.196875 0.2140625 0.390625
0 0.471875 0.725 0.390625 0.390625
0 0.6453125 0.3390625 0.390625 0.390625
1 0.3109375 0.425 0.390625 0.23125
1 0.42734375 0.4 0.1296875 0.390625
1 0.79921875 0.2859375 0.2359375 0.390625
1 0.253125 0.46875 0.390625 0.271875
0 0.7171875 0.4234375 0.390625 0.390625
0 0.3625 0.6796875 0.390625 0.390625
1 0.72109375 0.38125 0.1609375 0.390625
1 0.78125 0.409375 0.390625 0.2125
1 0.4484375 0.56640625 0.390625 0.2234375
1 0.340625 0.64453125 0.390625 0.1453125
1 0.690625 0.40859375 0.390625 0.2078125
0 0.4875 0.7 0.390625 0.390625
1 0.35625 0.4203125 0.140625 0.390625
0 0.56875 0.5421875 0.390625 0.390625
1 0.6515625 0.3484375 0.1625 0.390625
1 0.8046875 0.25390625 0.390625 0.1609375
0 0.41875 0.8046875 0.390625 0.390625
0 0.8046875 0.3359375 0.390625 0.390625
1 0.7890625 0.27890625 0.390625 0.1609375
0 0.346875 0.696875 0.390625 0.390625
1 0.2859375 0.478125 0.184375 0.390625
1 0.5046875 0.34375 0.390625 0.25625
0 0.778125 0.28125 0.390625 0.390625
1 0.35390625 0.378125 0.2453125 0.390625
0 0.671875 0.3171875 0.390625 0.390625
1 0.8046875 0.2046875 0.390625 0.18125
1 0.60703125 0.396875 0.1671875 0.390625
0 0.4078125 0.7609375 0.390625 0.390625
1 0.4046875 0.75234375 0.390625 0.2578125
0 0.5609375 0.7 0.390625 0.390625
0 0.578125 0.6328125 0.390625 0.390625
1 0.6921875 0.38984375 0.390625 0.1546875
0 0.4109375 0.4515625 0.390625 0.390625
1 0.678125 0.403125 0.16875 0.390625
0 0.365625 0.5765625 0.390625 0.390625
0 0.21875 0.60625 0.390625 0.390625
0 0.3484375 0.421875 0.390625 0.390625
0 0.465625 0.684375 0.390625 0.390625
1 0.51640625 0.7671875 0.1796875 0.390625