1 0.26875 0.4796875 0.159375 0.390625
1 0.92890625 0.1984375 0.1171875 0.390625
0 0.55 0.6625 0.390625 0.390625
1 0.44921875 0.4796875 0.1234375 0.390625
0 0.5625 0.23125 0.390625 0.390625
0 0.684375 0.5 0.390625 0.390625
1 0.61328125 0.4859375 0.1515625 0.390625
0 0.69375 0.6171875 0.390625 0.390625
1 0.515625 0.2671875 0.265625 0.390625
1 0.8765625 0.4453125 0.190625 0.390625
1 0.75 0.2328125 0.390625 0.2
1 0.18515625 0.365625 0.1703125 0.390625
1 0.4609375 0.3546875 0.178125 0.390625
1 0.4484375 0.478125 0.20625 0.390625
0 0.4453125 0.425 0.390625 0.390625