0 0.3703125 0.603125 0.390625 0.390625
1 0.8046875 0.18046875 0.390625 0.1921875
0 0.409375 0.6625 0.390625 0.390625
0 0.8046875 0.278125 0.390625 0.390625
0 0.2703125 0.6328125 0.390625 0.390625
1 0.6875 0.33984375 0.390625 0.2484375
0 0.2796875 0.221875 0.390625 0.390625
0 0.446875 0.6328125 0.390625 0.390625
1 0.3703125 0.20703125 0.390625 0.1390625
1 0.9140625 0.7265625 0.15 0.390625
1 0.85546875 0.1953125 0.2484375 0.390625
1 0.2765625 0.18125 0.390625 0.240625
0 0.4140625 0.525 0.390625 0.390625
0 0.7296875 0.3953125 0.390625 0.390625
1 0.75390625 0.1953125 0.1328125 0.390625
0 0.6828125 0.31875 0.390625 0.390625
0 0.31875 0.3453125 0.390625 0.390625
0 0.24375 0.253125 0.390625 0.390625
1 0.5625 0.746875 0.390625 0.25
0 0.7140625 0.2140625 0.390625 0.390625
0 0.465625 0.51875 0.390625 0.390625
1 0.4515625 0.51875 0.25 0.390625
0 0.7625 0.2390625 0.390625 0.390625
0 0.765625 0.1953125 0.390625 0.390625
1 0.6890625 0.61484375 0.390625 0.1671875
0 0.8046875 0.2671875 0.390625 0.390625
1 0.88671875 0.6546875 0.1546875 0.390625
0 0.1953125 0.6734375 0.390625 0.390625
0 0.7890625 0.759375 0.390625 0.390625
1 0.7265625 0.11015625 0.390625 0.1421875
0 0.8046875 0.2046875 0.390625 0.390625
0 0.8046875 0.1953125 0.390625 0.390625
1 0.4421875 0.64609375 0.390625 0.1703125
0 0.41875 0.66875 0.390625 0.390625
0 0.703125 0.3421875 0.390625 0.390625
0 0.484375 0.559375 0.390625 0.390625
1 0.24921875 0.671875 0.1859375 0.390625
0 0.403125 0.65 0.390625 0.390625
1 0.73984375 0.278125 0.1859375 0.390625
1 0.3578125 0.159375 0.390625 0.128125
0 0.3171875 0.59375 0.390625 0.390625
0 0.39375 0.3078125 0.390625 0.390625
0 0.2859375 0.3 0.390625 0.390625
0 0.4578125 0.603125 0.390625 0.390625
1 0.1953125 0.734375 0.146875 0.390625
1 0.7390625 0.14765625 0.390625 0.2359375
0 0.8046875 0.215625 0.390625 0.390625
0 0.7234375 0.2296875 0.390625 0.390625
1 0.275 0.45 0.390625 0.25625
1 0.23671875 0.6671875 0.2015625 0.390625