1 0.23515625 0.3 0.1453125 0.390625
1 0.67734375 0.490625 0.2703125 0.390625
0 0.2890625 0.4953125 0.390625 0.390625
1 0.23203125 0.221875 0.1921875 0.390625
1 0.390625 0.83984375 0.390625 0.2265625
0 0.5328125 0.303125 0.390625 0.390625
1 0.48203125 0.6921875 0.2671875 0.390625
1 0.4578125 0.6203125 0.390625 0.1625
1 0.375 0.25 0.26875 0.390625
0 0.7375 0.4234375 0.390625 0.390625
0 0.45625 0.7 0.390625 0.390625
0 0.5234375 0.1953125 0.390625 0.390625
1 0.5640625 0.31875 0.390625 0.221875
0 0.3671875 0.4515625 0.390625 0.390625
1 0.28125 0.22265625 0.390625 0.2296875
1 0.51015625 0.2546875 0.2546875 0.390625
1 0.2453125 0.5484375 0.390625 0.23125
1 0.540625 0.2625 0.390625 0.271875
0 0.2265625 0.271875 0.390625 0.390625
0 0.3515625 0.3265625 0.390625 0.390625
1 0.6609375 0.4828125 0.390625 0.165625
1 0.7734375 0.5046875 0.390625 0.265625
1 0.18828125 0.1953125 0.1265625 0.390625
1 0.2375 0.83046875 0.390625 0.1328125
0 0.6234375 0.7875 0.390625 0.390625
1 0.4703125 0.7203125 0.2 0.390625
0 0.6203125 0.7859375 0.390625 0.390625
1 0.4640625 0.4703125 0.390625 0.159375
1 0.41171875 0.46875 0.1546875 0.390625
1 0.6125 0.16484375 0.390625 0.2578125
0 0.3390625 0.7328125 0.390625 0.390625
0 0.4984375 0.5609375 0.390625 0.390625
1 0.74921875 0.2859375 0.2078125 0.390625
0 0.3109375 0.2609375 0.390625 0.390625
0 0.5296875 0.6625 0.390625 0.390625
0 0.3953125 0.4453125 0.390625 0.390625
0 0.5640625 0.2203125 0.390625 0.390625
1 0.34921875 0.34375 0.1671875 0.390625
0 0.5984375 0.1953125 0.390625 0.390625
1 0.3421875 0.271875 0.390625 0.175
0 0.8046875 0.434375 0.390625 0.390625
0 0.7515625 0.5453125 0.390625 0.390625
1 0.365625 0.559375 0.203125 0.390625
1 0.63046875 0.5390625 0.1703125 0.390625
1 0.82890625 0.2984375 0.1515625 0.390625
1 0.478125 0.240625 0.390625 0.125
0 0.2921875 0.2203125 0.390625 0.390625
0 0.56875 0.3703125 0.390625 0.390625
0 0.334375 0.1953125 0.390625 0.390625
0 0.553125 0.2375 0.390625 0.390625