1 0.2703125 0.309375 0.390625 0.265625
0 0.278125 0.2734375 0.390625 0.390625
1 0.228125 0.30625 0.390625 0.1875
1 0.1203125 0.3390625 0.203125 0.390625
0 0.1953125 0.440625 0.390625 0.390625
1 0.26484375 0.459375 0.1796875 0.390625
0 0.1953125 0.4296875 0.390625 0.390625
1 0.36328125 0.8 0.2515625 0.390625
0 0.2796875 0.20625 0.390625 0.390625
1 0.1921875 0.7453125 0.190625 0.390625
0 0.1953125 0.209375 0.390625 0.390625
1 0.2 0.484375 0.390625 0.271875
0 0.309375 0.265625 0.390625 0.390625
0 0.1953125 0.528125 0.390625 0.390625
0 0.1953125 0.2984375 0.390625 0.390625
1 0.678125 0.2578125 0.20625 0.390625
1 0.20703125 0.5140625 0.1484375 0.390625
0 0.20625 0.40625 0.390625 0.390625
0 0.2765625 0.2578125 0.390625 0.390625
1 0.20703125 0.7296875 0.2171875 0.390625
1 0.25078125 0.26875 0.1421875 0.390625
1 0.69375 0.18046875 0.390625 0.2109375
1 0.1953125 0.23125 0.390625 0.1875
0 0.2234375 0.4515625 0.390625 0.390625
1 0.1640625 0.26875 0.265625 0.390625
0 0.1953125 0.371875 0.390625 0.390625
1 0.2140625 0.4515625 0.390625 0.121875
0 0.1953125 0.378125 0.390625 0.390625
0 0.1953125 0.2640625 0.390625 0.390625
0 0.1953125 0.3359375 0.390625 0.390625
0 0.209375 0.8046875 0.390625 0.390625
0 0.228125 0.2765625 0.390625 0.390625
0 0.375 0.234375 0.390625 0.390625
1 0.2078125 0.3140625 0.1625 0.390625
1 0.23125 0.865625 0.390625 0.2625
0 0.6875 0.54375 0.390625 0.390625
1 0.1984375 0.3859375 0.390625 0.159375
1 0.2203125 0.49765625 0.390625 0.2515625
1 0.215625 0.359375 0.390625 0.240625
1 0.21875 0.90703125 0.390625 0.1265625
1 0.1953125 0.7703125 0.390625 0.26875
1 0.13984375 0.8046875 0.1984375 0.390625
0 0.20625 0.459375 0.390625 0.390625
1 0.20859375 0.378125 0.1890625 0.390625
0 0.478125 0.346875 0.390625 0.390625
0 0.1953125 0.459375 0.390625 0.390625
1 0.7859375 0.86953125 0.390625 0.2484375
0 0.1953125 0.3765625 0.390625 0.390625
1 0.17109375 0.4375 0.2078125 0.390625
0 0.425 0.784375 0.390625 0.390625