0 0.7421875 0.5546875 0.390625 0.390625
0 0.321875 0.284375 0.390625 0.390625
0 0.8046875 0.51875 0.390625 0.390625
0 0.31875 0.6125 0.390625 0.390625
0 0.4125 0.2421875 0.390625 0.390625
0 0.3296875 0.4953125 0.390625 0.390625
1 0.7609375 0.6734375 0.390625 0.134375
1 0.85703125 0.5953125 0.2171875 0.390625
0 0.340625 0.25 0.390625 0.390625
1 0.35078125 0.1953125 0.2109375 0.390625
1 0.1953125 0.82578125 0.390625 0.1984375
1 0.86484375 0.6109375 0.1921875 0.390625
1 0.27421875 0.7984375 0.2203125 0.390625
0 0.640625 0.5796875 0.390625 0.390625
0 0.340625 0.378125 0.390625 0.390625
1 0.303125 0.471875 0.390625 0.159375
0 0.3140625 0.3734375 0.390625 0.390625
0 0.4359375 0.2671875 0.390625 0.390625
0 0.2 0.596875 0.390625 0.390625
1 0.346875 0.7125 0.2 0.390625
0 0.3984375 0.303125 0.390625 0.390625
1 0.3 0.32421875 0.390625 0.1515625
0 0.8046875 0.6046875 0.390625 0.390625
1 0.39453125 0.3734375 0.1328125 0.390625
1 0.2234375 0.371875 0.390625 0.24375
0 0.7671875 0.5453125 0.390625 0.390625
0 0.384375 0.2953125 0.390625 0.390625
1 0.2953125 0.57734375 0.390625 0.2296875
0 0.359375 0.375 0.390625 0.390625
0 0.2890625 0.3890625 0.390625 0.390625
1 0.359375 0.32109375 0.390625 0.1515625
0 0.7890625 0.55625 0.390625 0.390625
0 0.778125 0.5578125 0.390625 0.390625
0 0.8046875 0.4328125 0.390625 0.390625
0 0.4578125 0.346875 0.390625 0.390625
0 0.30625 0.4015625 0.390625 0.390625
1 0.3296875 0.540625 0.390625 0.14375
1 0.1796875 0.6640625 0.26875 0.390625
0 0.284375 0.253125 0.390625 0.390625
0 0.275 0.1953125 0.390625 0.390625
0 0.2953125 0.3875 0.390625 0.390625
0 0.2546875 0.3984375 0.390625 0.390625
1 0.7046875 0.51171875 0.390625 0.2515625
0 0.24375 0.4921875 0.390625 0.390625
1 0.2890625 0.23359375 0.390625 0.1703125
1 0.384375 0.50234375 0.390625 0.1609375
1 0.3359375 0.590625 0.390625 0.121875
1 0.38203125 0.2390625 0.2171875 0.390625
0 0.2390625 0.3078125 0.390625 0.390625
1 0.30234375 0.2125 0.1890625 0.390625