1 0.66796875 0.5984375 0.2265625 0.390625
0 0.4453125 0.5296875 0.390625 0.390625
1 0.6578125 0.22578125 0.390625 0.1265625
1 0.8046875 0.171875 0.390625 0.1375
0 0.2828125 0.4 0.390625 0.390625
0 0.8046875 0.29375 0.390625 0.390625
1 0.384375 0.52578125 0.390625 0.1390625
1 0.5390625 0.371875 0.11875 0.390625
0 0.5453125 0.496875 0.390625 0.390625
1 0.54375 0.41328125 0.390625 0.2328125
1 0.36796875 0.63125 0.1765625 0.390625
1 0.8046875 0.240625 0.390625 0.225
1 0.3703125 0.6109375 0.390625 0.184375
0 0.6890625 0.534375 0.390625 0.390625
0 0.4671875 0.2609375 0.390625 0.390625
0 0.78125 0.2859375 0.390625 0.390625
0 0.75 0.1953125 0.390625 0.390625
0 0.5265625 0.328125 0.390625 0.390625
1 0.6109375 0.453125 0.16875 0.390625
0 0.6890625 0.746875 0.390625 0.390625
0 0.8046875 0.2765625 0.390625 0.390625
1 0.81640625 0.2625 0.1578125 0.390625
1 0.2546875 0.39453125 0.390625 0.1453125
1 0.71484375 0.371875 0.2109375 0.390625
0 0.290625 0.4265625 0.390625 0.390625
1 0.11640625 0.4453125 0.1984375 0.390625
0 0.453125 0.509375 0.390625 0.390625
1 0.8046875 0.2515625 0.390625 0.15
0 0.8046875 0.2 0.390625 0.390625
1 0.69140625 0.46875 0.2171875 0.390625
1 0.8046875 0.2125 0.253125 0.390625
1 0.7859375 0.275 0.24375 0.390625
0 0.3921875 0.471875 0.390625 0.390625
0 0.6953125 0.46875 0.390625 0.390625
1 0.4578125 0.42109375 0.390625 0.2453125
1 0.375 0.52109375 0.390625 0.1640625
1 0.803125 0.2703125 0.390625 0.15625
0 0.5140625 0.2296875 0.390625 0.390625
0 0.4203125 0.5609375 0.390625 0.390625
1 0.490625 0.7265625 0.11875 0.390625
0 0.265625 0.4328125 0.390625 0.390625
0 0.5625 0.365625 0.390625 0.390625
1 0.6609375 0.34375 0.390625 0.18125
0 0.8046875 0.1953125 0.390625 0.390625
1 0.35 0.64453125 0.390625 0.2234375
0 0.6328125 0.4984375 0.390625 0.390625
1 0.79609375 0.63125 0.1828125 0.390625
0 0.3484375 0.4875 0.390625 0.390625
1 0.4625 0.37734375 0.390625 0.2296875
1 0.66875 0.48203125 0.390625 0.2171875