0 0.5859375 0.2296875 0.390625 0.390625
1 0.3015625 0.62109375 0.390625 0.2140625
1 0.6171875 0.35078125 0.390625 0.1578125
0 0.75 0.6796875 0.390625 0.390625
0 0.4515625 0.503125 0.390625 0.390625
0 0.7234375 0.5203125 0.390625 0.390625
1 0.2453125 0.53046875 0.390625 0.1328125
1 0.62265625 0.7796875 0.2609375 0.390625
0 0.2046875 0.4859375 0.390625 0.390625
1 0.41484375 0.73125 0.1828125 0.390625
1 0.7421875 0.7140625 0.246875 0.390625
0 0.4765625 0.45625 0.390625 0.390625
1 0.54921875 0.3390625 0.1984375 0.390625
0 0.7546875 0.5625 0.390625 0.390625
1 0.690625 0.56796875 0.390625 0.2140625