0 0.4671875 0.7515625 0.390625 0.390625
0 0.6421875 0.290625 0.390625 0.390625
0 0.803125 0.771875 0.390625 0.390625
1 0.7890625 0.27578125 0.390625 0.1578125
1 0.5984375 0.44140625 0.390625 0.2109375
0 0.4734375 0.3140625 0.390625 0.390625
1 0.14375 0.415625 0.128125 0.390625
0 0.359375 0.7015625 0.390625 0.390625
1 0.52578125 0.571875 0.2046875 0.390625
1 0.628125 0.25 0.390625 0.253125
0 0.4015625 0.521875 0.390625 0.390625
1 0.74140625 0.4609375 0.2078125 0.390625
0 0.3359375 0.2859375 0.390625 0.390625
1 0.41171875 0.3375 0.1515625 0.390625
1 0.72734375 0.5125 0.1953125 0.390625