1 0.65625 0.61171875 0.390625 0.2234375
1 0.2796875 0.32109375 0.390625 0.2546875
1 0.35078125 0.76875 0.2484375 0.390625
1 0.5046875 0.446875 0.15625 0.390625
0 0.6390625 0.346875 0.390625 0.390625
0 0.7546875 0.371875 0.390625 0.390625
0 0.546875 0.6140625 0.390625 0.390625
0 0.7609375 0.228125 0.390625 0.390625
1 0.4109375 0.55625 0.2625 0.390625
1 0.46015625 0.7265625 0.1484375 0.390625
1 0.5796875 0.68125 0.390625 0.153125
1 0.33125 0.5671875 0.11875 0.390625
1 0.73125 0.1390625 0.390625 0.171875
1 0.43125 0.640625 0.221875 0.390625
0 0.2296875 0.540625 0.390625 0.390625