1 0.7765625 0.32734375 0.390625 0.1171875
0 0.5640625 0.521875 0.390625 0.390625
0 0.7109375 0.396875 0.390625 0.390625
1 0.828125 0.5984375 0.140625 0.390625
1 0.3796875 0.8046875 0.21875 0.390625
0 0.309375 0.7796875 0.390625 0.390625
1 0.34921875 0.509375 0.1546875 0.390625
0 0.3734375 0.7640625 0.390625 0.390625
1 0.83984375 0.4875 0.2546875 0.390625
0 0.4015625 0.790625 0.390625 0.390625
0 0.73125 0.4625 0.390625 0.390625
1 0.59375 0.85078125 0.390625 0.1296875
1 0.434375 0.74140625 0.390625 0.1484375
0 0.5625 0.8046875 0.390625 0.390625
1 0.49375 0.8265625 0.390625 0.221875
0 0.803125 0.50625 0.390625 0.390625
1 0.73671875 0.3734375 0.2671875 0.390625
0 0.2546875 0.3515625 0.390625 0.390625
1 0.609375 0.4015625 0.146875 0.390625
1 0.753125 0.265625 0.14375 0.390625
0 0.7546875 0.5203125 0.390625 0.390625
1 0.7109375 0.48671875 0.390625 0.2328125
0 0.78125 0.4953125 0.390625 0.390625
1 0.525 0.778125 0.390625 0.25625
1 0.496875 0.66484375 0.390625 0.1890625
0 0.415625 0.8046875 0.390625 0.390625
0 0.4578125 0.540625 0.390625 0.390625
1 0.2 0.5265625 0.390625 0.234375
0 0.53125 0.521875 0.390625 0.390625
0 0.7546875 0.4734375 0.390625 0.390625
1 0.4046875 0.8296875 0.390625 0.234375
1 0.340625 0.8046875 0.209375 0.390625
0 0.45625 0.8046875 0.390625 0.390625
1 0.42265625 0.8046875 0.2640625 0.390625
0 0.265625 0.4640625 0.390625 0.390625
0 0.7203125 0.7265625 0.390625 0.390625
0 0.525 0.5921875 0.390625 0.390625
1 0.684375 0.4125 0.390625 0.1375
0 0.7203125 0.5 0.390625 0.390625
1 0.48125 0.74375 0.390625 0.1625
0 0.571875 0.4625 0.390625 0.390625
0 0.5328125 0.4171875 0.390625 0.390625
1 0.3578125 0.8046875 0.165625 0.390625
1 0.290625 0.2953125 0.390625 0.2125
1 0.346875 0.703125 0.23125 0.390625
0 0.5015625 0.2125 0.390625 0.390625
1 0.46953125 0.73125 0.1234375 0.390625
0 0.6640625 0.653125 0.390625 0.390625
1 0.496875 0.4171875 0.390625 0.14375
0 0.5484375 0.8046875 0.390625 0.390625