1 0.63125 0.18828125 0.390625 0.1953125
0 0.5859375 0.3453125 0.390625 0.390625
1 0.7484375 0.1234375 0.390625 0.225
0 0.575 0.3421875 0.390625 0.390625
0 0.646875 0.3328125 0.390625 0.390625
1 0.41171875 0.346875 0.1921875 0.390625
0 0.6046875 0.2640625 0.390625 0.390625
0 0.378125 0.4921875 0.390625 0.390625
0 0.55625 0.321875 0.390625 0.390625
0 0.475 0.1953125 0.390625 0.390625
0 0.6140625 0.225 0.390625 0.390625
0 0.440625 0.3953125 0.390625 0.390625
1 0.6296875 0.2328125 0.19375 0.390625
1 0.60703125 0.415625 0.1234375 0.390625
1 0.4765625 0.12421875 0.390625 0.2234375
0 0.6515625 0.2140625 0.390625 0.390625
0 0.4953125 0.1953125 0.390625 0.390625
0 0.5609375 0.66875 0.390625 0.390625
0 0.76875 0.3265625 0.390625 0.390625
1 0.353125 0.30859375 0.390625 0.1703125
0 0.684375 0.1953125 0.390625 0.390625
0 0.4203125 0.4609375 0.390625 0.390625
0 0.415625 0.35 0.390625 0.390625
0 0.371875 0.28125 0.390625 0.390625
0 0.4515625 0.1953125 0.390625 0.390625
0 0.3140625 0.2484375 0.390625 0.390625
1 0.60625 0.75703125 0.390625 0.2390625
1 0.3046875 0.334375 0.390625 0.1625
0 0.4953125 0.440625 0.390625 0.390625
1 0.5015625 0.2171875 0.390625 0.234375
1 0.665625 0.2875 0.390625 0.18125
0 0.3390625 0.45625 0.390625 0.390625
1 0.6109375 0.31796875 0.390625 0.1515625
0 0.665625 0.6609375 0.390625 0.390625
1 0.659375 0.3875 0.184375 0.390625
1 0.403125 0.759375 0.390625 0.21875
1 0.58046875 0.4234375 0.2171875 0.390625
1 0.35 0.36953125 0.390625 0.2234375
0 0.259375 0.6 0.390625 0.390625
1 0.14140625 0.3015625 0.1546875 0.390625
0 0.7109375 0.253125 0.390625 0.390625
0 0.403125 0.2640625 0.390625 0.390625
1 0.5625 0.2984375 0.23125 0.390625
0 0.60625 0.2546875 0.390625 0.390625
1 0.77421875 0.2984375 0.1734375 0.390625
0 0.6484375 0.265625 0.390625 0.390625
1 0.3890625 0.28515625 0.390625 0.1546875
1 0.5890625 0.17421875 0.390625 0.2515625
1 0.2546875 0.39296875 0.390625 0.2328125
1 0.60234375 0.30625 0.1234375 0.390625