0 0.4265625 0.578125 0.390625 0.390625
1 0.72265625 0.40625 0.1546875 0.390625
1 0.7765625 0.8515625 0.390625 0.18125
0 0.2296875 0.4984375 0.390625 0.390625
1 0.1953125 0.36171875 0.390625 0.2328125
1 0.3171875 0.496875 0.390625 0.15625
1 0.58125 0.5453125 0.390625 0.2375
1 0.4921875 0.628125 0.246875 0.390625
1 0.3671875 0.603125 0.225 0.390625
1 0.3453125 0.6390625 0.203125 0.390625
1 0.4890625 0.5078125 0.20625 0.390625
1 0.225 0.30625 0.390625 0.159375
1 0.49765625 0.5640625 0.2390625 0.390625
1 0.26640625 0.325 0.2515625 0.390625
1 0.45859375 0.5640625 0.1734375 0.390625
1 0.403125 0.71015625 0.390625 0.2515625
1 0.3953125 0.4625 0.390625 0.215625
1 0.553125 0.62734375 0.390625 0.1734375
1 0.3421875 0.646875 0.23125 0.390625
0 0.240625 0.390625 0.390625 0.390625
0 0.33125 0.525 0.390625 0.390625
1 0.39765625 0.63125 0.2546875 0.390625
0 0.2734375 0.690625 0.390625 0.390625
0 0.45625 0.634375 0.390625 0.390625
1 0.24609375 0.4296875 0.2359375 0.390625
1 0.340625 0.30625 0.178125 0.390625
0 0.5140625 0.5234375 0.390625 0.390625
0 0.1953125 0.475 0.390625 0.390625
0 0.353125 0.5546875 0.390625 0.390625
0 0.2546875 0.546875 0.390625 0.390625
0 0.2625 0.284375 0.390625 0.390625
0 0.4421875 0.5796875 0.390625 0.390625
0 0.428125 0.5046875 0.390625 0.390625
0 0.2171875 0.3453125 0.390625 0.390625
1 0.42109375 0.59375 0.1203125 0.390625
1 0.41328125 0.6015625 0.1734375 0.390625
0 0.3625 0.609375 0.390625 0.390625
1 0.240625 0.3421875 0.390625 0.165625
0 0.440625 0.6078125 0.390625 0.390625
1 0.3375 0.58828125 0.390625 0.2515625
1 0.2 0.58984375 0.390625 0.1453125
0 0.20625 0.3671875 0.390625 0.390625
0 0.1953125 0.3921875 0.390625 0.390625
0 0.1953125 0.3046875 0.390625 0.390625
1 0.271875 0.2515625 0.1875 0.390625
1 0.45078125 0.5390625 0.1265625 0.390625
1 0.375 0.53515625 0.390625 0.1828125
0 0.278125 0.6453125 0.390625 0.390625
1 0.24296875 0.4046875 0.2015625 0.390625
0 0.509375 0.515625 0.390625 0.390625