0 0.421875 0.2828125 0.390625 0.390625
0 0.5265625 0.8046875 0.390625 0.390625
0 0.5546875 0.446875 0.390625 0.390625
1 0.27734375 0.7640625 0.1609375 0.390625
1 0.2828125 0.778125 0.240625 0.390625
0 0.66875 0.6796875 0.390625 0.390625
0 0.5078125 0.7046875 0.390625 0.390625
0 0.63125 0.74375 0.390625 0.390625
0 0.4390625 0.7453125 0.390625 0.390625
1 0.62109375 0.61875 0.1796875 0.390625
0 0.29375 0.6578125 0.390625 0.390625
0 0.2203125 0.6984375 0.390625 0.390625
0 0.5515625 0.6421875 0.390625 0.390625
1 0.4171875 0.77734375 0.390625 0.2703125
1 0.47734375 0.390625 0.2421875 0.390625
1 0.51875 0.69921875 0.390625 0.1453125
0 0.6203125 0.709375 0.390625 0.390625
0 0.61875 0.8046875 0.390625 0.390625
1 0.4671875 0.29765625 0.390625 0.2296875
1 0.1046875 0.384375 0.196875 0.390625
0 0.5765625 0.6203125 0.390625 0.390625
0 0.621875 0.7234375 0.390625 0.390625
0 0.6484375 0.68125 0.390625 0.390625
1 0.40078125 0.56875 0.2109375 0.390625
0 0.5265625 0.73125 0.390625 0.390625
0 0.4578125 0.6171875 0.390625 0.390625
1 0.48125 0.78984375 0.390625 0.1859375
0 0.540625 0.734375 0.390625 0.390625
1 0.1453125 0.278125 0.171875 0.390625
0 0.2578125 0.6828125 0.390625 0.390625
1 0.22109375 0.3203125 0.1859375 0.390625
1 0.60546875 0.6390625 0.2140625 0.390625
0 0.240625 0.7921875 0.390625 0.390625
0 0.553125 0.7578125 0.390625 0.390625
1 0.653125 0.7234375 0.390625 0.146875
1 0.38359375 0.6453125 0.1328125 0.390625
1 0.2796875 0.75078125 0.390625 0.2171875
0 0.559375 0.7171875 0.390625 0.390625
1 0.4953125 0.70625 0.390625 0.19375
1 0.278125 0.69296875 0.390625 0.1734375
0 0.5890625 0.7484375 0.390625 0.390625
0 0.596875 0.709375 0.390625 0.390625
1 0.3984375 0.69375 0.390625 0.23125
1 0.69375 0.715625 0.390625 0.221875
1 0.6734375 0.6671875 0.1375 0.390625
0 0.521875 0.6375 0.390625 0.390625
0 0.346875 0.746875 0.390625 0.390625
0 0.278125 0.7 0.390625 0.390625
0 0.4046875 0.73125 0.390625 0.390625
0 0.375 0.440625 0.390625 0.390625