1 0.778125 0.2671875 0.228125 0.390625
0 0.75 0.3125 0.390625 0.390625
1 0.22578125 0.1953125 0.2453125 0.390625
1 0.390625 0.1046875 0.390625 0.20625
1 0.3234375 0.1953125 0.2 0.390625
1 0.38828125 0.8046875 0.2015625 0.390625
1 0.66015625 0.3203125 0.1921875 0.390625
0 0.45 0.7640625 0.390625 0.390625
0 0.3453125 0.8046875 0.390625 0.390625
0 0.434375 0.203125 0.390625 0.390625
0 0.7671875 0.3375 0.390625 0.390625
0 0.3234375 0.1953125 0.390625 0.390625
1 0.5125 0.31953125 0.390625 0.2015625
0 0.7859375 0.2875 0.390625 0.390625
0 0.55625 0.3953125 0.390625 0.390625
0 0.46875 0.1953125 0.390625 0.390625
1 0.50625 0.8546875 0.390625 0.159375
1 0.7640625 0.26640625 0.390625 0.2046875
1 0.39765625 0.7453125 0.1671875 0.390625
0 0.5265625 0.6375 0.390625 0.390625
1 0.3390625 0.790625 0.390625 0.178125
1 0.390625 0.859375 0.390625 0.25
1 0.32578125 0.28125 0.2265625 0.390625
0 0.3765625 0.1953125 0.390625 0.390625
1 0.7703125 0.25625 0.2 0.390625
0 0.478125 0.1953125 0.390625 0.390625
1 0.49375 0.8421875 0.390625 0.2
0 0.4921875 0.8046875 0.390625 0.390625
0 0.390625 0.1953125 0.390625 0.390625
0 0.7671875 0.275 0.390625 0.390625
1 0.4953125 0.61328125 0.390625 0.2046875
1 0.72109375 0.2875 0.1890625 0.390625
1 0.3703125 0.45 0.20625 0.390625
1 0.40703125 0.8046875 0.1828125 0.390625
0 0.4578125 0.8046875 0.390625 0.390625
0 0.346875 0.1953125 0.390625 0.390625
1 0.4234375 0.8890625 0.390625 0.215625
1 0.340625 0.853125 0.390625 0.19375
1 0.4640625 0.83125 0.390625 0.2625
0 0.7171875 0.246875 0.390625 0.390625
1 0.79609375 0.2515625 0.2171875 0.390625
1 0.74375 0.48984375 0.390625 0.1515625
0 0.3875 0.646875 0.390625 0.390625
0 0.2984375 0.2125 0.390625 0.390625
1 0.40234375 0.8046875 0.1703125 0.390625
0 0.3625 0.1953125 0.390625 0.390625
0 0.7625 0.3078125 0.390625 0.390625
1 0.8046875 0.4875 0.390625 0.25
1 0.78125 0.375 0.390625 0.159375
1 0.48828125 0.8046875 0.1890625 0.390625