0 0.446875 0.3484375 0.390625 0.390625
0 0.30625 0.3765625 0.390625 0.390625
0 0.715625 0.5953125 0.390625 0.390625
1 0.2625 0.6671875 0.209375 0.390625
0 0.4859375 0.2734375 0.390625 0.390625
0 0.5734375 0.7859375 0.390625 0.390625
1 0.4046875 0.65078125 0.390625 0.2390625
1 0.5953125 0.7140625 0.390625 0.153125
0 0.61875 0.390625 0.390625 0.390625
0 0.6671875 0.790625 0.390625 0.390625
1 0.3546875 0.709375 0.2 0.390625
1 0.91796875 0.503125 0.1359375 0.390625
0 0.64375 0.2875 0.390625 0.390625
0 0.2859375 0.528125 0.390625 0.390625
0 0.3109375 0.2609375 0.390625 0.390625