1 0.696875 0.821875 0.390625 0.125
0 0.8046875 0.696875 0.390625 0.390625
0 0.8046875 0.6359375 0.390625 0.390625
0 0.2828125 0.471875 0.390625 0.390625
0 0.328125 0.2078125 0.390625 0.390625
0 0.5984375 0.29375 0.390625 0.390625
1 0.65 0.2421875 0.1375 0.390625
0 0.6171875 0.79375 0.390625 0.390625
1 0.85703125 0.6171875 0.2234375 0.390625
0 0.1953125 0.8015625 0.390625 0.390625
0 0.753125 0.5625 0.390625 0.390625
1 0.2875 0.790625 0.390625 0.23125
0 0.70625 0.6046875 0.390625 0.390625
0 0.25 0.7953125 0.390625 0.390625
0 0.8046875 0.5890625 0.390625 0.390625
0 0.7484375 0.8046875 0.390625 0.390625
1 0.1515625 0.8046875 0.2625 0.390625
0 0.7359375 0.64375 0.390625 0.390625
1 0.7421875 0.71015625 0.390625 0.1703125
0 0.6375 0.8046875 0.390625 0.390625
1 0.2453125 0.8046875 0.265625 0.390625
1 0.134375 0.7859375 0.25 0.390625
1 0.33125 0.3265625 0.390625 0.209375
1 0.72109375 0.7953125 0.2359375 0.390625
0 0.2234375 0.378125 0.390625 0.390625
1 0.28984375 0.2953125 0.1203125 0.390625
1 0.2546875 0.3328125 0.190625 0.390625
0 0.2640625 0.3578125 0.390625 0.390625
0 0.734375 0.5734375 0.390625 0.390625
1 0.196875 0.2796875 0.390625 0.18125
0 0.8046875 0.615625 0.390625 0.390625
1 0.22421875 0.2796875 0.1953125 0.390625
1 0.1078125 0.39375 0.159375 0.390625
1 0.22421875 0.309375 0.2265625 0.390625
1 0.74140625 0.7796875 0.1359375 0.390625
0 0.7125 0.7953125 0.390625 0.390625
1 0.26171875 0.2234375 0.1640625 0.390625
1 0.55234375 0.2265625 0.2390625 0.390625
0 0.1953125 0.7671875 0.390625 0.390625
0 0.8046875 0.6015625 0.390625 0.390625
0 0.5328125 0.6046875 0.390625 0.390625
0 0.6328125 0.303125 0.390625 0.390625
1 0.22734375 0.2703125 0.2328125 0.390625
0 0.3609375 0.7 0.390625 0.390625
1 0.55859375 0.7203125 0.2171875 0.390625
0 0.2328125 0.459375 0.390625 0.390625
0 0.1953125 0.8046875 0.390625 0.390625
1 0.7671875 0.68125 0.125 0.390625
1 0.80546875 0.803125 0.2671875 0.390625
0 0.2078125 0.7890625 0.390625 0.390625