1 0.2578125 0.41875 0.390625 0.246875
0 0.303125 0.296875 0.390625 0.390625
0 0.3640625 0.625 0.390625 0.390625
0 0.7671875 0.55 0.390625 0.390625
0 0.6328125 0.73125 0.390625 0.390625
0 0.7921875 0.3953125 0.390625 0.390625
0 0.296875 0.31875 0.390625 0.390625
0 0.740625 0.5734375 0.390625 0.390625
0 0.3515625 0.440625 0.390625 0.390625
0 0.4609375 0.5625 0.390625 0.390625
1 0.48671875 0.7921875 0.1640625 0.390625
0 0.3953125 0.3203125 0.390625 0.390625
0 0.2359375 0.653125 0.390625 0.390625
1 0.2796875 0.52109375 0.390625 0.2703125
0 0.2671875 0.3140625 0.390625 0.390625