1 0.5171875 0.3796875 0.390625 0.121875
1 0.69921875 0.3890625 0.1859375 0.390625
0 0.5359375 0.6109375 0.390625 0.390625
0 0.6703125 0.6109375 0.390625 0.390625
0 0.3125 0.353125 0.390625 0.390625
0 0.45 0.3171875 0.390625 0.390625
1 0.3765625 0.52578125 0.390625 0.2171875
0 0.375 0.4 0.390625 0.390625
0 0.5984375 0.51875 0.390625 0.390625
1 0.8390625 0.575 0.215625 0.390625
0 0.528125 0.4875 0.390625 0.390625
0 0.6484375 0.40625 0.390625 0.390625
0 0.7078125 0.3984375 0.390625 0.390625
0 0.2140625 0.328125 0.390625 0.390625
0 0.71875 0.3953125 0.390625 0.390625