0 0.60625 0.61875 0.390625 0.390625
0 0.6203125 0.625 0.390625 0.390625
0 0.6171875 0.3953125 0.390625 0.390625
0 0.6296875 0.196875 0.390625 0.390625
1 0.59453125 0.3984375 0.2296875 0.390625
1 0.51328125 0.653125 0.1390625 0.390625
1 0.30625 0.7453125 0.271875 0.390625
1 0.2484375 0.325 0.390625 0.271875
1 0.34375 0.7046875 0.390625 0.23125
1 0.54609375 0.24375 0.2265625 0.390625
1 0.21796875 0.634375 0.2265625 0.390625
0 0.6296875 0.296875 0.390625 0.390625
1 0.6390625 0.26171875 0.390625 0.1234375
1 0.746875 0.49765625 0.390625 0.1609375
0 0.475 0.240625 0.390625 0.390625