1 0.5890625 0.55859375 0.390625 0.1890625
1 0.36953125 0.459375 0.2171875 0.390625
1 0.5 0.59375 0.390625 0.128125
0 0.7609375 0.528125 0.390625 0.390625
0 0.6515625 0.8046875 0.390625 0.390625
0 0.546875 0.8046875 0.390625 0.390625
0 0.628125 0.56875 0.390625 0.390625
0 0.403125 0.51875 0.390625 0.390625
0 0.6 0.6515625 0.390625 0.390625
0 0.4328125 0.5265625 0.390625 0.390625
0 0.3234375 0.6125 0.390625 0.390625
0 0.7359375 0.721875 0.390625 0.390625
1 0.65234375 0.5671875 0.1328125 0.390625
1 0.6890625 0.55 0.18125 0.390625
0 0.3640625 0.2703125 0.390625 0.390625
1 0.640625 0.66171875 0.390625 0.1953125
0 0.4984375 0.546875 0.390625 0.390625
1 0.6625 0.66640625 0.390625 0.1390625
1 0.6828125 0.596875 0.390625 0.159375
0 0.396875 0.4296875 0.390625 0.390625
1 0.5984375 0.653125 0.390625 0.140625
1 0.6953125 0.54375 0.23125 0.390625
1 0.52265625 0.54375 0.1609375 0.390625
1 0.55234375 0.5890625 0.2578125 0.390625
0 0.5921875 0.5921875 0.390625 0.390625
0 0.2734375 0.328125 0.390625 0.390625
1 0.6890625 0.65859375 0.390625 0.2421875
0 0.590625 0.625 0.390625 0.390625
1 0.5109375 0.55390625 0.390625 0.1953125
0 0.6140625 0.6140625 0.390625 0.390625
1 0.4828125 0.61328125 0.390625 0.2015625
0 0.440625 0.6140625 0.390625 0.390625
0 0.6828125 0.8046875 0.390625 0.390625
0 0.73125 0.621875 0.390625 0.390625
0 0.6515625 0.6109375 0.390625 0.390625
0 0.4265625 0.421875 0.390625 0.390625
0 0.653125 0.6140625 0.390625 0.390625
1 0.5890625 0.7515625 0.14375 0.390625
1 0.83203125 0.596875 0.1421875 0.390625
0 0.2765625 0.3265625 0.390625 0.390625
1 0.7625 0.21796875 0.390625 0.2671875
1 0.4453125 0.5953125 0.390625 0.11875
1 0.5234375 0.68125 0.259375 0.390625
0 0.5703125 0.675 0.390625 0.390625
0 0.6953125 0.2890625 0.390625 0.390625
0 0.6046875 0.6 0.390625 0.390625
1 0.33671875 0.55 0.1953125 0.390625
1 0.64140625 0.8046875 0.1671875 0.390625
1 0.5359375 0.55078125 0.390625 0.1421875
0 0.7359375 0.603125 0.390625 0.390625