1 0.78125 0.84765625 0.390625 0.1796875
0 0.4609375 0.5984375 0.390625 0.390625
0 0.6875 0.7265625 0.390625 0.390625
0 0.4078125 0.56875 0.390625 0.390625
0 0.784375 0.7046875 0.390625 0.390625
0 0.559375 0.78125 0.390625 0.390625
0 0.503125 0.634375 0.390625 0.390625
0 0.3109375 0.7046875 0.390625 0.390625
1 0.6671875 0.321875 0.390625 0.128125
1 0.3484375 0.4828125 0.16875 0.390625
0 0.484375 0.3203125 0.390625 0.390625
1 0.3859375 0.1421875 0.390625 0.175
0 0.3703125 0.6421875 0.390625 0.390625
0 0.496875 0.41875 0.390625 0.390625
1 0.7640625 0.7296875 0.390625 0.165625