1 0.49296875 0.715625 0.1828125 0.390625
0 0.6234375 0.609375 0.390625 0.390625
1 0.565625 0.328125 0.390625 0.209375
0 0.2015625 0.8015625 0.390625 0.390625
1 0.7703125 0.7953125 0.271875 0.390625
0 0.246875 0.7234375 0.390625 0.390625
0 0.5765625 0.625 0.390625 0.390625
0 0.7390625 0.7984375 0.390625 0.390625
1 0.7203125 0.3859375 0.390625 0.246875
1 0.3515625 0.521875 0.390625 0.178125
1 0.2171875 0.71953125 0.390625 0.2140625
1 0.74765625 0.45625 0.1265625 0.390625
1 0.40625 0.5671875 0.271875 0.390625
0 0.6640625 0.4734375 0.390625 0.390625
0 0.7734375 0.4796875 0.390625 0.390625