1 0.60078125 0.415625 0.2328125 0.390625
1 0.371875 0.746875 0.390625 0.234375
0 0.234375 0.528125 0.390625 0.390625
0 0.3625 0.459375 0.390625 0.390625
1 0.3609375 0.178125 0.390625 0.175
1 0.4046875 0.446875 0.134375 0.390625
0 0.703125 0.265625 0.390625 0.390625
1 0.3046875 0.2375 0.390625 0.190625
0 0.5796875 0.7046875 0.390625 0.390625
1 0.2578125 0.35078125 0.390625 0.2453125
1 0.290625 0.528125 0.390625 0.215625
0 0.6546875 0.7078125 0.390625 0.390625
1 0.828125 0.6328125 0.175 0.390625
1 0.640625 0.11328125 0.390625 0.1234375
1 0.7578125 0.7703125 0.15 0.390625