1 0.36171875 0.3765625 0.2640625 0.390625
0 0.6546875 0.7078125 0.390625 0.390625
1 0.4640625 0.765625 0.1375 0.390625
1 0.69453125 0.68125 0.1640625 0.390625
1 0.490625 0.2859375 0.2375 0.390625
0 0.409375 0.5078125 0.390625 0.390625
0 0.2265625 0.51875 0.390625 0.390625
0 0.3546875 0.5328125 0.390625 0.390625
0 0.2265625 0.5296875 0.390625 0.390625
1 0.78515625 0.6734375 0.1859375 0.390625
0 0.6375 0.34375 0.390625 0.390625
0 0.7484375 0.7171875 0.390625 0.390625
1 0.6046875 0.45078125 0.390625 0.1640625
1 0.534375 0.36171875 0.390625 0.2546875
1 0.84296875 0.796875 0.1421875 0.390625