1 0.7734375 0.35 0.246875 0.390625
0 0.6921875 0.6078125 0.390625 0.390625
1 0.71875 0.38203125 0.390625 0.2328125
1 0.41171875 0.628125 0.2265625 0.390625
1 0.5265625 0.10390625 0.390625 0.1703125
0 0.1953125 0.49375 0.390625 0.390625
1 0.61875 0.2859375 0.2375 0.390625
0 0.325 0.609375 0.390625 0.390625
0 0.50625 0.1953125 0.390625 0.390625
1 0.6859375 0.4765625 0.221875 0.390625
1 0.753125 0.43671875 0.390625 0.2578125
1 0.70625 0.515625 0.19375 0.390625
0 0.5203125 0.1953125 0.390625 0.390625
0 0.378125 0.2515625 0.390625 0.390625
0 0.7515625 0.6578125 0.390625 0.390625
1 0.69453125 0.2578125 0.1671875 0.390625
0 0.6265625 0.215625 0.390625 0.390625
1 0.20625 0.66875 0.390625 0.271875
0 0.4578125 0.4640625 0.390625 0.390625
1 0.3703125 0.6796875 0.390625 0.271875
0 0.2546875 0.4578125 0.390625 0.390625
0 0.8046875 0.3359375 0.390625 0.390625
0 0.7546875 0.2890625 0.390625 0.390625
0 0.6640625 0.2890625 0.390625 0.390625
0 0.6359375 0.6625 0.390625 0.390625
1 0.584375 0.384375 0.21875 0.390625
1 0.6796875 0.5265625 0.390625 0.259375
0 0.553125 0.1953125 0.390625 0.390625
0 0.628125 0.6265625 0.390625 0.390625
1 0.525 0.19296875 0.390625 0.1328125
0 0.2984375 0.65625 0.390625 0.390625
1 0.5140625 0.1953125 0.15625 0.390625
0 0.590625 0.5453125 0.390625 0.390625
1 0.759375 0.5859375 0.20625 0.390625
1 0.63203125 0.628125 0.1453125 0.390625
0 0.703125 0.55625 0.390625 0.390625
1 0.68125 0.5640625 0.390625 0.221875
0 0.559375 0.303125 0.390625 0.390625
0 0.665625 0.5875 0.390625 0.390625
0 0.796875 0.415625 0.390625 0.390625
1 0.659375 0.546875 0.209375 0.390625
1 0.5953125 0.51484375 0.390625 0.1734375
1 0.69375 0.60703125 0.390625 0.2234375
0 0.7703125 0.6625 0.390625 0.390625
1 0.65390625 0.728125 0.1765625 0.390625
0 0.3234375 0.5640625 0.390625 0.390625
1 0.37265625 0.6203125 0.2234375 0.390625
1 0.6609375 0.621875 0.390625 0.16875
1 0.6328125 0.5125 0.390625 0.23125
0 0.2265625 0.66875 0.390625 0.390625