1 0.265625 0.6578125 0.171875 0.390625
0 0.7765625 0.39375 0.390625 0.390625
0 0.6546875 0.4078125 0.390625 0.390625
0 0.7421875 0.590625 0.390625 0.390625
1 0.2578125 0.815625 0.390625 0.2625
0 0.434375 0.675 0.390625 0.390625
0 0.2796875 0.428125 0.390625 0.390625
0 0.4828125 0.4703125 0.390625 0.390625
1 0.68125 0.74375 0.221875 0.390625
1 0.11953125 0.2109375 0.1234375 0.390625
1 0.7296875 0.6609375 0.390625 0.13125
0 0.51875 0.446875 0.390625 0.390625
0 0.39375 0.234375 0.390625 0.390625
0 0.2609375 0.428125 0.390625 0.390625
0 0.4640625 0.2953125 0.390625 0.390625