0 0.615625 0.659375 0.390625 0.390625
0 0.221875 0.384375 0.390625 0.390625
0 0.5171875 0.7015625 0.390625 0.390625
0 0.2203125 0.403125 0.390625 0.390625
0 0.3328125 0.45 0.390625 0.390625
0 0.2078125 0.49375 0.390625 0.390625
0 0.1953125 0.4046875 0.390625 0.390625
1 0.25546875 0.46875 0.1484375 0.390625
1 0.675 0.69609375 0.390625 0.1390625
0 0.228125 0.4609375 0.390625 0.390625
1 0.2265625 0.51171875 0.390625 0.2609375
1 0.24765625 0.3875 0.1359375 0.390625
0 0.278125 0.4046875 0.390625 0.390625
0 0.1953125 0.35 0.390625 0.390625
0 0.3078125 0.540625 0.390625 0.390625
1 0.8015625 0.28984375 0.390625 0.2140625
1 0.68125 0.6609375 0.271875 0.390625
1 0.74296875 0.55 0.1796875 0.390625
1 0.628125 0.69296875 0.390625 0.1828125
1 0.58828125 0.721875 0.1484375 0.390625
1 0.2984375 0.47578125 0.390625 0.1234375
0 0.7390625 0.7046875 0.390625 0.390625
1 0.23203125 0.3375 0.2171875 0.390625
0 0.5640625 0.6109375 0.390625 0.390625
0 0.609375 0.74375 0.390625 0.390625
0 0.759375 0.6890625 0.390625 0.390625
1 0.54921875 0.7703125 0.2515625 0.390625
1 0.6078125 0.8046875 0.20625 0.390625
1 0.30625 0.42734375 0.390625 0.1734375
1 0.27421875 0.4640625 0.2265625 0.390625
1 0.3046875 0.35234375 0.390625 0.1953125
0 0.2375 0.528125 0.390625 0.390625
1 0.265625 0.4421875 0.390625 0.253125
1 0.29296875 0.3875 0.1984375 0.390625
0 0.1953125 0.4125 0.390625 0.390625
0 0.2046875 0.540625 0.390625 0.390625
0 0.1953125 0.4875 0.390625 0.390625
0 0.5453125 0.7609375 0.390625 0.390625
1 0.21953125 0.7109375 0.2484375 0.390625
1 0.5609375 0.2921875 0.15 0.390625
1 0.6234375 0.7203125 0.14375 0.390625
0 0.1953125 0.48125 0.390625 0.390625
0 0.234375 0.515625 0.390625 0.390625
0 0.26875 0.4921875 0.390625 0.390625
0 0.65 0.6421875 0.390625 0.390625
0 0.5265625 0.71875 0.390625 0.390625
1 0.56640625 0.7890625 0.1359375 0.390625
1 0.2140625 0.7046875 0.390625 0.21875
1 0.384375 0.15859375 0.390625 0.1515625
0 0.2859375 0.5546875 0.390625 0.390625