0 0.640625 0.2609375 0.390625 0.390625
0 0.5875 0.2390625 0.390625 0.390625
0 0.3359375 0.2859375 0.390625 0.390625
0 0.63125 0.5796875 0.390625 0.390625
0 0.6265625 0.54375 0.390625 0.390625
1 0.3421875 0.340625 0.390625 0.14375
1 0.3796875 0.69296875 0.390625 0.1171875
0 0.246875 0.425 0.390625 0.390625
1 0.80703125 0.534375 0.2078125 0.390625
1 0.753125 0.4015625 0.1375 0.390625
0 0.29375 0.65 0.390625 0.390625
1 0.3125 0.81796875 0.390625 0.1984375
1 0.7015625 0.4078125 0.390625 0.190625
0 0.646875 0.4265625 0.390625 0.390625
0 0.2578125 0.7890625 0.390625 0.390625