0 0.603125 0.3921875 0.390625 0.390625
1 0.63203125 0.784375 0.1546875 0.390625
0 0.6984375 0.4984375 0.390625 0.390625
0 0.1953125 0.8046875 0.390625 0.390625
1 0.1953125 0.85390625 0.390625 0.1546875
0 0.440625 0.3859375 0.390625 0.390625
0 0.575 0.528125 0.390625 0.390625
1 0.69921875 0.709375 0.1421875 0.390625
1 0.409375 0.1234375 0.390625 0.215625
0 0.5203125 0.3671875 0.390625 0.390625
1 0.6546875 0.4203125 0.15 0.390625
1 0.1734375 0.571875 0.203125 0.390625
0 0.1953125 0.8046875 0.390625 0.390625
0 0.7109375 0.8046875 0.390625 0.390625
1 0.71796875 0.5375 0.1296875 0.390625
1 0.35625 0.37890625 0.390625 0.2421875
0 0.265625 0.8046875 0.390625 0.390625
1 0.625 0.77265625 0.390625 0.2609375
0 0.196875 0.21875 0.390625 0.390625
0 0.203125 0.8046875 0.390625 0.390625
0 0.5890625 0.5265625 0.390625 0.390625
1 0.5453125 0.628125 0.121875 0.390625
0 0.6265625 0.4703125 0.390625 0.390625
1 0.6625 0.59453125 0.390625 0.1765625
1 0.1953125 0.8046875 0.390625 0.24375
1 0.1953125 0.73046875 0.390625 0.1234375
0 0.6046875 0.8046875 0.390625 0.390625
0 0.1953125 0.7734375 0.390625 0.390625
0 0.678125 0.5515625 0.390625 0.390625
1 0.1453125 0.69375 0.1875 0.390625
0 0.75 0.8 0.390625 0.390625
1 0.684375 0.440625 0.18125 0.390625
0 0.63125 0.8046875 0.390625 0.390625
0 0.1953125 0.8 0.390625 0.390625
1 0.21328125 0.7625 0.1421875 0.390625
1 0.1953125 0.85 0.390625 0.203125
1 0.72890625 0.55 0.1859375 0.390625
1 0.1953125 0.778125 0.390625 0.2625
0 0.415625 0.65625 0.390625 0.390625
1 0.19921875 0.8046875 0.2328125 0.390625
0 0.59375 0.5078125 0.390625 0.390625
0 0.1953125 0.7484375 0.390625 0.390625
0 0.771875 0.4921875 0.390625 0.390625
0 0.59375 0.44375 0.390625 0.390625
0 0.56875 0.1953125 0.390625 0.390625
0 0.6375 0.421875 0.390625 0.390625
1 0.6578125 0.5421875 0.209375 0.390625
0 0.6125 0.55625 0.390625 0.390625
1 0.2328125 0.79765625 0.390625 0.2140625
1 0.61015625 0.665625 0.1953125 0.390625