1 0.8046875 0.56484375 0.390625 0.2421875
0 0.8046875 0.4890625 0.390625 0.390625
1 0.8046875 0.471875 0.390625 0.134375
1 0.89296875 0.6203125 0.2140625 0.390625
1 0.703125 0.646875 0.240625 0.390625
1 0.28515625 0.4765625 0.2578125 0.390625
0 0.8046875 0.471875 0.390625 0.390625
1 0.790625 0.56796875 0.390625 0.1453125
0 0.7734375 0.5734375 0.390625 0.390625
0 0.7140625 0.4109375 0.390625 0.390625
1 0.715625 0.34765625 0.390625 0.1671875
1 0.81640625 0.39375 0.1703125 0.390625
1 0.696875 0.5921875 0.215625 0.390625
0 0.284375 0.60625 0.390625 0.390625
1 0.4125 0.49453125 0.390625 0.1734375
1 0.7078125 0.678125 0.125 0.390625
0 0.8 0.2390625 0.390625 0.390625
0 0.5234375 0.4453125 0.390625 0.390625
1 0.44140625 0.565625 0.1296875 0.390625
0 0.5390625 0.4328125 0.390625 0.390625
1 0.3171875 0.59921875 0.390625 0.2140625
1 0.45625 0.634375 0.390625 0.171875
1 0.72265625 0.5578125 0.2578125 0.390625
1 0.44375 0.63203125 0.390625 0.1359375
1 0.7296875 0.59453125 0.390625 0.1328125
1 0.8046875 0.5109375 0.390625 0.165625
0 0.8046875 0.6890625 0.390625 0.390625
1 0.3515625 0.67109375 0.390625 0.2421875
1 0.4 0.4453125 0.390625 0.246875
0 0.4140625 0.546875 0.390625 0.390625
1 0.8671875 0.6484375 0.14375 0.390625
0 0.8046875 0.6078125 0.390625 0.390625
1 0.784375 0.51640625 0.390625 0.1984375
1 0.7625 0.6390625 0.253125 0.390625
0 0.7046875 0.740625 0.390625 0.390625
1 0.5390625 0.82109375 0.390625 0.1296875
1 0.7609375 0.66796875 0.390625 0.1328125
0 0.7640625 0.453125 0.390625 0.390625
1 0.76953125 0.540625 0.1609375 0.390625
1 0.75 0.4921875 0.23125 0.390625
1 0.4125 0.7359375 0.390625 0.15625
1 0.6515625 0.4828125 0.390625 0.26875
1 0.83125 0.55 0.14375 0.390625
1 0.8046875 0.42734375 0.390625 0.2703125
1 0.41796875 0.7234375 0.2296875 0.390625
1 0.6109375 0.33359375 0.390625 0.2515625
1 0.8046875 0.41640625 0.390625 0.2484375
1 0.6765625 0.80546875 0.390625 0.2359375
0 0.7546875 0.4828125 0.390625 0.390625
1 0.6671875 0.63359375 0.390625 0.2328125