0 0.6765625 0.3765625 0.390625 0.390625
1 0.73125 0.70390625 0.390625 0.1546875
1 0.83359375 0.8046875 0.2265625 0.390625
1 0.6734375 0.5046875 0.203125 0.390625
1 0.67578125 0.4125 0.1796875 0.390625
0 0.6953125 0.375 0.390625 0.390625
1 0.85234375 0.8046875 0.2390625 0.390625
1 0.82421875 0.6953125 0.1359375 0.390625
0 0.8046875 0.8046875 0.390625 0.390625
0 0.8046875 0.759375 0.390625 0.390625
1 0.6671875 0.4078125 0.390625 0.240625
0 0.8046875 0.8046875 0.390625 0.390625
0 0.2359375 0.38125 0.390625 0.390625
1 0.578125 0.45546875 0.390625 0.2046875
0 0.4265625 0.1953125 0.390625 0.390625
0 0.4078125 0.5078125 0.390625 0.390625
1 0.390625 0.09296875 0.390625 0.1859375
0 0.4125 0.1953125 0.390625 0.390625
1 0.56015625 0.425 0.2015625 0.390625
1 0.79609375 0.7546875 0.2171875 0.390625
0 0.603125 0.65 0.390625 0.390625
0 0.253125 0.459375 0.390625 0.390625
0 0.40625 0.1953125 0.390625 0.390625
1 0.915625 0.8046875 0.15625 0.390625
0 0.8046875 0.8046875 0.390625 0.390625
1 0.6140625 0.503125 0.390625 0.15625
1 0.2390625 0.2953125 0.390625 0.21875
1 0.59609375 0.4375 0.1265625 0.390625
0 0.8046875 0.7765625 0.390625 0.390625
1 0.346875 0.14765625 0.390625 0.2359375
0 0.3265625 0.384375 0.390625 0.390625
0 0.6875 0.7703125 0.390625 0.390625
0 0.8046875 0.8046875 0.390625 0.390625
0 0.2171875 0.4515625 0.390625 0.390625
1 0.36875 0.60546875 0.390625 0.1546875
0 0.765625 0.6578125 0.390625 0.390625
0 0.58125 0.4953125 0.390625 0.390625
0 0.7671875 0.8046875 0.390625 0.390625
1 0.86953125 0.8046875 0.2609375 0.390625
1 0.675 0.45 0.225 0.390625
0 0.565625 0.35625 0.390625 0.390625
0 0.6140625 0.421875 0.390625 0.390625
1 0.69921875 0.3640625 0.1234375 0.390625
1 0.56328125 0.5609375 0.2546875 0.390625
1 0.45 0.20390625 0.390625 0.2453125
1 0.765625 0.7875 0.390625 0.175
0 0.26875 0.5296875 0.390625 0.390625
0 0.5875 0.4703125 0.390625 0.390625
0 0.4859375 0.321875 0.390625 0.390625
0 0.8046875 0.803125 0.390625 0.390625