1 0.421875 0.70546875 0.390625 0.2578125
1 0.69609375 0.8046875 0.1453125 0.390625
1 0.41328125 0.4390625 0.1578125 0.390625
1 0.51875 0.465625 0.2 0.390625
1 0.4671875 0.3 0.390625 0.121875
1 0.359375 0.77734375 0.390625 0.2078125
1 0.1984375 0.18125 0.390625 0.19375
1 0.4796875 0.3578125 0.390625 0.159375
0 0.75625 0.7953125 0.390625 0.390625
0 0.4203125 0.65 0.390625 0.390625
0 0.6984375 0.803125 0.390625 0.390625
1 0.51640625 0.6390625 0.1171875 0.390625
0 0.6953125 0.790625 0.390625 0.390625
0 0.2359375 0.765625 0.390625 0.390625
0 0.4828125 0.69375 0.390625 0.390625
1 0.21875 0.6671875 0.390625 0.25
1 0.20625 0.66171875 0.390625 0.1453125
0 0.4296875 0.6625 0.390625 0.390625
1 0.87890625 0.7984375 0.1828125 0.390625
1 0.346875 0.72890625 0.390625 0.1609375
1 0.74296875 0.8046875 0.2484375 0.390625
1 0.1765625 0.771875 0.18125 0.390625
1 0.5984375 0.78671875 0.390625 0.2515625
0 0.5171875 0.7125 0.390625 0.390625
0 0.8046875 0.746875 0.390625 0.390625
1 0.584375 0.80078125 0.390625 0.2453125
0 0.6265625 0.2140625 0.390625 0.390625
1 0.7890625 0.7125 0.19375 0.390625
1 0.6796875 0.77265625 0.390625 0.1203125
0 0.2484375 0.740625 0.390625 0.390625
1 0.3390625 0.5578125 0.390625 0.165625
1 0.4234375 0.7390625 0.134375 0.390625
0 0.8046875 0.7078125 0.390625 0.390625
0 0.6453125 0.8046875 0.390625 0.390625
1 0.4203125 0.4453125 0.390625 0.184375
0 0.5859375 0.7859375 0.390625 0.390625
1 0.40625 0.6265625 0.390625 0.246875
1 0.46875 0.725 0.390625 0.16875
1 0.696875 0.84140625 0.390625 0.1453125
0 0.271875 0.6984375 0.390625 0.390625
1 0.465625 0.8671875 0.390625 0.228125
0 0.69375 0.753125 0.390625 0.390625
1 0.8046875 0.82421875 0.390625 0.2140625
1 0.4265625 0.696875 0.390625 0.15625
0 0.1953125 0.8046875 0.390625 0.390625
0 0.7546875 0.7859375 0.390625 0.390625
1 0.4421875 0.4515625 0.153125 0.390625
0 0.565625 0.6328125 0.390625 0.390625
0 0.6796875 0.8046875 0.390625 0.390625
1 0.6625 0.8203125 0.390625 0.21875