1 0.1625 0.240625 0.23125 0.390625
0 0.415625 0.1953125 0.390625 0.390625
0 0.4609375 0.7296875 0.390625 0.390625
1 0.3890625 0.6359375 0.390625 0.196875
1 0.4078125 0.3265625 0.184375 0.390625
1 0.42109375 0.3 0.1671875 0.390625
1 0.34375 0.13671875 0.390625 0.1640625
1 0.415625 0.5390625 0.390625 0.24375
0 0.2109375 0.2609375 0.390625 0.390625
0 0.5171875 0.6359375 0.390625 0.390625
0 0.1953125 0.2375 0.390625 0.390625
0 0.4609375 0.7515625 0.390625 0.390625
0 0.3671875 0.6734375 0.390625 0.390625
1 0.1859375 0.265625 0.259375 0.390625
1 0.48203125 0.7109375 0.1609375 0.390625
0 0.4328125 0.6453125 0.390625 0.390625
0 0.20625 0.1953125 0.390625 0.390625
0 0.1953125 0.2234375 0.390625 0.390625
1 0.14921875 0.1953125 0.1890625 0.390625
0 0.1953125 0.240625 0.390625 0.390625
0 0.1953125 0.28125 0.390625 0.390625
0 0.40625 0.296875 0.390625 0.390625
0 0.2734375 0.1953125 0.390625 0.390625
1 0.27421875 0.2234375 0.2609375 0.390625
0 0.1953125 0.2578125 0.390625 0.390625
0 0.309375 0.1953125 0.390625 0.390625
1 0.45390625 0.1953125 0.2140625 0.390625
0 0.3734375 0.375 0.390625 0.390625
0 0.1953125 0.1953125 0.390625 0.390625
0 0.3328125 0.3625 0.390625 0.390625
1 0.4625 0.68671875 0.390625 0.1796875
0 0.4078125 0.6546875 0.390625 0.390625
1 0.3453125 0.23046875 0.390625 0.1765625
1 0.46015625 0.6265625 0.2234375 0.390625
1 0.30078125 0.4109375 0.1921875 0.390625
0 0.4578125 0.3015625 0.390625 0.390625
0 0.3546875 0.2546875 0.390625 0.390625
0 0.1953125 0.2578125 0.390625 0.390625
1 0.30078125 0.2109375 0.1359375 0.390625
0 0.1984375 0.525 0.390625 0.390625
1 0.39765625 0.6375 0.2109375 0.390625
1 0.5234375 0.23828125 0.390625 0.2140625
1 0.4578125 0.6 0.390625 0.128125
0 0.3921875 0.34375 0.390625 0.390625
1 0.3890625 0.55546875 0.390625 0.2015625
0 0.3171875 0.2640625 0.390625 0.390625
0 0.203125 0.2140625 0.390625 0.390625
1 0.46875 0.1953125 0.18125 0.390625
0 0.634375 0.5953125 0.390625 0.390625
0 0.784375 0.7921875 0.390625 0.390625