0 0.625 0.684375 0.390625 0.390625
1 0.4453125 0.5671875 0.228125 0.390625
0 0.2 0.5234375 0.390625 0.390625
0 0.803125 0.2484375 0.390625 0.390625
0 0.275 0.4296875 0.390625 0.390625
1 0.3203125 0.484375 0.390625 0.16875
1 0.8328125 0.3734375 0.11875 0.390625
0 0.6265625 0.2609375 0.390625 0.390625
0 0.3734375 0.5734375 0.390625 0.390625
0 0.5375 0.5671875 0.390625 0.390625
1 0.3796875 0.71328125 0.390625 0.2609375
0 0.603125 0.2984375 0.390625 0.390625
0 0.2234375 0.2640625 0.390625 0.390625
0 0.478125 0.55625 0.390625 0.390625
1 0.35 0.42265625 0.390625 0.1734375