0 0.5421875 0.1953125 0.390625 0.390625
0 0.465625 0.2375 0.390625 0.390625
1 0.790625 0.203125 0.390625 0.13125
1 0.7140625 0.74921875 0.390625 0.1640625
0 0.2421875 0.1984375 0.390625 0.390625
0 0.4984375 0.625 0.390625 0.390625
1 0.08203125 0.3796875 0.1265625 0.390625
0 0.6125 0.2890625 0.390625 0.390625
1 0.8265625 0.7734375 0.190625 0.390625
1 0.6828125 0.11875 0.390625 0.13125
0 0.2109375 0.4 0.390625 0.390625
0 0.6671875 0.203125 0.390625 0.390625
1 0.740625 0.8296875 0.390625 0.1375
1 0.90078125 0.328125 0.1484375 0.390625
0 0.628125 0.7953125 0.390625 0.390625