0 0.734375 0.5328125 0.390625 0.390625
0 0.7953125 0.4328125 0.390625 0.390625
1 0.17734375 0.509375 0.1296875 0.390625
1 0.7609375 0.5 0.253125 0.390625
0 0.2171875 0.7171875 0.390625 0.390625
1 0.415625 0.5703125 0.265625 0.390625
0 0.6828125 0.63125 0.390625 0.390625
1 0.60234375 0.7 0.1640625 0.390625
0 0.759375 0.5984375 0.390625 0.390625
0 0.3015625 0.334375 0.390625 0.390625
1 0.74453125 0.3015625 0.1890625 0.390625
0 0.40625 0.6015625 0.390625 0.390625
0 0.3015625 0.45625 0.390625 0.390625
1 0.625 0.4765625 0.390625 0.259375
0 0.5015625 0.59375 0.390625 0.390625