0 0.6921875 0.50625 0.390625 0.390625
0 0.5484375 0.2421875 0.390625 0.390625
1 0.3328125 0.83203125 0.390625 0.1359375
1 0.3796875 0.6015625 0.140625 0.390625
0 0.6484375 0.5640625 0.390625 0.390625
1 0.6890625 0.8171875 0.390625 0.215625
1 0.3171875 0.06484375 0.390625 0.1171875
0 0.725 0.6171875 0.390625 0.390625
0 0.609375 0.5125 0.390625 0.390625
1 0.33359375 0.5171875 0.1171875 0.390625
0 0.45 0.446875 0.390625 0.390625
0 0.7453125 0.3390625 0.390625 0.390625
1 0.5859375 0.92890625 0.390625 0.1296875
0 0.421875 0.425 0.390625 0.390625
0 0.7625 0.790625 0.390625 0.390625