0 0.64375 0.3875 0.390625 0.390625
1 0.11953125 0.3078125 0.1359375 0.390625
1 0.225 0.690625 0.390625 0.209375
1 0.1234375 0.6375 0.228125 0.390625
0 0.2125 0.3453125 0.390625 0.390625
0 0.3265625 0.2078125 0.390625 0.390625
1 0.79765625 0.3359375 0.1734375 0.390625
1 0.434375 0.35703125 0.390625 0.2546875
1 0.559375 0.8578125 0.390625 0.2375
1 0.784375 0.56484375 0.390625 0.2359375
0 0.7859375 0.4671875 0.390625 0.390625
0 0.40625 0.646875 0.390625 0.390625
1 0.6578125 0.709375 0.253125 0.390625
1 0.50234375 0.1953125 0.1328125 0.390625
0 0.5484375 0.6234375 0.390625 0.390625