1 0.3515625 0.74765625 0.390625 0.2390625
0 0.25625 0.271875 0.390625 0.390625
1 0.39609375 0.6765625 0.1515625 0.390625
0 0.346875 0.440625 0.390625 0.390625
0 0.7671875 0.378125 0.390625 0.390625
0 0.7484375 0.3921875 0.390625 0.390625
0 0.6171875 0.2171875 0.390625 0.390625
1 0.7625 0.35 0.215625 0.390625
0 0.48125 0.4125 0.390625 0.390625
1 0.7640625 0.81171875 0.390625 0.1328125
1 0.4234375 0.3625 0.2 0.390625
0 0.221875 0.7171875 0.390625 0.390625
0 0.784375 0.3734375 0.390625 0.390625
0 0.7140625 0.4984375 0.390625 0.390625
0 0.8 0.3609375 0.390625 0.390625