1 0.30546875 0.64375 0.2390625 0.390625
0 0.796875 0.803125 0.390625 0.390625
1 0.6921875 0.2015625 0.125 0.390625
0 0.259375 0.5109375 0.390625 0.390625
0 0.2828125 0.6375 0.390625 0.390625
0 0.7125 0.1953125 0.390625 0.390625
0 0.31875 0.60625 0.390625 0.390625
1 0.1953125 0.703125 0.390625 0.13125
0 0.1953125 0.3890625 0.390625 0.390625
0 0.31875 0.540625 0.390625 0.390625
1 0.2203125 0.61796875 0.390625 0.2453125
1 0.88203125 0.3515625 0.1828125 0.390625
0 0.1953125 0.48125 0.390625 0.390625
0 0.2625 0.2890625 0.390625 0.390625
1 0.76875 0.653125 0.190625 0.390625
1 0.25625 0.284375 0.390625 0.184375
1 0.7609375 0.3359375 0.234375 0.390625
1 0.1953125 0.53046875 0.390625 0.1546875
0 0.7703125 0.1953125 0.390625 0.390625
0 0.1953125 0.678125 0.390625 0.390625
0 0.753125 0.1953125 0.390625 0.390625
1 0.23828125 0.2640625 0.2671875 0.390625
1 0.275 0.5484375 0.390625 0.18125
0 0.7875 0.759375 0.390625 0.390625
0 0.1953125 0.265625 0.390625 0.390625
0 0.2125 0.409375 0.390625 0.390625
1 0.25 0.546875 0.390625 0.153125
1 0.1953125 0.496875 0.390625 0.20625
1 0.2203125 0.51171875 0.390625 0.2109375
0 0.578125 0.1953125 0.390625 0.390625
0 0.1953125 0.753125 0.390625 0.390625
0 0.3734375 0.253125 0.390625 0.390625
1 0.8046875 0.07265625 0.390625 0.1453125
0 0.1953125 0.359375 0.390625 0.390625
0 0.69375 0.1953125 0.390625 0.390625
1 0.9046875 0.5125 0.146875 0.390625
1 0.653125 0.2125 0.25625 0.390625
0 0.7109375 0.2046875 0.390625 0.390625
1 0.27421875 0.284375 0.2578125 0.390625
1 0.7703125 0.19296875 0.390625 0.1546875
0 0.2609375 0.78125 0.390625 0.390625
0 0.7265625 0.1953125 0.390625 0.390625
0 0.20625 0.55625 0.390625 0.390625
1 0.2140625 0.5125 0.175 0.390625
0 0.3234375 0.6609375 0.390625 0.390625
1 0.6171875 0.35 0.15 0.390625
1 0.4828125 0.79375 0.2375 0.390625
1 0.13046875 0.4375 0.1671875 0.390625
1 0.21875 0.7015625 0.390625 0.16875
0 0.240625 0.4734375 0.390625 0.390625