0 0.6984375 0.6953125 0.390625 0.390625
1 0.40078125 0.734375 0.2328125 0.390625
1 0.53046875 0.7890625 0.1859375 0.390625
0 0.596875 0.2421875 0.390625 0.390625
0 0.70625 0.7671875 0.390625 0.390625
1 0.80390625 0.1953125 0.2609375 0.390625
1 0.3171875 0.16484375 0.390625 0.2578125
1 0.2703125 0.73203125 0.390625 0.1859375
0 0.6875 0.4140625 0.390625 0.390625
0 0.8046875 0.684375 0.390625 0.390625
1 0.3859375 0.278125 0.390625 0.203125
1 0.5640625 0.33515625 0.390625 0.1453125
0 0.490625 0.2859375 0.390625 0.390625
0 0.5765625 0.7546875 0.390625 0.390625
1 0.62578125 0.6296875 0.2484375 0.390625
0 0.75625 0.3828125 0.390625 0.390625
0 0.7359375 0.7421875 0.390625 0.390625
0 0.3515625 0.328125 0.390625 0.390625
1 0.60546875 0.1953125 0.1703125 0.390625
1 0.446875 0.21640625 0.390625 0.1890625
1 0.334375 0.621875 0.390625 0.1625
1 0.7109375 0.54140625 0.390625 0.2265625
0 0.6390625 0.621875 0.390625 0.390625
1 0.20625 0.365625 0.228125 0.390625
1 0.6390625 0.6015625 0.18125 0.390625
0 0.7875 0.4203125 0.390625 0.390625
0 0.6421875 0.3453125 0.390625 0.390625
0 0.48125 0.3921875 0.390625 0.390625
0 0.8015625 0.2578125 0.390625 0.390625
1 0.4796875 0.3453125 0.2125 0.390625
0 0.55625 0.584375 0.390625 0.390625
0 0.46875 0.703125 0.390625 0.390625
1 0.784375 0.39921875 0.390625 0.2546875
1 0.76796875 0.75625 0.2453125 0.390625
1 0.67421875 0.4875 0.2484375 0.390625
0 0.465625 0.359375 0.390625 0.390625
1 0.4875 0.2203125 0.390625 0.184375
0 0.390625 0.2359375 0.390625 0.390625
1 0.696875 0.6859375 0.390625 0.178125
0 0.725 0.6703125 0.390625 0.390625
0 0.39375 0.3453125 0.390625 0.390625
1 0.66875 0.7515625 0.190625 0.390625
1 0.79609375 0.3953125 0.2640625 0.390625
1 0.5125 0.390625 0.1875 0.390625
1 0.6609375 0.11015625 0.390625 0.1859375
1 0.5046875 0.7390625 0.2625 0.390625
0 0.4171875 0.5890625 0.390625 0.390625
0 0.678125 0.728125 0.390625 0.390625
0 0.603125 0.478125 0.390625 0.390625
0 0.715625 0.3671875 0.390625 0.390625