1 0.53515625 0.203125 0.1359375 0.390625
0 0.58125 0.196875 0.390625 0.390625
0 0.7984375 0.3859375 0.390625 0.390625
0 0.6828125 0.3859375 0.390625 0.390625
0 0.79375 0.5796875 0.390625 0.390625
0 0.4703125 0.6625 0.390625 0.390625
0 0.5546875 0.5203125 0.390625 0.390625
0 0.4984375 0.6875 0.390625 0.390625
1 0.609375 0.46015625 0.390625 0.1921875
1 0.403125 0.709375 0.209375 0.390625
0 0.2515625 0.6921875 0.390625 0.390625
0 0.40625 0.65 0.390625 0.390625
1 0.24375 0.81328125 0.390625 0.1984375
1 0.7453125 0.34453125 0.390625 0.2609375
1 0.5765625 0.20078125 0.390625 0.1671875