1 0.628125 0.325 0.390625 0.140625
0 0.5890625 0.4671875 0.390625 0.390625
0 0.5515625 0.3328125 0.390625 0.390625
1 0.5015625 0.4859375 0.184375 0.390625
0 0.409375 0.4203125 0.390625 0.390625
1 0.51484375 0.5046875 0.1203125 0.390625
1 0.559375 0.22265625 0.390625 0.1859375
1 0.56328125 0.1953125 0.2046875 0.390625
0 0.4875 0.1953125 0.390625 0.390625
1 0.4875 0.2484375 0.15625 0.390625
1 0.45859375 0.51875 0.1453125 0.390625
0 0.4125 0.6359375 0.390625 0.390625
0 0.5578125 0.290625 0.390625 0.390625
1 0.52734375 0.6296875 0.1453125 0.390625
1 0.50703125 0.2828125 0.1234375 0.390625
1 0.5078125 0.2875 0.390625 0.228125
0 0.4046875 0.4921875 0.390625 0.390625
1 0.55625 0.16171875 0.390625 0.1828125
1 0.68671875 0.3125 0.2265625 0.390625
1 0.478125 0.35703125 0.390625 0.1328125
1 0.68515625 0.45625 0.2578125 0.390625
1 0.57734375 0.5296875 0.2046875 0.390625
1 0.1140625 0.7171875 0.1375 0.390625
1 0.52734375 0.5296875 0.1484375 0.390625
1 0.47109375 0.690625 0.1515625 0.390625
1 0.57421875 0.1953125 0.1484375 0.390625
1 0.528125 0.21875 0.221875 0.390625
0 0.49375 0.1953125 0.390625 0.390625
1 0.54140625 0.7984375 0.1453125 0.390625
1 0.496875 0.21640625 0.390625 0.1390625
1 0.359375 0.5078125 0.125 0.390625
0 0.6109375 0.59375 0.390625 0.390625
0 0.634375 0.4109375 0.390625 0.390625
1 0.5328125 0.31484375 0.390625 0.1296875
0 0.4984375 0.31875 0.390625 0.390625
0 0.4390625 0.5390625 0.390625 0.390625
1 0.4171875 0.5671875 0.265625 0.390625
1 0.303125 0.55703125 0.390625 0.2390625
1 0.615625 0.390625 0.390625 0.25625
0 0.546875 0.246875 0.390625 0.390625
0 0.484375 0.4421875 0.390625 0.390625
0 0.628125 0.4375 0.390625 0.390625
1 0.5171875 0.1046875 0.390625 0.209375
1 0.571875 0.3359375 0.390625 0.234375
1 0.6125 0.18125 0.390625 0.13125
0 0.5484375 0.35 0.390625 0.390625
0 0.425 0.6375 0.390625 0.390625
1 0.53125 0.2875 0.24375 0.390625
0 0.66875 0.390625 0.390625 0.390625
0 0.571875 0.3421875 0.390625 0.390625