1 0.5671875 0.7671875 0.390625 0.209375
1 0.83984375 0.771875 0.1859375 0.390625
0 0.2640625 0.203125 0.390625 0.390625
0 0.6375 0.29375 0.390625 0.390625
1 0.609375 0.259375 0.26875 0.390625
1 0.4203125 0.4953125 0.153125 0.390625
0 0.246875 0.2046875 0.390625 0.390625
1 0.62421875 0.31875 0.2234375 0.390625
0 0.59375 0.6390625 0.390625 0.390625
1 0.2984375 0.78046875 0.390625 0.2421875
0 0.39375 0.753125 0.390625 0.390625
0 0.246875 0.3265625 0.390625 0.390625
1 0.253125 0.74453125 0.390625 0.2453125
1 0.3671875 0.2921875 0.390625 0.2
0 0.478125 0.609375 0.390625 0.390625