0 0.2640625 0.60625 0.390625 0.390625
0 0.596875 0.7140625 0.390625 0.390625
0 0.725 0.3328125 0.390625 0.390625
1 0.2625 0.21328125 0.390625 0.2140625
0 0.5265625 0.625 0.390625 0.390625
0 0.75 0.3765625 0.390625 0.390625
1 0.434375 0.57265625 0.390625 0.2703125
1 0.6890625 0.6515625 0.390625 0.21875
1 0.2265625 0.62421875 0.390625 0.1921875
0 0.69375 0.696875 0.390625 0.390625
0 0.2640625 0.659375 0.390625 0.390625
0 0.6640625 0.3234375 0.390625 0.390625
0 0.78125 0.36875 0.390625 0.390625
0 0.7046875 0.39375 0.390625 0.390625
1 0.76171875 0.36875 0.2296875 0.390625