1 0.83984375 0.371875 0.2484375 0.390625
1 0.6125 0.303125 0.390625 0.2375
0 0.2546875 0.3296875 0.390625 0.390625
1 0.6671875 0.47109375 0.390625 0.1328125
1 0.796875 0.1671875 0.390625 0.271875
1 0.4609375 0.8359375 0.390625 0.19375
0 0.621875 0.3421875 0.390625 0.390625
1 0.490625 0.25625 0.25 0.390625
0 0.665625 0.696875 0.390625 0.390625
1 0.3578125 0.6 0.203125 0.390625
0 0.590625 0.309375 0.390625 0.390625
1 0.75078125 0.76875 0.1390625 0.390625
0 0.4078125 0.284375 0.390625 0.390625
0 0.55 0.296875 0.390625 0.390625
1 0.5703125 0.221875 0.165625 0.390625