1 0.3859375 0.321875 0.390625 0.196875
0 0.3671875 0.4578125 0.390625 0.390625
1 0.15 0.7484375 0.225 0.390625
0 0.228125 0.6578125 0.390625 0.390625
1 0.46640625 0.25 0.2640625 0.390625
0 0.2953125 0.7859375 0.390625 0.390625
1 0.1953125 0.8640625 0.390625 0.153125
0 0.234375 0.3328125 0.390625 0.390625
1 0.48125 0.2890625 0.15625 0.390625
1 0.13828125 0.2953125 0.1921875 0.390625
0 0.196875 0.753125 0.390625 0.390625
0 0.284375 0.8046875 0.390625 0.390625
0 0.590625 0.6515625 0.390625 0.390625
0 0.4953125 0.3578125 0.390625 0.390625
0 0.2109375 0.7140625 0.390625 0.390625
1 0.4828125 0.425 0.390625 0.16875
0 0.359375 0.728125 0.390625 0.390625
1 0.3078125 0.4359375 0.390625 0.26875
1 0.2984375 0.840625 0.390625 0.25
0 0.1953125 0.684375 0.390625 0.390625
0 0.2703125 0.278125 0.390625 0.390625
1 0.38203125 0.4484375 0.2015625 0.390625
0 0.4859375 0.3421875 0.390625 0.390625
1 0.5203125 0.4875 0.390625 0.11875
1 0.6375 0.79296875 0.390625 0.2203125
1 0.40859375 0.38125 0.1359375 0.390625
1 0.1953125 0.6359375 0.390625 0.253125
0 0.4203125 0.3625 0.390625 0.390625
1 0.375 0.41484375 0.390625 0.1828125
1 0.41875 0.134375 0.390625 0.2375
1 0.1953125 0.6765625 0.390625 0.15
1 0.30390625 0.484375 0.1421875 0.390625
1 0.4421875 0.33125 0.1375 0.390625
0 0.409375 0.3765625 0.390625 0.390625
0 0.3296875 0.575 0.390625 0.390625
1 0.49453125 0.3046875 0.1578125 0.390625
0 0.265625 0.7640625 0.390625 0.390625
0 0.74375 0.7265625 0.390625 0.390625
1 0.340625 0.6203125 0.390625 0.234375
1 0.53125 0.42265625 0.390625 0.2484375
0 0.4390625 0.3515625 0.390625 0.390625
0 0.25625 0.7484375 0.390625 0.390625
1 0.18125 0.8015625 0.228125 0.390625
0 0.246875 0.6875 0.390625 0.390625
1 0.203125 0.765625 0.25625 0.390625
1 0.35625 0.76640625 0.390625 0.1328125
1 0.4015625 0.309375 0.184375 0.390625
0 0.46875 0.321875 0.390625 0.390625
1 0.459375 0.53828125 0.390625 0.1390625
0 0.3140625 0.75 0.390625 0.390625