1 0.17578125 0.2828125 0.1734375 0.390625
1 0.61484375 0.3421875 0.1984375 0.390625
0 0.475 0.5625 0.390625 0.390625
0 0.65 0.4359375 0.390625 0.390625
0 0.671875 0.5578125 0.390625 0.390625
1 0.6 0.41875 0.390625 0.25625
1 0.4078125 0.8515625 0.390625 0.165625
1 0.6375 0.5515625 0.171875 0.390625
0 0.3046875 0.3734375 0.390625 0.390625
1 0.3921875 0.196875 0.18125 0.390625
1 0.375 0.46015625 0.390625 0.1859375
0 0.7578125 0.375 0.390625 0.390625
0 0.265625 0.778125 0.390625 0.390625
0 0.321875 0.6453125 0.390625 0.390625
1 0.47578125 0.3734375 0.1984375 0.390625