1 0.2609375 0.5703125 0.390625 0.153125
0 0.434375 0.371875 0.390625 0.390625
1 0.78984375 0.7203125 0.1203125 0.390625
1 0.659375 0.8125 0.390625 0.1875
1 0.7671875 0.88359375 0.390625 0.1703125
0 0.2390625 0.1984375 0.390625 0.390625
0 0.4859375 0.415625 0.390625 0.390625
1 0.6703125 0.29140625 0.390625 0.1765625
1 0.54609375 0.2390625 0.2140625 0.390625
0 0.7859375 0.7 0.390625 0.390625
0 0.38125 0.35625 0.390625 0.390625
1 0.68125 0.5234375 0.13125 0.390625
0 0.703125 0.5734375 0.390625 0.390625
0 0.2265625 0.790625 0.390625 0.390625
0 0.3390625 0.2859375 0.390625 0.390625