0 0.61875 0.65 0.390625 0.390625
1 0.325 0.38984375 0.390625 0.2578125
0 0.640625 0.6453125 0.390625 0.390625
0 0.6296875 0.7859375 0.390625 0.390625
1 0.3671875 0.6203125 0.259375 0.390625
1 0.503125 0.4796875 0.390625 0.14375
1 0.546875 0.43671875 0.390625 0.2515625
0 0.478125 0.6859375 0.390625 0.390625
1 0.6375 0.13125 0.390625 0.165625
0 0.7640625 0.5078125 0.390625 0.390625
1 0.3140625 0.65625 0.390625 0.209375
1 0.27421875 0.803125 0.2390625 0.390625
1 0.79765625 0.4625 0.2265625 0.390625
1 0.88671875 0.5921875 0.1421875 0.390625
1 0.65625 0.534375 0.390625 0.25