1 0.2796875 0.5890625 0.390625 0.228125
0 0.4671875 0.671875 0.390625 0.390625
0 0.2984375 0.7515625 0.390625 0.390625
0 0.41875 0.65625 0.390625 0.390625
1 0.6703125 0.1015625 0.390625 0.203125
0 0.3390625 0.6921875 0.390625 0.390625
1 0.29375 0.53515625 0.390625 0.2640625
0 0.6390625 0.5171875 0.390625 0.390625
0 0.6296875 0.5 0.390625 0.390625
1 0.5296875 0.5546875 0.125 0.390625
0 0.346875 0.721875 0.390625 0.390625
1 0.3234375 0.8921875 0.390625 0.13125
1 0.6296875 0.403125 0.19375 0.390625
0 0.2859375 0.7234375 0.390625 0.390625
0 0.5546875 0.5375 0.390625 0.390625
0 0.3328125 0.6390625 0.390625 0.390625
0 0.575 0.5828125 0.390625 0.390625
0 0.3296875 0.6625 0.390625 0.390625
1 0.66953125 0.203125 0.2078125 0.390625
0 0.68125 0.1953125 0.390625 0.390625
1 0.7625 0.8875 0.390625 0.184375
0 0.5828125 0.7875 0.390625 0.390625
1 0.64375 0.52578125 0.390625 0.1765625
0 0.6796875 0.478125 0.390625 0.390625
1 0.60859375 0.1953125 0.1953125 0.390625
0 0.721875 0.2765625 0.390625 0.390625
1 0.3921875 0.7203125 0.390625 0.1625
1 0.4125 0.16640625 0.390625 0.1828125
1 0.49765625 0.6296875 0.2453125 0.390625
1 0.68359375 0.2171875 0.1328125 0.390625
1 0.6921875 0.50859375 0.390625 0.1453125
1 0.5375 0.4625 0.390625 0.265625
1 0.4390625 0.6203125 0.390625 0.165625
0 0.334375 0.7640625 0.390625 0.390625
0 0.58125 0.7703125 0.390625 0.390625
0 0.58125 0.2265625 0.390625 0.390625
1 0.4109375 0.6703125 0.390625 0.24375
1 0.396875 0.57578125 0.390625 0.1734375
1 0.4171875 0.475 0.390625 0.26875
1 0.571875 0.68359375 0.390625 0.1671875
0 0.6640625 0.2515625 0.390625 0.390625
1 0.42265625 0.7765625 0.2546875 0.390625
1 0.328125 0.58515625 0.390625 0.2203125
0 0.39375 0.7484375 0.390625 0.390625
1 0.621875 0.22578125 0.390625 0.2578125
1 0.459375 0.5890625 0.390625 0.203125
1 0.553125 0.2828125 0.128125 0.390625
0 0.45625 0.6 0.390625 0.390625
1 0.371875 0.5375 0.228125 0.390625
0 0.3640625 0.8046875 0.390625 0.390625