1 0.32421875 0.51875 0.2171875 0.390625
1 0.86640625 0.425 0.2671875 0.390625
1 0.46875 0.64375 0.203125 0.390625
0 0.1953125 0.1953125 0.390625 0.390625
0 0.7578125 0.7984375 0.390625 0.390625
1 0.221875 0.24375 0.159375 0.390625
0 0.6625 0.79375 0.390625 0.390625
1 0.5171875 0.5453125 0.390625 0.11875
0 0.4453125 0.6453125 0.390625 0.390625
0 0.7203125 0.8046875 0.390625 0.390625
0 0.234375 0.2171875 0.390625 0.390625
1 0.3109375 0.67421875 0.390625 0.2703125
1 0.7453125 0.45703125 0.390625 0.1859375
1 0.7609375 0.81875 0.390625 0.11875
1 0.6734375 0.8078125 0.390625 0.184375
0 0.1953125 0.1953125 0.390625 0.390625
1 0.590625 0.7859375 0.18125 0.390625
0 0.490625 0.5140625 0.390625 0.390625
0 0.1953125 0.284375 0.390625 0.390625
1 0.31875 0.73359375 0.390625 0.1578125
1 0.75390625 0.34375 0.1328125 0.390625
1 0.1953125 0.2546875 0.390625 0.246875
0 0.278125 0.1953125 0.390625 0.390625
0 0.8046875 0.3609375 0.390625 0.390625
0 0.75 0.259375 0.390625 0.390625
1 0.1359375 0.1953125 0.134375 0.390625
0 0.784375 0.3515625 0.390625 0.390625
1 0.4015625 0.67890625 0.390625 0.2671875
1 0.1953125 0.2671875 0.390625 0.23125
1 0.28515625 0.1953125 0.1828125 0.390625
0 0.1953125 0.259375 0.390625 0.390625
1 0.36796875 0.5125 0.1984375 0.390625
1 0.6671875 0.7203125 0.146875 0.390625
0 0.1953125 0.1953125 0.390625 0.390625
1 0.203125 0.22578125 0.390625 0.1296875
1 0.19296875 0.215625 0.2640625 0.390625
1 0.70078125 0.7484375 0.2484375 0.390625
1 0.13125 0.625 0.253125 0.390625
0 0.1953125 0.1953125 0.390625 0.390625
0 0.8046875 0.3421875 0.390625 0.390625
0 0.8046875 0.3453125 0.390625 0.390625
1 0.6296875 0.8046875 0.271875 0.390625
1 0.89765625 0.3328125 0.2046875 0.390625
1 0.42421875 0.5328125 0.1265625 0.390625
1 0.2140625 0.2890625 0.390625 0.153125
1 0.6734375 0.65625 0.390625 0.221875
1 0.734375 0.2 0.159375 0.390625
0 0.421875 0.653125 0.390625 0.390625
1 0.7203125 0.371875 0.265625 0.390625
0 0.6125 0.7421875 0.390625 0.390625