0 0.4625 0.3296875 0.390625 0.390625
1 0.4796875 0.61875 0.390625 0.16875
0 0.6015625 0.5890625 0.390625 0.390625
1 0.196875 0.2046875 0.21875 0.390625
1 0.5390625 0.59140625 0.390625 0.1234375
1 0.8046875 0.309375 0.390625 0.1875
0 0.465625 0.3578125 0.390625 0.390625
0 0.5421875 0.5875 0.390625 0.390625
0 0.534375 0.6171875 0.390625 0.390625
1 0.43203125 0.33125 0.2578125 0.390625
1 0.5265625 0.5765625 0.159375 0.390625
1 0.5859375 0.671875 0.390625 0.15625
0 0.4875 0.33125 0.390625 0.390625
1 0.45546875 0.6140625 0.2578125 0.390625
1 0.52265625 0.634375 0.1265625 0.390625
0 0.2671875 0.2328125 0.390625 0.390625
1 0.2828125 0.1953125 0.225 0.390625
0 0.5046875 0.5265625 0.390625 0.390625
1 0.75625 0.6078125 0.165625 0.390625
0 0.6984375 0.2203125 0.390625 0.390625
1 0.60859375 0.378125 0.1421875 0.390625
0 0.4296875 0.3328125 0.390625 0.390625
1 0.7671875 0.1953125 0.1875 0.390625
1 0.8046875 0.3265625 0.390625 0.221875
0 0.2421875 0.4453125 0.390625 0.390625
1 0.54296875 0.60625 0.2640625 0.390625
1 0.515625 0.34375 0.390625 0.134375
1 0.1796875 0.1984375 0.175 0.390625
0 0.771875 0.228125 0.390625 0.390625
1 0.70234375 0.1953125 0.1890625 0.390625
0 0.6109375 0.3375 0.390625 0.390625
1 0.8046875 0.18359375 0.390625 0.1703125
1 0.47265625 0.271875 0.2640625 0.390625
0 0.1953125 0.1953125 0.390625 0.390625
1 0.371875 0.1953125 0.24375 0.390625
0 0.4484375 0.590625 0.390625 0.390625
1 0.609375 0.69375 0.390625 0.153125
0 0.4296875 0.609375 0.390625 0.390625
1 0.2390625 0.615625 0.21875 0.390625
1 0.49921875 0.2953125 0.1203125 0.390625
0 0.1953125 0.303125 0.390625 0.390625
0 0.1953125 0.1953125 0.390625 0.390625
1 0.36875 0.6078125 0.390625 0.234375
1 0.728125 0.8265625 0.390625 0.20625
0 0.5078125 0.403125 0.390625 0.390625
1 0.80703125 0.2296875 0.1546875 0.390625
0 0.5875 0.3953125 0.390625 0.390625
1 0.4640625 0.290625 0.184375 0.390625
0 0.5625 0.365625 0.390625 0.390625
0 0.4859375 0.5140625 0.390625 0.390625