1 0.55 0.25625 0.171875 0.390625
0 0.3078125 0.38125 0.390625 0.390625
1 0.41875 0.3359375 0.1875 0.390625
1 0.58671875 0.1953125 0.2578125 0.390625
0 0.5921875 0.3921875 0.390625 0.390625
0 0.5671875 0.4265625 0.390625 0.390625
0 0.6828125 0.3734375 0.390625 0.390625
0 0.1953125 0.3359375 0.390625 0.390625
1 0.5390625 0.1953125 0.228125 0.390625
1 0.58984375 0.21875 0.1859375 0.390625
1 0.30390625 0.284375 0.2328125 0.390625
0 0.4796875 0.253125 0.390625 0.390625
1 0.6328125 0.31953125 0.390625 0.1703125
0 0.6453125 0.3828125 0.390625 0.390625
1 0.5515625 0.29375 0.134375 0.390625
0 0.34375 0.34375 0.390625 0.390625
0 0.1953125 0.38125 0.390625 0.390625
1 0.490625 0.3109375 0.390625 0.2625
1 0.5875 0.1953125 0.14375 0.390625
1 0.7921875 0.4078125 0.153125 0.390625
1 0.6171875 0.16953125 0.390625 0.2359375
0 0.43125 0.3390625 0.390625 0.390625
0 0.6359375 0.721875 0.390625 0.390625
1 0.546875 0.12265625 0.390625 0.1265625
1 0.5328125 0.128125 0.390625 0.253125
1 0.575 0.4796875 0.390625 0.221875
1 0.53359375 0.1953125 0.2265625 0.390625
0 0.5484375 0.465625 0.390625 0.390625
1 0.5390625 0.140625 0.390625 0.221875
0 0.4703125 0.6390625 0.390625 0.390625
0 0.5359375 0.634375 0.390625 0.390625
0 0.2390625 0.3453125 0.390625 0.390625
0 0.5921875 0.375 0.390625 0.390625
0 0.515625 0.5328125 0.390625 0.390625
1 0.38671875 0.271875 0.2453125 0.390625
1 0.20234375 0.3890625 0.1546875 0.390625
0 0.503125 0.3109375 0.390625 0.390625
0 0.553125 0.196875 0.390625 0.390625
1 0.25703125 0.4 0.1890625 0.390625
0 0.5375 0.275 0.390625 0.390625
0 0.4703125 0.1953125 0.390625 0.390625
1 0.1953125 0.3359375 0.390625 0.19375
0 0.603125 0.221875 0.390625 0.390625
1 0.35859375 0.346875 0.1546875 0.390625
0 0.2953125 0.7578125 0.390625 0.390625
0 0.640625 0.434375 0.390625 0.390625
1 0.2890625 0.38125 0.23125 0.390625
0 0.2125 0.3671875 0.390625 0.390625
1 0.1890625 0.3 0.15 0.390625
0 0.4359375 0.715625 0.390625 0.390625