1 0.28828125 0.2421875 0.2078125 0.390625
1 0.1375 0.45 0.184375 0.390625
0 0.3921875 0.3546875 0.390625 0.390625
1 0.5453125 0.259375 0.390625 0.240625
1 0.328125 0.40625 0.390625 0.221875
1 0.496875 0.490625 0.390625 0.175
0 0.234375 0.4203125 0.390625 0.390625
1 0.4328125 0.37109375 0.390625 0.1296875
0 0.253125 0.79375 0.390625 0.390625
0 0.646875 0.2890625 0.390625 0.390625
0 0.5734375 0.2171875 0.390625 0.390625
1 0.796875 0.365625 0.15625 0.390625
1 0.73359375 0.6125 0.1328125 0.390625
0 0.3078125 0.309375 0.390625 0.390625
1 0.3078125 0.4609375 0.20625 0.390625