1 0.5 0.3546875 0.390625 0.13125
0 0.671875 0.271875 0.390625 0.390625
0 0.7 0.2875 0.390625 0.390625
1 0.66171875 0.23125 0.1890625 0.390625
1 0.3359375 0.465625 0.19375 0.390625
0 0.5234375 0.4890625 0.390625 0.390625
0 0.69375 0.1953125 0.390625 0.390625
1 0.38046875 0.371875 0.1546875 0.390625
0 0.6875 0.3609375 0.390625 0.390625
1 0.6015625 0.22734375 0.390625 0.2703125
0 0.3015625 0.528125 0.390625 0.390625
0 0.334375 0.478125 0.390625 0.390625
1 0.08671875 0.7921875 0.1453125 0.390625
1 0.6421875 0.3234375 0.225 0.390625
0 0.6953125 0.1953125 0.390625 0.390625
0 0.540625 0.3734375 0.390625 0.390625
0 0.4578125 0.4484375 0.390625 0.390625
0 0.6109375 0.315625 0.390625 0.390625
1 0.65 0.3390625 0.390625 0.2
0 0.7515625 0.303125 0.390625 0.390625
0 0.6015625 0.3125 0.390625 0.390625
1 0.628125 0.3375 0.24375 0.390625
0 0.4296875 0.53125 0.390625 0.390625
0 0.70625 0.1953125 0.390625 0.390625
0 0.5796875 0.303125 0.390625 0.390625
1 0.7 0.3515625 0.234375 0.390625
0 0.340625 0.4125 0.390625 0.390625
0 0.621875 0.359375 0.390625 0.390625
0 0.39375 0.34375 0.390625 0.390625
1 0.35625 0.4296875 0.228125 0.390625
1 0.33203125 0.396875 0.1296875 0.390625
0 0.740625 0.38125 0.390625 0.390625
0 0.625 0.3265625 0.390625 0.390625
1 0.65625 0.3265625 0.2125 0.390625
0 0.65 0.240625 0.390625 0.390625
1 0.37578125 0.378125 0.1234375 0.390625
0 0.715625 0.1953125 0.390625 0.390625
0 0.4421875 0.3109375 0.390625 0.390625
1 0.6 0.11015625 0.390625 0.1234375
0 0.4390625 0.240625 0.390625 0.390625
1 0.6765625 0.1953125 0.265625 0.390625
1 0.66171875 0.1953125 0.1453125 0.390625
0 0.33125 0.46875 0.390625 0.390625
1 0.8578125 0.475 0.225 0.390625
0 0.603125 0.1953125 0.390625 0.390625
1 0.446875 0.7265625 0.390625 0.1375
1 0.65703125 0.321875 0.1640625 0.390625
0 0.3546875 0.3875 0.390625 0.390625
1 0.76875 0.24296875 0.390625 0.2609375
0 0.65625 0.2953125 0.390625 0.390625