0 0.6078125 0.4046875 0.390625 0.390625
0 0.6375 0.7359375 0.390625 0.390625
0 0.3703125 0.409375 0.390625 0.390625
0 0.434375 0.2640625 0.390625 0.390625
1 0.8046875 0.790625 0.390625 0.175
0 0.7375 0.746875 0.390625 0.390625
0 0.778125 0.428125 0.390625 0.390625
1 0.5734375 0.5703125 0.390625 0.25
0 0.59375 0.4078125 0.390625 0.390625
1 0.5859375 0.4234375 0.390625 0.259375
1 0.525 0.484375 0.19375 0.390625
1 0.6796875 0.36640625 0.390625 0.1328125
1 0.6640625 0.79296875 0.390625 0.1953125
1 0.7265625 0.50859375 0.390625 0.2453125
1 0.68984375 0.728125 0.1671875 0.390625
1 0.509375 0.42890625 0.390625 0.2046875
1 0.734375 0.421875 0.271875 0.390625
1 0.6671875 0.8984375 0.390625 0.203125
1 0.565625 0.159375 0.390625 0.2125
1 0.8046875 0.428125 0.390625 0.203125
0 0.7734375 0.7796875 0.390625 0.390625
1 0.6796875 0.834375 0.390625 0.159375
0 0.8046875 0.5359375 0.390625 0.390625
1 0.6015625 0.428125 0.271875 0.390625
1 0.88125 0.4828125 0.2375 0.390625
1 0.515625 0.475 0.2125 0.390625
0 0.8046875 0.496875 0.390625 0.390625
0 0.8046875 0.4796875 0.390625 0.390625
0 0.7203125 0.5109375 0.390625 0.390625
1 0.7890625 0.534375 0.390625 0.23125
0 0.725 0.4015625 0.390625 0.390625
0 0.5296875 0.44375 0.390625 0.390625
1 0.521875 0.40625 0.24375 0.390625
1 0.6765625 0.36796875 0.390625 0.1609375
0 0.728125 0.753125 0.390625 0.390625
0 0.6625 0.43125 0.390625 0.390625
1 0.36875 0.3546875 0.390625 0.25
1 0.8046875 0.4453125 0.390625 0.215625
0 0.8046875 0.428125 0.390625 0.390625
1 0.7640625 0.403125 0.240625 0.390625
1 0.74765625 0.7625 0.1515625 0.390625
0 0.6375 0.4078125 0.390625 0.390625
0 0.7515625 0.6765625 0.390625 0.390625
0 0.6984375 0.784375 0.390625 0.390625
1 0.4765625 0.42578125 0.390625 0.1734375
1 0.6140625 0.4828125 0.390625 0.271875
0 0.8046875 0.4765625 0.390625 0.390625
0 0.7796875 0.5953125 0.390625 0.390625
0 0.8046875 0.403125 0.390625 0.390625
1 0.609375 0.37265625 0.390625 0.1953125