0 0.5515625 0.2484375 0.390625 0.390625
1 0.465625 0.7375 0.390625 0.26875
1 0.4078125 0.8359375 0.390625 0.26875
0 0.4953125 0.259375 0.390625 0.390625
1 0.453125 0.55 0.25 0.390625
0 0.2484375 0.2171875 0.390625 0.390625
1 0.16953125 0.540625 0.2265625 0.390625
1 0.70703125 0.7625 0.2203125 0.390625
0 0.315625 0.565625 0.390625 0.390625
1 0.4546875 0.38046875 0.390625 0.1484375
0 0.565625 0.2140625 0.390625 0.390625
1 0.1265625 0.5265625 0.24375 0.390625
1 0.596875 0.184375 0.390625 0.265625
1 0.8328125 0.1984375 0.121875 0.390625
0 0.76875 0.690625 0.390625 0.390625