1 0.509375 0.40625 0.234375 0.390625
0 0.38125 0.2875 0.390625 0.390625
0 0.6453125 0.5421875 0.390625 0.390625
1 0.7 0.23359375 0.390625 0.1859375
0 0.4046875 0.4015625 0.390625 0.390625
0 0.2609375 0.3546875 0.390625 0.390625
1 0.6203125 0.24375 0.171875 0.390625
1 0.675 0.11875 0.390625 0.190625
0 0.6 0.4078125 0.390625 0.390625
0 0.3953125 0.375 0.390625 0.390625
1 0.47890625 0.4484375 0.2359375 0.390625
0 0.5453125 0.765625 0.390625 0.390625
1 0.9015625 0.753125 0.14375 0.390625
1 0.73125 0.88671875 0.390625 0.2171875
0 0.6703125 0.2109375 0.390625 0.390625