1 0.1390625 0.6890625 0.259375 0.390625
1 0.3765625 0.675 0.153125 0.390625
1 0.3734375 0.8 0.225 0.390625
0 0.484375 0.5 0.390625 0.390625
0 0.3578125 0.7984375 0.390625 0.390625
1 0.5578125 0.7109375 0.18125 0.390625
1 0.41875 0.8046875 0.1625 0.390625
0 0.61875 0.51875 0.390625 0.390625
1 0.2921875 0.759375 0.175 0.390625
1 0.4421875 0.7140625 0.390625 0.153125
0 0.3046875 0.521875 0.390625 0.390625
1 0.3484375 0.7640625 0.1625 0.390625
0 0.559375 0.446875 0.390625 0.390625
1 0.4671875 0.6984375 0.265625 0.390625
1 0.615625 0.62734375 0.390625 0.2421875
1 0.2890625 0.78203125 0.390625 0.2296875
0 0.1953125 0.590625 0.390625 0.390625
0 0.3125 0.7828125 0.390625 0.390625
1 0.51796875 0.5390625 0.2671875 0.390625
1 0.57734375 0.475 0.1296875 0.390625
0 0.25 0.73125 0.390625 0.390625
1 0.46484375 0.721875 0.1796875 0.390625
0 0.5796875 0.528125 0.390625 0.390625
0 0.384375 0.7953125 0.390625 0.390625
0 0.46875 0.8046875 0.390625 0.390625
1 0.34296875 0.2828125 0.2046875 0.390625
0 0.365625 0.728125 0.390625 0.390625
0 0.6828125 0.421875 0.390625 0.390625
0 0.6671875 0.440625 0.390625 0.390625
1 0.3609375 0.6703125 0.26875 0.390625
0 0.2390625 0.465625 0.390625 0.390625
1 0.36640625 0.7984375 0.2234375 0.390625
0 0.571875 0.5453125 0.390625 0.390625
1 0.46875 0.678125 0.390625 0.215625
1 0.3140625 0.79375 0.1875 0.390625
0 0.4515625 0.6640625 0.390625 0.390625
0 0.6859375 0.4640625 0.390625 0.390625
0 0.425 0.734375 0.390625 0.390625
1 0.440625 0.740625 0.390625 0.234375
1 0.596875 0.4609375 0.390625 0.2
0 0.41875 0.5828125 0.390625 0.390625
0 0.665625 0.4171875 0.390625 0.390625
1 0.4859375 0.4796875 0.390625 0.203125
0 0.665625 0.5078125 0.390625 0.390625
0 0.4125 0.7875 0.390625 0.390625
1 0.51953125 0.6296875 0.1328125 0.390625
1 0.375 0.4578125 0.390625 0.215625
1 0.21953125 0.521875 0.1640625 0.390625
1 0.3265625 0.775 0.271875 0.390625
0 0.3578125 0.7375 0.390625 0.390625