1 0.38046875 0.5859375 0.2109375 0.390625
1 0.640625 0.61875 0.1375 0.390625
0 0.2265625 0.61875 0.390625 0.390625
1 0.69921875 0.3203125 0.1453125 0.390625
0 0.534375 0.2046875 0.390625 0.390625
0 0.6390625 0.2796875 0.390625 0.390625
0 0.2125 0.3359375 0.390625 0.390625
0 0.425 0.371875 0.390625 0.390625
0 0.5109375 0.48125 0.390625 0.390625
1 0.35546875 0.334375 0.2265625 0.390625
0 0.503125 0.465625 0.390625 0.390625
1 0.6515625 0.2015625 0.271875 0.390625
1 0.41875 0.7234375 0.203125 0.390625
0 0.4875 0.6875 0.390625 0.390625
0 0.3015625 0.2703125 0.390625 0.390625