1 0.565625 0.7859375 0.140625 0.390625
1 0.2734375 0.56875 0.390625 0.203125
1 0.81328125 0.51875 0.2515625 0.390625
1 0.5125 0.85703125 0.390625 0.1359375
0 0.7296875 0.4796875 0.390625 0.390625
0 0.3390625 0.5890625 0.390625 0.390625
0 0.6734375 0.35 0.390625 0.390625
1 0.8046875 0.5984375 0.390625 0.184375
1 0.4 0.4625 0.390625 0.21875
0 0.4421875 0.8046875 0.390625 0.390625
1 0.30859375 0.6828125 0.2203125 0.390625
1 0.6234375 0.74375 0.390625 0.140625
0 0.8046875 0.653125 0.390625 0.390625
0 0.6375 0.653125 0.390625 0.390625
1 0.41640625 0.740625 0.1703125 0.390625
0 0.3921875 0.5890625 0.390625 0.390625
1 0.85078125 0.7453125 0.1984375 0.390625
1 0.7453125 0.5828125 0.171875 0.390625
0 0.8046875 0.5140625 0.390625 0.390625
0 0.8046875 0.6765625 0.390625 0.390625
1 0.46875 0.2671875 0.125 0.390625
0 0.284375 0.68125 0.390625 0.390625
0 0.3328125 0.740625 0.390625 0.390625
1 0.409375 0.56953125 0.390625 0.2046875
1 0.359375 0.528125 0.390625 0.259375
0 0.628125 0.76875 0.390625 0.390625
1 0.3796875 0.7046875 0.140625 0.390625
0 0.7390625 0.528125 0.390625 0.390625
1 0.2609375 0.565625 0.390625 0.159375
1 0.575 0.309375 0.390625 0.246875
1 0.4140625 0.86875 0.390625 0.140625
1 0.74140625 0.6484375 0.2421875 0.390625
0 0.7796875 0.609375 0.390625 0.390625
0 0.596875 0.7828125 0.390625 0.390625
0 0.5953125 0.765625 0.390625 0.390625
0 0.3546875 0.6046875 0.390625 0.390625
0 0.5 0.7453125 0.390625 0.390625
0 0.521875 0.8015625 0.390625 0.390625
0 0.7578125 0.63125 0.390625 0.390625
0 0.4328125 0.7375 0.390625 0.390625
0 0.5890625 0.8046875 0.390625 0.390625
1 0.83046875 0.3203125 0.2484375 0.390625
1 0.3984375 0.87890625 0.390625 0.2296875
0 0.6453125 0.5578125 0.390625 0.390625
1 0.0828125 0.23125 0.1625 0.390625
1 0.790625 0.6359375 0.390625 0.23125
1 0.5859375 0.79140625 0.390625 0.1421875
0 0.303125 0.6640625 0.390625 0.390625
0 0.41875 0.759375 0.390625 0.390625
0 0.8046875 0.546875 0.390625 0.390625