1 0.90625 0.8046875 0.1375 0.390625
0 0.534375 0.4015625 0.390625 0.390625
0 0.44375 0.8046875 0.390625 0.390625
1 0.603125 0.2328125 0.390625 0.209375
1 0.7265625 0.75703125 0.390625 0.2078125
1 0.8609375 0.5671875 0.246875 0.390625
0 0.5 0.8046875 0.390625 0.390625
0 0.5078125 0.4140625 0.390625 0.390625
1 0.83515625 0.621875 0.2640625 0.390625
0 0.5890625 0.3203125 0.390625 0.390625
0 0.59375 0.3921875 0.390625 0.390625
0 0.603125 0.3109375 0.390625 0.390625
0 0.725 0.75625 0.390625 0.390625
0 0.5296875 0.7109375 0.390625 0.390625
0 0.5640625 0.3953125 0.390625 0.390625
0 0.8046875 0.775 0.390625 0.390625
1 0.77734375 0.7640625 0.1484375 0.390625
0 0.5734375 0.446875 0.390625 0.390625
0 0.5625 0.65625 0.390625 0.390625
0 0.790625 0.684375 0.390625 0.390625
0 0.3265625 0.43125 0.390625 0.390625
0 0.7875 0.7484375 0.390625 0.390625
1 0.5171875 0.68828125 0.390625 0.2640625
1 0.671875 0.7078125 0.209375 0.390625
1 0.68359375 0.7078125 0.2671875 0.390625
1 0.409375 0.6703125 0.390625 0.228125
1 0.7078125 0.52578125 0.390625 0.2296875
1 0.8046875 0.7703125 0.390625 0.23125
1 0.6890625 0.61015625 0.390625 0.2140625
0 0.8046875 0.6359375 0.390625 0.390625
0 0.7640625 0.5703125 0.390625 0.390625
0 0.215625 0.6796875 0.390625 0.390625
0 0.7390625 0.6359375 0.390625 0.390625
0 0.5203125 0.6875 0.390625 0.390625
0 0.6921875 0.3671875 0.390625 0.390625
0 0.7109375 0.7515625 0.390625 0.390625
1 0.73203125 0.7015625 0.1859375 0.390625
1 0.56875 0.65859375 0.390625 0.1328125
0 0.503125 0.3703125 0.390625 0.390625
0 0.653125 0.3640625 0.390625 0.390625
1 0.57109375 0.50625 0.1984375 0.390625
0 0.7390625 0.6921875 0.390625 0.390625
0 0.4546875 0.75 0.390625 0.390625
0 0.6125 0.45625 0.390625 0.390625
1 0.7453125 0.7375 0.21875 0.390625
0 0.7578125 0.646875 0.390625 0.390625
1 0.60234375 0.4625 0.1578125 0.390625
1 0.8125 0.596875 0.15 0.390625
0 0.496875 0.7921875 0.390625 0.390625
1 0.73046875 0.7734375 0.1484375 0.390625