1 0.7921875 0.303125 0.203125 0.390625
0 0.73125 0.2515625 0.390625 0.390625
0 0.1953125 0.35625 0.390625 0.390625
0 0.8046875 0.346875 0.390625 0.390625
0 0.7015625 0.2796875 0.390625 0.390625
1 0.5734375 0.775 0.390625 0.1625
1 0.1953125 0.471875 0.390625 0.265625
0 0.1953125 0.415625 0.390625 0.390625
1 0.221875 0.34140625 0.390625 0.2515625
1 0.3828125 0.496875 0.21875 0.390625
1 0.103125 0.4109375 0.20625 0.390625
0 0.7921875 0.23125 0.390625 0.390625
1 0.3796875 0.596875 0.390625 0.23125
1 0.1859375 0.41875 0.18125 0.390625
1 0.1953125 0.48515625 0.390625 0.2578125
0 0.7421875 0.2796875 0.390625 0.390625
1 0.2515625 0.46171875 0.390625 0.2046875
0 0.3 0.70625 0.390625 0.390625
1 0.3125 0.6203125 0.390625 0.24375
0 0.2546875 0.4046875 0.390625 0.390625
1 0.6484375 0.41953125 0.390625 0.2453125
0 0.309375 0.625 0.390625 0.390625
0 0.30625 0.3359375 0.390625 0.390625
0 0.8046875 0.3421875 0.390625 0.390625
1 0.4578125 0.30625 0.390625 0.125
0 0.246875 0.2234375 0.390625 0.390625
0 0.440625 0.490625 0.390625 0.390625
0 0.2703125 0.275 0.390625 0.390625
0 0.2171875 0.5328125 0.390625 0.390625
0 0.8046875 0.3296875 0.390625 0.390625
0 0.446875 0.5859375 0.390625 0.390625
1 0.1953125 0.3109375 0.390625 0.20625
0 0.1953125 0.3640625 0.390625 0.390625
1 0.2640625 0.3734375 0.390625 0.20625
1 0.2 0.52421875 0.390625 0.1296875
1 0.3078125 0.5734375 0.271875 0.390625
0 0.784375 0.4 0.390625 0.390625
0 0.375 0.68125 0.390625 0.390625
1 0.6734375 0.2421875 0.196875 0.390625
0 0.53125 0.2875 0.390625 0.390625
0 0.2296875 0.3875 0.390625 0.390625
1 0.7734375 0.2609375 0.390625 0.125
0 0.1953125 0.25625 0.390625 0.390625
0 0.2171875 0.3203125 0.390625 0.390625
0 0.703125 0.3296875 0.390625 0.390625
1 0.346875 0.55390625 0.390625 0.1828125
1 0.13359375 0.31875 0.1515625 0.390625
0 0.7390625 0.453125 0.390625 0.390625
0 0.6953125 0.2390625 0.390625 0.390625
1 0.4015625 0.58203125 0.390625 0.1609375