0 0.6125 0.2109375 0.390625 0.390625
0 0.3046875 0.51875 0.390625 0.390625
1 0.1953125 0.51171875 0.390625 0.1890625
0 0.5625 0.471875 0.390625 0.390625
0 0.271875 0.4640625 0.390625 0.390625
1 0.7515625 0.4140625 0.190625 0.390625
1 0.240625 0.5984375 0.128125 0.390625
1 0.6109375 0.37109375 0.390625 0.2296875
0 0.4859375 0.45625 0.390625 0.390625
1 0.74375 0.259375 0.390625 0.253125
0 0.5296875 0.1953125 0.390625 0.390625
1 0.2640625 0.50625 0.240625 0.390625
0 0.5859375 0.6 0.390625 0.390625
0 0.5171875 0.434375 0.390625 0.390625
1 0.5078125 0.4734375 0.18125 0.390625
0 0.7859375 0.3171875 0.390625 0.390625
1 0.25 0.403125 0.209375 0.390625
0 0.590625 0.30625 0.390625 0.390625
0 0.1953125 0.4515625 0.390625 0.390625
0 0.6390625 0.7015625 0.390625 0.390625
1 0.6046875 0.525 0.390625 0.175
1 0.35546875 0.365625 0.1421875 0.390625
0 0.3921875 0.6625 0.390625 0.390625
1 0.1953125 0.33828125 0.390625 0.2484375
0 0.6203125 0.4109375 0.390625 0.390625
1 0.1421875 0.6484375 0.140625 0.390625
0 0.6421875 0.259375 0.390625 0.390625
0 0.4859375 0.6109375 0.390625 0.390625
1 0.25859375 0.4375 0.1328125 0.390625
0 0.65 0.253125 0.390625 0.390625
1 0.2671875 0.5 0.390625 0.1875
1 0.1953125 0.403125 0.390625 0.234375
1 0.2515625 0.45 0.390625 0.190625
0 0.7 0.2046875 0.390625 0.390625
0 0.8046875 0.3171875 0.390625 0.390625
1 0.1953125 0.49609375 0.390625 0.1859375
1 0.30546875 0.4890625 0.1703125 0.390625
0 0.1953125 0.496875 0.390625 0.390625
0 0.5390625 0.528125 0.390625 0.390625
1 0.7953125 0.37265625 0.390625 0.2359375
1 0.1609375 0.5390625 0.15 0.390625
1 0.6796875 0.6375 0.390625 0.24375
1 0.8046875 0.39140625 0.390625 0.2265625
0 0.696875 0.453125 0.390625 0.390625
0 0.5421875 0.5859375 0.390625 0.390625
1 0.8046875 0.353125 0.390625 0.165625
1 0.69375 0.25 0.390625 0.16875
1 0.5578125 0.60078125 0.390625 0.2296875
0 0.6015625 0.1953125 0.390625 0.390625
1 0.33828125 0.5609375 0.2390625 0.390625