0 0.6609375 0.48125 0.390625 0.390625
1 0.5703125 0.54140625 0.390625 0.2421875
0 0.65 0.490625 0.390625 0.390625
1 0.28125 0.640625 0.390625 0.2125
0 0.71875 0.425 0.390625 0.390625
0 0.6390625 0.63125 0.390625 0.390625
1 0.296875 0.6109375 0.259375 0.390625
1 0.8203125 0.5875 0.175 0.390625
1 0.3328125 0.2859375 0.390625 0.171875
0 0.5875 0.2140625 0.390625 0.390625
1 0.2015625 0.4953125 0.240625 0.390625
0 0.771875 0.5828125 0.390625 0.390625
0 0.384375 0.7859375 0.390625 0.390625
1 0.4046875 0.8609375 0.390625 0.125
0 0.2828125 0.596875 0.390625 0.390625