0 0.4734375 0.3140625 0.390625 0.390625
1 0.46875 0.8796875 0.390625 0.240625
0 0.6359375 0.6515625 0.390625 0.390625
1 0.49609375 0.7734375 0.2265625 0.390625
0 0.5765625 0.6796875 0.390625 0.390625
0 0.6453125 0.6109375 0.390625 0.390625
0 0.48125 0.690625 0.390625 0.390625
1 0.521875 0.6796875 0.259375 0.390625
0 0.690625 0.5484375 0.390625 0.390625
0 0.5015625 0.6953125 0.390625 0.390625
0 0.5421875 0.73125 0.390625 0.390625
0 0.378125 0.76875 0.390625 0.390625
0 0.5 0.8046875 0.390625 0.390625
0 0.66875 0.6921875 0.390625 0.390625
1 0.40703125 0.8 0.2109375 0.390625
0 0.534375 0.8046875 0.390625 0.390625
1 0.88046875 0.3203125 0.2359375 0.390625
1 0.1953125 0.50234375 0.390625 0.2484375
0 0.4140625 0.29375 0.390625 0.390625
0 0.1953125 0.3078125 0.390625 0.390625
1 0.415625 0.8078125 0.390625 0.2125
1 0.5375 0.15390625 0.390625 0.1640625
1 0.55078125 0.64375 0.1703125 0.390625
1 0.5578125 0.53359375 0.390625 0.2640625
1 0.5453125 0.7328125 0.390625 0.1625
0 0.1953125 0.45625 0.390625 0.390625
1 0.17265625 0.54375 0.1234375 0.390625
0 0.74375 0.721875 0.390625 0.390625
0 0.56875 0.653125 0.390625 0.390625
0 0.7921875 0.7890625 0.390625 0.390625
1 0.478125 0.84921875 0.390625 0.2046875
1 0.5046875 0.7609375 0.146875 0.390625
1 0.5234375 0.63671875 0.390625 0.2234375
0 0.8046875 0.640625 0.390625 0.390625
0 0.7015625 0.6671875 0.390625 0.390625
0 0.2421875 0.5625 0.390625 0.390625
1 0.365625 0.78125 0.25 0.390625
0 0.6109375 0.3609375 0.390625 0.390625
1 0.57578125 0.64375 0.2078125 0.390625
1 0.10625 0.55625 0.2125 0.390625
0 0.5265625 0.521875 0.390625 0.390625
0 0.490625 0.70625 0.390625 0.390625
1 0.803125 0.765625 0.390625 0.234375
1 0.1953125 0.528125 0.390625 0.209375
0 0.1953125 0.5453125 0.390625 0.390625
1 0.459375 0.66171875 0.390625 0.2515625
0 0.5765625 0.6390625 0.390625 0.390625
0 0.4734375 0.6375 0.390625 0.390625
0 0.7890625 0.4609375 0.390625 0.390625
1 0.7890625 0.2828125 0.265625 0.390625