0 0.1953125 0.4171875 0.390625 0.390625
0 0.5671875 0.590625 0.390625 0.390625
1 0.8046875 0.58046875 0.390625 0.2015625
1 0.640625 0.8046875 0.234375 0.390625
0 0.7234375 0.7578125 0.390625 0.390625
1 0.5 0.51875 0.390625 0.153125
1 0.315625 0.4203125 0.390625 0.128125
1 0.64375 0.728125 0.16875 0.390625
1 0.6359375 0.7796875 0.390625 0.1625
0 0.571875 0.4796875 0.390625 0.390625
0 0.5375 0.69375 0.390625 0.390625
0 0.6203125 0.8046875 0.390625 0.390625
0 0.3890625 0.4109375 0.390625 0.390625
0 0.575 0.6953125 0.390625 0.390625
1 0.246875 0.3875 0.1375 0.390625
1 0.68359375 0.3140625 0.1203125 0.390625
1 0.4234375 0.3609375 0.390625 0.16875
0 0.2609375 0.4546875 0.390625 0.390625
0 0.796875 0.509375 0.390625 0.390625
0 0.76875 0.746875 0.390625 0.390625
1 0.73984375 0.484375 0.1859375 0.390625
1 0.8046875 0.4453125 0.390625 0.225
1 0.2296875 0.703125 0.390625 0.209375
0 0.8 0.4875 0.390625 0.390625
1 0.53046875 0.4515625 0.1515625 0.390625
1 0.80078125 0.4703125 0.2515625 0.390625
0 0.6171875 0.8046875 0.390625 0.390625
1 0.4984375 0.7828125 0.390625 0.2125
1 0.70625 0.278125 0.2 0.390625
1 0.253125 0.20390625 0.390625 0.2234375
1 0.49765625 0.625 0.2609375 0.390625
1 0.3703125 0.509375 0.2 0.390625
0 0.553125 0.8046875 0.390625 0.390625
0 0.209375 0.4140625 0.390625 0.390625
1 0.490625 0.38203125 0.390625 0.1265625
0 0.2625 0.4203125 0.390625 0.390625
1 0.2296875 0.3625 0.390625 0.1375
1 0.41640625 0.36875 0.1296875 0.390625
0 0.5921875 0.775 0.390625 0.390625
1 0.8359375 0.5140625 0.203125 0.390625
1 0.4234375 0.44453125 0.390625 0.1984375
0 0.1953125 0.428125 0.390625 0.390625
1 0.3859375 0.36015625 0.390625 0.2671875
0 0.7203125 0.7625 0.390625 0.390625
0 0.359375 0.3421875 0.390625 0.390625
1 0.8046875 0.48046875 0.390625 0.2453125
1 0.4296875 0.54609375 0.390625 0.2140625
1 0.6578125 0.4109375 0.2 0.390625
0 0.2578125 0.4796875 0.390625 0.390625
1 0.5265625 0.64375 0.390625 0.2375