0 0.2515625 0.4734375 0.390625 0.390625
0 0.3453125 0.5046875 0.390625 0.390625
0 0.3953125 0.446875 0.390625 0.390625
0 0.50625 0.4203125 0.390625 0.390625
1 0.378125 0.4234375 0.390625 0.153125
0 0.5625 0.615625 0.390625 0.390625
0 0.54375 0.6234375 0.390625 0.390625
1 0.571875 0.6328125 0.390625 0.125
1 0.540625 0.58671875 0.390625 0.1921875
0 0.4625 0.6 0.390625 0.390625
0 0.4515625 0.4953125 0.390625 0.390625
1 0.37109375 0.3609375 0.1796875 0.390625
1 0.284375 0.453125 0.390625 0.228125
1 0.775 0.7390625 0.196875 0.390625
0 0.8046875 0.6734375 0.390625 0.390625
1 0.46328125 0.665625 0.1359375 0.390625
1 0.46484375 0.596875 0.2640625 0.390625
0 0.8046875 0.7375 0.390625 0.390625
0 0.378125 0.3328125 0.390625 0.390625
0 0.2109375 0.496875 0.390625 0.390625
1 0.396875 0.35 0.390625 0.11875
0 0.4875 0.5984375 0.390625 0.390625
0 0.5203125 0.6671875 0.390625 0.390625
0 0.2171875 0.5953125 0.390625 0.390625
0 0.5171875 0.5 0.390625 0.390625
1 0.390625 0.421875 0.18125 0.390625
1 0.78359375 0.64375 0.1859375 0.390625
1 0.4875 0.56171875 0.390625 0.1609375
1 0.23125 0.48046875 0.390625 0.1421875
1 0.378125 0.4125 0.271875 0.390625
1 0.63671875 0.68125 0.2640625 0.390625
1 0.290625 0.478125 0.146875 0.390625
0 0.1953125 0.5703125 0.390625 0.390625
0 0.1953125 0.540625 0.390625 0.390625
0 0.315625 0.3984375 0.390625 0.390625
1 0.1953125 0.53125 0.390625 0.1625
1 0.5328125 0.63359375 0.390625 0.2109375
0 0.7921875 0.7640625 0.390625 0.390625
1 0.90546875 0.7109375 0.1890625 0.390625
0 0.28125 0.3390625 0.390625 0.390625
1 0.57109375 0.5953125 0.2359375 0.390625
1 0.49375 0.70546875 0.390625 0.1828125
0 0.1953125 0.525 0.390625 0.390625
0 0.5671875 0.6828125 0.390625 0.390625
0 0.7 0.6296875 0.390625 0.390625
0 0.2703125 0.4515625 0.390625 0.390625
0 0.528125 0.6625 0.390625 0.390625
0 0.8046875 0.7890625 0.390625 0.390625
1 0.76875 0.6875 0.390625 0.234375
1 0.2421875 0.6125 0.390625 0.196875