0 0.55625 0.45625 0.390625 0.390625
0 0.528125 0.31875 0.390625 0.390625
1 0.6625 0.703125 0.390625 0.2625
0 0.25625 0.4734375 0.390625 0.390625
0 0.3046875 0.5765625 0.390625 0.390625
0 0.428125 0.66875 0.390625 0.390625
0 0.765625 0.2390625 0.390625 0.390625
1 0.60625 0.4625 0.265625 0.390625
0 0.278125 0.3125 0.390625 0.390625
0 0.3578125 0.4015625 0.390625 0.390625
0 0.5546875 0.7234375 0.390625 0.390625
0 0.2046875 0.1984375 0.390625 0.390625
0 0.6203125 0.621875 0.390625 0.390625
0 0.346875 0.2125 0.390625 0.390625
1 0.7171875 0.440625 0.390625 0.13125