0 0.4609375 0.2265625 0.390625 0.390625
1 0.3921875 0.36953125 0.390625 0.1671875
1 0.2203125 0.4359375 0.153125 0.390625
0 0.265625 0.3671875 0.390625 0.390625
1 0.484375 0.4 0.390625 0.271875
0 0.4765625 0.421875 0.390625 0.390625
1 0.2421875 0.37734375 0.390625 0.1828125
0 0.603125 0.51875 0.390625 0.390625
0 0.571875 0.4390625 0.390625 0.390625
1 0.2625 0.4578125 0.2125 0.390625
1 0.33125 0.071875 0.390625 0.125
1 0.16484375 0.3859375 0.1296875 0.390625
0 0.496875 0.4015625 0.390625 0.390625
0 0.70625 0.54375 0.390625 0.390625
0 0.2796875 0.3515625 0.390625 0.390625
0 0.253125 0.3625 0.390625 0.390625
0 0.3234375 0.3578125 0.390625 0.390625
1 0.4328125 0.346875 0.390625 0.240625
1 0.1953125 0.4015625 0.390625 0.140625
0 0.8046875 0.6109375 0.390625 0.390625
0 0.5578125 0.328125 0.390625 0.390625
0 0.496875 0.7671875 0.390625 0.390625
0 0.690625 0.5828125 0.390625 0.390625
1 0.23984375 0.4921875 0.2078125 0.390625
0 0.3734375 0.34375 0.390625 0.390625
1 0.2828125 0.41015625 0.390625 0.1640625
1 0.2515625 0.653125 0.390625 0.26875
1 0.2890625 0.33828125 0.390625 0.2140625
1 0.6890625 0.5890625 0.2 0.390625
1 0.215625 0.4171875 0.390625 0.18125
0 0.69375 0.5015625 0.390625 0.390625
1 0.1953125 0.39765625 0.390625 0.1796875
1 0.4625 0.325 0.19375 0.390625
0 0.2 0.53125 0.390625 0.390625
0 0.790625 0.6109375 0.390625 0.390625
1 0.6875 0.60234375 0.390625 0.1734375
0 0.665625 0.4953125 0.390625 0.390625
1 0.30625 0.28203125 0.390625 0.1765625
0 0.20625 0.403125 0.390625 0.390625
1 0.428125 0.4328125 0.390625 0.146875
0 0.2203125 0.4875 0.390625 0.390625
0 0.675 0.5921875 0.390625 0.390625
0 0.53125 0.584375 0.390625 0.390625
0 0.4515625 0.44375 0.390625 0.390625
1 0.2765625 0.44375 0.190625 0.390625
0 0.7078125 0.575 0.390625 0.390625
1 0.35 0.503125 0.165625 0.390625
1 0.396875 0.440625 0.121875 0.390625
0 0.70625 0.5875 0.390625 0.390625
1 0.1828125 0.3109375 0.221875 0.390625