0 0.6109375 0.4734375 0.390625 0.390625
1 0.81015625 0.45625 0.2078125 0.390625
0 0.421875 0.7234375 0.390625 0.390625
1 0.48828125 0.4953125 0.1828125 0.390625
0 0.45 0.703125 0.390625 0.390625
0 0.2390625 0.6265625 0.390625 0.390625
1 0.7046875 0.6046875 0.19375 0.390625
1 0.19140625 0.5265625 0.1515625 0.390625
0 0.7453125 0.4984375 0.390625 0.390625
0 0.1984375 0.496875 0.390625 0.390625
1 0.21328125 0.35 0.1953125 0.390625
1 0.73984375 0.565625 0.1734375 0.390625
1 0.1984375 0.5953125 0.390625 0.165625
0 0.2828125 0.4390625 0.390625 0.390625
1 0.740625 0.56875 0.171875 0.390625
1 0.70078125 0.5 0.1953125 0.390625
1 0.39375 0.6421875 0.221875 0.390625
1 0.659375 0.4671875 0.390625 0.178125
1 0.1984375 0.440625 0.390625 0.265625
0 0.4234375 0.6671875 0.390625 0.390625
0 0.6421875 0.609375 0.390625 0.390625
1 0.8765625 0.7375 0.140625 0.390625
0 0.4171875 0.590625 0.390625 0.390625
1 0.53125 0.13984375 0.390625 0.1390625
1 0.19453125 0.4625 0.2671875 0.390625
0 0.4140625 0.734375 0.390625 0.390625
1 0.6375 0.1984375 0.246875 0.390625
0 0.296875 0.54375 0.390625 0.390625
1 0.396875 0.684375 0.390625 0.125
0 0.3890625 0.7734375 0.390625 0.390625
0 0.2875 0.5046875 0.390625 0.390625
1 0.17734375 0.475 0.2609375 0.390625
0 0.3328125 0.215625 0.390625 0.390625
0 0.69375 0.5375 0.390625 0.390625
0 0.2265625 0.4734375 0.390625 0.390625
1 0.4078125 0.728125 0.128125 0.390625
1 0.1953125 0.54140625 0.390625 0.2203125
0 0.7203125 0.33125 0.390625 0.390625
0 0.5171875 0.475 0.390625 0.390625
1 0.45 0.73671875 0.390625 0.1953125
1 0.7578125 0.58515625 0.390625 0.1390625
1 0.2640625 0.49765625 0.390625 0.1953125
0 0.328125 0.7015625 0.390625 0.390625
0 0.371875 0.6046875 0.390625 0.390625
1 0.246875 0.553125 0.390625 0.246875
1 0.3953125 0.275 0.271875 0.390625
0 0.4859375 0.6078125 0.390625 0.390625
0 0.4546875 0.671875 0.390625 0.390625
0 0.4890625 0.6859375 0.390625 0.390625
1 0.275 0.4515625 0.390625 0.134375