0 0.5859375 0.5609375 0.390625 0.390625
0 0.3390625 0.5671875 0.390625 0.390625
1 0.45 0.50859375 0.390625 0.2703125
1 0.534375 0.2796875 0.215625 0.390625
0 0.3265625 0.378125 0.390625 0.390625
0 0.215625 0.5578125 0.390625 0.390625
1 0.44921875 0.3453125 0.2234375 0.390625
1 0.5671875 0.7171875 0.390625 0.171875
1 0.34375 0.26328125 0.390625 0.1328125
1 0.21328125 0.3734375 0.1328125 0.390625
1 0.3984375 0.89765625 0.390625 0.1546875
0 0.4640625 0.64375 0.390625 0.390625
0 0.659375 0.3984375 0.390625 0.390625
0 0.525 0.5859375 0.390625 0.390625
0 0.640625 0.278125 0.390625 0.390625