1 0.8765625 0.428125 0.14375 0.390625
1 0.26875 0.7671875 0.390625 0.15
1 0.4546875 0.72421875 0.390625 0.2109375
1 0.89140625 0.46875 0.1578125 0.390625
0 0.3359375 0.6703125 0.390625 0.390625
1 0.3578125 0.3828125 0.2375 0.390625
0 0.303125 0.6265625 0.390625 0.390625
1 0.3453125 0.8921875 0.390625 0.215625
1 0.3640625 0.6484375 0.390625 0.18125
0 0.2734375 0.2765625 0.390625 0.390625
0 0.8046875 0.3921875 0.390625 0.390625
1 0.39453125 0.6984375 0.2390625 0.390625
0 0.2359375 0.6828125 0.390625 0.390625
1 0.25625 0.74921875 0.390625 0.2546875
0 0.359375 0.6859375 0.390625 0.390625
0 0.1953125 0.7109375 0.390625 0.390625
0 0.8046875 0.34375 0.390625 0.390625
1 0.3390625 0.79375 0.2625 0.390625
1 0.73359375 0.3359375 0.1796875 0.390625
1 0.2390625 0.71015625 0.390625 0.2390625
0 0.3359375 0.7234375 0.390625 0.390625
1 0.6578125 0.696875 0.390625 0.1375
0 0.3671875 0.7140625 0.390625 0.390625
0 0.35 0.8046875 0.390625 0.390625
0 0.634375 0.6296875 0.390625 0.390625
0 0.3421875 0.71875 0.390625 0.390625
1 0.359375 0.8046875 0.13125 0.390625
0 0.2859375 0.8046875 0.390625 0.390625
0 0.296875 0.69375 0.390625 0.390625
1 0.2390625 0.70625 0.19375 0.390625
1 0.30390625 0.7078125 0.1640625 0.390625
1 0.8203125 0.4484375 0.15 0.390625
1 0.5984375 0.62890625 0.390625 0.1390625
0 0.790625 0.4171875 0.390625 0.390625
0 0.246875 0.653125 0.390625 0.390625
1 0.88359375 0.4390625 0.2078125 0.390625
1 0.88203125 0.421875 0.2359375 0.390625
0 0.4234375 0.7265625 0.390625 0.390625
0 0.8046875 0.3265625 0.390625 0.390625
0 0.8046875 0.534375 0.390625 0.390625
0 0.375 0.75625 0.390625 0.390625
1 0.8046875 0.48125 0.390625 0.246875
1 0.8046875 0.43671875 0.390625 0.1796875
1 0.4 0.7921875 0.390625 0.271875
0 0.325 0.7453125 0.390625 0.390625
0 0.8046875 0.4546875 0.390625 0.390625
0 0.29375 0.7125 0.390625 0.390625
1 0.31484375 0.71875 0.2484375 0.390625
1 0.346875 0.703125 0.390625 0.271875
0 0.8046875 0.4296875 0.390625 0.390625