0 0.6953125 0.375 0.390625 0.390625
0 0.7171875 0.5984375 0.390625 0.390625
1 0.69453125 0.7640625 0.1796875 0.390625
1 0.20390625 0.2890625 0.1265625 0.390625
1 0.3015625 0.2 0.14375 0.390625
1 0.696875 0.88203125 0.390625 0.1546875
1 0.6 0.4703125 0.390625 0.23125
1 0.51328125 0.215625 0.1921875 0.390625
0 0.5734375 0.525 0.390625 0.390625
1 0.4546875 0.66953125 0.390625 0.1578125
1 0.45390625 0.275 0.1890625 0.390625
0 0.240625 0.2296875 0.390625 0.390625
0 0.3 0.534375 0.390625 0.390625
1 0.4796875 0.528125 0.271875 0.390625
0 0.2953125 0.540625 0.390625 0.390625