0 0.4859375 0.715625 0.390625 0.390625
0 0.6265625 0.7546875 0.390625 0.390625
0 0.3328125 0.7484375 0.390625 0.390625
1 0.40078125 0.6234375 0.1921875 0.390625
0 0.571875 0.7078125 0.390625 0.390625
1 0.490625 0.8046875 0.228125 0.390625
1 0.446875 0.7796875 0.171875 0.390625
0 0.2875 0.8046875 0.390625 0.390625
0 0.4203125 0.740625 0.390625 0.390625
1 0.33828125 0.8046875 0.2046875 0.390625
0 0.5171875 0.734375 0.390625 0.390625
1 0.82890625 0.5015625 0.2546875 0.390625
1 0.4125 0.7796875 0.146875 0.390625
0 0.40625 0.440625 0.390625 0.390625
1 0.328125 0.6109375 0.21875 0.390625
1 0.446875 0.878125 0.390625 0.24375
0 0.465625 0.7296875 0.390625 0.390625
1 0.553125 0.8546875 0.390625 0.190625
1 0.525 0.6109375 0.20625 0.390625
0 0.3796875 0.665625 0.390625 0.390625
1 0.5375 0.5921875 0.390625 0.26875
1 0.6296875 0.77578125 0.390625 0.1609375
0 0.453125 0.775 0.390625 0.390625
1 0.5921875 0.77578125 0.390625 0.1671875
1 0.3421875 0.8046875 0.140625 0.390625
1 0.471875 0.83671875 0.390625 0.1546875
1 0.4765625 0.8640625 0.390625 0.271875
0 0.2359375 0.5765625 0.390625 0.390625
1 0.409375 0.75390625 0.390625 0.2078125
0 0.4953125 0.7671875 0.390625 0.390625
0 0.5390625 0.8046875 0.390625 0.390625
0 0.634375 0.8046875 0.390625 0.390625
0 0.3796875 0.45 0.390625 0.390625
0 0.6734375 0.553125 0.390625 0.390625
1 0.3890625 0.6171875 0.11875 0.390625
0 0.3453125 0.6078125 0.390625 0.390625
1 0.38125 0.8046875 0.23125 0.390625
0 0.465625 0.8046875 0.390625 0.390625
1 0.4953125 0.81171875 0.390625 0.2515625
0 0.5328125 0.7703125 0.390625 0.390625
1 0.38203125 0.7625 0.1609375 0.390625
0 0.50625 0.3 0.390625 0.390625
0 0.40625 0.7578125 0.390625 0.390625
1 0.54375 0.7859375 0.19375 0.390625
0 0.4078125 0.609375 0.390625 0.390625
0 0.446875 0.7765625 0.390625 0.390625
0 0.4171875 0.6796875 0.390625 0.390625
1 0.50390625 0.259375 0.2421875 0.390625
0 0.41875 0.8046875 0.390625 0.390625
0 0.3734375 0.765625 0.390625 0.390625