0 0.5109375 0.4203125 0.390625 0.390625
0 0.5828125 0.36875 0.390625 0.390625
0 0.1953125 0.346875 0.390625 0.390625
0 0.4859375 0.4296875 0.390625 0.390625
1 0.22265625 0.3078125 0.2484375 0.390625
0 0.2046875 0.375 0.390625 0.390625
1 0.525 0.540625 0.1625 0.390625
1 0.271875 0.7546875 0.221875 0.390625
1 0.3984375 0.57578125 0.390625 0.2234375
1 0.57265625 0.68125 0.2703125 0.390625
0 0.5640625 0.4734375 0.390625 0.390625
0 0.515625 0.384375 0.390625 0.390625
0 0.5203125 0.446875 0.390625 0.390625
0 0.4828125 0.36875 0.390625 0.390625
1 0.503125 0.35390625 0.390625 0.1640625
1 0.54375 0.3984375 0.19375 0.390625
0 0.4390625 0.471875 0.390625 0.390625
0 0.1953125 0.384375 0.390625 0.390625
1 0.534375 0.3765625 0.2 0.390625
1 0.50625 0.43046875 0.390625 0.1984375
1 0.1953125 0.41328125 0.390625 0.2453125
0 0.5625 0.396875 0.390625 0.390625
0 0.3953125 0.5640625 0.390625 0.390625
0 0.2203125 0.3296875 0.390625 0.390625
0 0.4328125 0.3859375 0.390625 0.390625
1 0.5078125 0.5640625 0.175 0.390625
0 0.4234375 0.3515625 0.390625 0.390625
1 0.41640625 0.5859375 0.1390625 0.390625
1 0.5171875 0.28046875 0.390625 0.2390625
0 0.5828125 0.34375 0.390625 0.390625
1 0.5515625 0.546875 0.171875 0.390625
0 0.6390625 0.3640625 0.390625 0.390625
0 0.5234375 0.525 0.390625 0.390625
1 0.2875 0.37265625 0.390625 0.2234375
0 0.4484375 0.4375 0.390625 0.390625
1 0.13203125 0.4390625 0.1859375 0.390625
0 0.5171875 0.4046875 0.390625 0.390625
1 0.1078125 0.278125 0.1375 0.390625
0 0.465625 0.3203125 0.390625 0.390625
0 0.2578125 0.3625 0.390625 0.390625
0 0.5109375 0.3375 0.390625 0.390625
0 0.5078125 0.58125 0.390625 0.390625
1 0.44140625 0.4625 0.2671875 0.390625
0 0.5625 0.2109375 0.390625 0.390625
0 0.1953125 0.2015625 0.390625 0.390625
0 0.509375 0.503125 0.390625 0.390625
0 0.5 0.346875 0.390625 0.390625
0 0.2671875 0.278125 0.390625 0.390625
1 0.3546875 0.4328125 0.390625 0.125
1 0.184375 0.203125 0.184375 0.390625