0 0.603125 0.434375 0.390625 0.390625
1 0.38515625 0.2046875 0.2359375 0.390625
0 0.7328125 0.5125 0.390625 0.390625
1 0.35859375 0.228125 0.2265625 0.390625
1 0.1953125 0.43828125 0.390625 0.2515625
0 0.3484375 0.50625 0.390625 0.390625
0 0.3546875 0.603125 0.390625 0.390625
0 0.1953125 0.321875 0.390625 0.390625
0 0.2953125 0.4953125 0.390625 0.390625
1 0.1984375 0.425 0.390625 0.184375
1 0.384375 0.14375 0.390625 0.253125
1 0.3609375 0.521875 0.15625 0.390625
0 0.5015625 0.3546875 0.390625 0.390625
0 0.3234375 0.375 0.390625 0.390625
1 0.30234375 0.3578125 0.2546875 0.390625
0 0.646875 0.478125 0.390625 0.390625
0 0.246875 0.2359375 0.390625 0.390625
1 0.5328125 0.765625 0.390625 0.121875
0 0.396875 0.3140625 0.390625 0.390625
1 0.2875 0.36171875 0.390625 0.1421875
1 0.396875 0.6296875 0.390625 0.1875
0 0.4734375 0.3171875 0.390625 0.390625
1 0.4578125 0.63671875 0.390625 0.2703125
0 0.225 0.325 0.390625 0.390625
1 0.746875 0.871875 0.390625 0.13125
1 0.4953125 0.6484375 0.2 0.390625
0 0.4375 0.1953125 0.390625 0.390625
0 0.1953125 0.2765625 0.390625 0.390625
0 0.59375 0.4625 0.390625 0.390625
1 0.4109375 0.73046875 0.390625 0.2046875
1 0.478125 0.70390625 0.390625 0.1390625
0 0.4984375 0.40625 0.390625 0.390625
0 0.2140625 0.1953125 0.390625 0.390625
1 0.57734375 0.453125 0.2578125 0.390625
1 0.46875 0.70859375 0.390625 0.1203125
0 0.43125 0.3234375 0.390625 0.390625
1 0.23125 0.3046875 0.24375 0.390625
0 0.51875 0.4125 0.390625 0.390625
1 0.24921875 0.2203125 0.1203125 0.390625
0 0.459375 0.4359375 0.390625 0.390625
0 0.7296875 0.5578125 0.390625 0.390625
0 0.5890625 0.3453125 0.390625 0.390625
0 0.46875 0.2625 0.390625 0.390625
0 0.3484375 0.728125 0.390625 0.390625
1 0.25390625 0.246875 0.2484375 0.390625
0 0.3625 0.646875 0.390625 0.390625
1 0.17109375 0.3953125 0.1328125 0.390625
1 0.225 0.35234375 0.390625 0.1484375
1 0.36875 0.29453125 0.390625 0.1734375
1 0.565625 0.4125 0.25625 0.390625