1 0.625 0.37265625 0.390625 0.2140625
1 0.4828125 0.19921875 0.390625 0.2671875
0 0.5515625 0.3671875 0.390625 0.390625
0 0.671875 0.6875 0.390625 0.390625
0 0.5453125 0.2484375 0.390625 0.390625
0 0.48125 0.7609375 0.390625 0.390625
1 0.4984375 0.8046875 0.18125 0.390625
0 0.55625 0.1953125 0.390625 0.390625
0 0.6640625 0.6421875 0.390625 0.390625
0 0.66875 0.7375 0.390625 0.390625
1 0.475 0.90234375 0.390625 0.1484375
1 0.54375 0.2390625 0.209375 0.390625
0 0.609375 0.2296875 0.390625 0.390625
1 0.4765625 0.321875 0.390625 0.184375
0 0.8046875 0.79375 0.390625 0.390625
0 0.7234375 0.765625 0.390625 0.390625
0 0.41875 0.7484375 0.390625 0.390625
1 0.4796875 0.23125 0.390625 0.2375
0 0.5875 0.759375 0.390625 0.390625
0 0.69375 0.8046875 0.390625 0.390625
1 0.70703125 0.7859375 0.1296875 0.390625
0 0.3921875 0.7953125 0.390625 0.390625
0 0.390625 0.6046875 0.390625 0.390625
0 0.4125 0.75625 0.390625 0.390625
0 0.4265625 0.3765625 0.390625 0.390625
1 0.5328125 0.6390625 0.390625 0.196875
1 0.79375 0.28359375 0.390625 0.1765625
1 0.59375 0.29375 0.18125 0.390625
0 0.4609375 0.7109375 0.390625 0.390625
1 0.61875 0.27890625 0.390625 0.2265625
0 0.6203125 0.1953125 0.390625 0.390625
1 0.7234375 0.7296875 0.390625 0.15
1 0.565625 0.29375 0.15625 0.390625
1 0.55390625 0.8046875 0.1390625 0.390625
1 0.60625 0.8234375 0.390625 0.19375
1 0.615625 0.3359375 0.11875 0.390625
1 0.44375 0.75625 0.390625 0.265625
1 0.6875 0.87578125 0.390625 0.1984375
1 0.59765625 0.3125 0.1546875 0.390625
1 0.578125 0.85546875 0.390625 0.1734375
0 0.6359375 0.3484375 0.390625 0.390625
0 0.603125 0.1953125 0.390625 0.390625
0 0.765625 0.6546875 0.390625 0.390625
1 0.4828125 0.29375 0.184375 0.390625
1 0.55703125 0.796875 0.2140625 0.390625
0 0.56875 0.29375 0.390625 0.390625
1 0.4609375 0.8046875 0.265625 0.390625
0 0.53125 0.3203125 0.390625 0.390625
0 0.6125 0.6140625 0.390625 0.390625
0 0.7328125 0.6546875 0.390625 0.390625