1 0.5265625 0.496875 0.271875 0.390625
1 0.225 0.3390625 0.26875 0.390625
1 0.8296875 0.25 0.228125 0.390625
0 0.5234375 0.478125 0.390625 0.390625
1 0.3984375 0.14140625 0.390625 0.2328125
0 0.4625 0.2890625 0.390625 0.390625
0 0.2390625 0.3625 0.390625 0.390625
1 0.28515625 0.640625 0.2640625 0.390625
1 0.16328125 0.2640625 0.1578125 0.390625
1 0.703125 0.60078125 0.390625 0.2328125
0 0.6484375 0.646875 0.390625 0.390625
0 0.2421875 0.778125 0.390625 0.390625
1 0.58125 0.7171875 0.215625 0.390625
1 0.75 0.609375 0.390625 0.15625
0 0.3453125 0.6046875 0.390625 0.390625