1 0.1953125 0.6203125 0.390625 0.125
1 0.1953125 0.821875 0.390625 0.20625
0 0.228125 0.7140625 0.390625 0.390625
1 0.6515625 0.49296875 0.390625 0.1921875
1 0.15703125 0.703125 0.1734375 0.390625
1 0.5375 0.6734375 0.190625 0.390625
1 0.26953125 0.1953125 0.1671875 0.390625
1 0.4984375 0.63203125 0.390625 0.2578125
0 0.5296875 0.6375 0.390625 0.390625
1 0.415625 0.5296875 0.215625 0.390625
1 0.55390625 0.5765625 0.2015625 0.390625
0 0.2953125 0.209375 0.390625 0.390625
0 0.24375 0.7375 0.390625 0.390625
0 0.6453125 0.6703125 0.390625 0.390625
0 0.1953125 0.7140625 0.390625 0.390625
1 0.52578125 0.6328125 0.2703125 0.390625
0 0.2984375 0.25 0.390625 0.390625
0 0.1953125 0.7921875 0.390625 0.390625
1 0.27890625 0.3890625 0.1171875 0.390625
0 0.2625 0.1953125 0.390625 0.390625
0 0.40625 0.621875 0.390625 0.390625
1 0.1953125 0.6890625 0.390625 0.209375
0 0.1953125 0.671875 0.390625 0.390625
1 0.51484375 0.575 0.1640625 0.390625
0 0.4734375 0.6109375 0.390625 0.390625
0 0.215625 0.2359375 0.390625 0.390625
0 0.278125 0.2078125 0.390625 0.390625
0 0.2203125 0.1953125 0.390625 0.390625
0 0.246875 0.1953125 0.390625 0.390625
1 0.1953125 0.14375 0.390625 0.234375
1 0.1953125 0.68515625 0.390625 0.2359375
0 0.203125 0.7265625 0.390625 0.390625
0 0.265625 0.2 0.390625 0.390625
1 0.1953125 0.68828125 0.390625 0.1640625
0 0.4171875 0.4828125 0.390625 0.390625
0 0.3203125 0.6640625 0.390625 0.390625
0 0.6359375 0.6421875 0.390625 0.390625
0 0.1953125 0.7375 0.390625 0.390625
1 0.5234375 0.50625 0.390625 0.203125
0 0.1953125 0.771875 0.390625 0.390625
1 0.48828125 0.5671875 0.1515625 0.390625
0 0.290625 0.73125 0.390625 0.390625
0 0.2390625 0.6734375 0.390625 0.390625
1 0.290625 0.22578125 0.390625 0.2046875
1 0.190625 0.75625 0.21875 0.390625
1 0.4890625 0.5796875 0.390625 0.14375
1 0.51796875 0.45625 0.2453125 0.390625
1 0.55390625 0.53125 0.1703125 0.390625
0 0.2375 0.2796875 0.390625 0.390625
0 0.4828125 0.6046875 0.390625 0.390625