1 0.78125 0.246875 0.25625 0.390625
0 0.8 0.73125 0.390625 0.390625
0 0.6734375 0.646875 0.390625 0.390625
1 0.3015625 0.7734375 0.228125 0.390625
1 0.85 0.728125 0.196875 0.390625
0 0.7390625 0.1953125 0.390625 0.390625
1 0.725 0.2171875 0.1375 0.390625
1 0.8046875 0.79765625 0.390625 0.2421875
0 0.71875 0.759375 0.390625 0.390625
0 0.7390625 0.7671875 0.390625 0.390625
0 0.715625 0.1953125 0.390625 0.390625
0 0.2125 0.6796875 0.390625 0.390625
0 0.5171875 0.3703125 0.390625 0.390625
0 0.74375 0.271875 0.390625 0.390625
1 0.72578125 0.746875 0.1265625 0.390625
1 0.3421875 0.684375 0.15 0.390625
0 0.6765625 0.78125 0.390625 0.390625
0 0.5265625 0.215625 0.390625 0.390625
1 0.2640625 0.63984375 0.390625 0.1296875
0 0.2703125 0.734375 0.390625 0.390625
1 0.7328125 0.66796875 0.390625 0.2515625
1 0.1953125 0.6671875 0.390625 0.14375
1 0.271875 0.58125 0.13125 0.390625
1 0.3390625 0.6828125 0.209375 0.390625
0 0.8046875 0.784375 0.390625 0.390625
0 0.28125 0.6609375 0.390625 0.390625
1 0.66640625 0.2296875 0.2640625 0.390625
1 0.7796875 0.50078125 0.390625 0.1890625
1 0.3265625 0.78359375 0.390625 0.1171875
1 0.2515625 0.64609375 0.390625 0.2359375
0 0.5546875 0.21875 0.390625 0.390625
1 0.4109375 0.7453125 0.390625 0.25625
0 0.1953125 0.7265625 0.390625 0.390625
1 0.303125 0.31875 0.390625 0.2625
0 0.26875 0.6953125 0.390625 0.390625
0 0.7875 0.51875 0.390625 0.390625
0 0.2578125 0.721875 0.390625 0.390625
0 0.7296875 0.1953125 0.390625 0.390625
0 0.7984375 0.8046875 0.390625 0.390625
1 0.8046875 0.7515625 0.390625 0.234375
1 0.7359375 0.78125 0.390625 0.221875
1 0.68125 0.209375 0.390625 0.15
0 0.803125 0.7625 0.390625 0.390625
1 0.640625 0.4421875 0.14375 0.390625
1 0.7515625 0.796875 0.390625 0.19375
1 0.2875 0.69453125 0.390625 0.1859375
1 0.3390625 0.490625 0.390625 0.2125
0 0.7390625 0.75 0.390625 0.390625
1 0.65 0.2515625 0.25 0.390625
1 0.2375 0.771875 0.1625 0.390625