0 0.5890625 0.2484375 0.390625 0.390625
1 0.69140625 0.3390625 0.2578125 0.390625
0 0.425 0.6765625 0.390625 0.390625
1 0.7671875 0.675 0.215625 0.390625
1 0.39765625 0.3953125 0.2359375 0.390625
0 0.5046875 0.5359375 0.390625 0.390625
1 0.7890625 0.3640625 0.390625 0.184375
1 0.096875 0.7265625 0.19375 0.390625
0 0.559375 0.2578125 0.390625 0.390625
1 0.6109375 0.175 0.390625 0.24375
0 0.553125 0.259375 0.390625 0.390625
0 0.384375 0.6578125 0.390625 0.390625
1 0.3984375 0.4890625 0.390625 0.246875
1 0.5015625 0.4515625 0.1625 0.390625
0 0.5140625 0.571875 0.390625 0.390625