0 0.8015625 0.7859375 0.390625 0.390625
0 0.4890625 0.55625 0.390625 0.390625
0 0.209375 0.7359375 0.390625 0.390625
0 0.46875 0.2984375 0.390625 0.390625
1 0.25390625 0.684375 0.2703125 0.390625
0 0.409375 0.3765625 0.390625 0.390625
1 0.2234375 0.6671875 0.240625 0.390625
0 0.7578125 0.653125 0.390625 0.390625
1 0.2640625 0.68515625 0.390625 0.2671875
1 0.2890625 0.58515625 0.390625 0.1578125
0 0.33125 0.4390625 0.390625 0.390625
0 0.4109375 0.6640625 0.390625 0.390625
0 0.6953125 0.6875 0.390625 0.390625
0 0.6703125 0.3234375 0.390625 0.390625
0 0.221875 0.75 0.390625 0.390625