1 0.42109375 0.528125 0.1859375 0.390625
0 0.5796875 0.371875 0.390625 0.390625
1 0.5796875 0.30078125 0.390625 0.1609375
0 0.68125 0.796875 0.390625 0.390625
0 0.7546875 0.5125 0.390625 0.390625
1 0.1375 0.4140625 0.221875 0.390625
0 0.3125 0.559375 0.390625 0.390625
1 0.628125 0.6296875 0.390625 0.25625
1 0.365625 0.56484375 0.390625 0.1578125
0 0.54375 0.3375 0.390625 0.390625
0 0.3140625 0.625 0.390625 0.390625
0 0.5265625 0.525 0.390625 0.390625
1 0.203125 0.5578125 0.390625 0.23125
0 0.7265625 0.6015625 0.390625 0.390625
1 0.3015625 0.09609375 0.390625 0.1828125