0 0.5328125 0.484375 0.390625 0.390625
0 0.7328125 0.475 0.390625 0.390625
0 0.7765625 0.7046875 0.390625 0.390625
0 0.528125 0.5953125 0.390625 0.390625
1 0.17109375 0.6890625 0.1984375 0.390625
1 0.28359375 0.3078125 0.1984375 0.390625
0 0.7109375 0.3828125 0.390625 0.390625
0 0.7703125 0.7328125 0.390625 0.390625
1 0.56875 0.228125 0.246875 0.390625
0 0.7828125 0.4296875 0.390625 0.390625
0 0.7515625 0.4765625 0.390625 0.390625
1 0.125 0.3734375 0.209375 0.390625
1 0.8015625 0.84296875 0.390625 0.1703125
1 0.74609375 0.34375 0.1859375 0.390625
0 0.3046875 0.60625 0.390625 0.390625