0 0.475 0.5953125 0.390625 0.390625
0 0.646875 0.778125 0.390625 0.390625
0 0.3625 0.2921875 0.390625 0.390625
1 0.55 0.6796875 0.390625 0.178125
1 0.87734375 0.1953125 0.2046875 0.390625
1 0.6875 0.42734375 0.390625 0.1515625
0 0.3828125 0.2140625 0.390625 0.390625
0 0.5640625 0.5984375 0.390625 0.390625
1 0.8296875 0.2875 0.2 0.390625
0 0.5296875 0.453125 0.390625 0.390625
1 0.7328125 0.56875 0.390625 0.184375
1 0.7203125 0.5234375 0.21875 0.390625
0 0.8046875 0.3359375 0.390625 0.390625
1 0.83203125 0.28125 0.2640625 0.390625
1 0.578125 0.65625 0.390625 0.175
0 0.8046875 0.45625 0.390625 0.390625
1 0.2671875 0.56328125 0.390625 0.1671875
0 0.7046875 0.26875 0.390625 0.390625
1 0.89609375 0.5765625 0.1796875 0.390625
0 0.5375 0.5421875 0.390625 0.390625
0 0.603125 0.565625 0.390625 0.390625
1 0.10546875 0.6078125 0.1484375 0.390625
0 0.740625 0.2859375 0.390625 0.390625
0 0.56875 0.509375 0.390625 0.390625
0 0.7578125 0.6375 0.390625 0.390625
1 0.56953125 0.6 0.2578125 0.390625
1 0.515625 0.49375 0.18125 0.390625
0 0.8046875 0.36875 0.390625 0.390625
1 0.565625 0.45625 0.390625 0.125
0 0.7609375 0.8 0.390625 0.390625
1 0.834375 0.5890625 0.16875 0.390625
0 0.4 0.246875 0.390625 0.390625
0 0.8046875 0.1953125 0.390625 0.390625
0 0.3234375 0.271875 0.390625 0.390625
1 0.525 0.6265625 0.390625 0.16875
1 0.8046875 0.24140625 0.390625 0.2703125
0 0.5921875 0.58125 0.390625 0.390625
0 0.7546875 0.1953125 0.390625 0.390625
1 0.525 0.63359375 0.390625 0.1984375
1 0.8046875 0.58359375 0.390625 0.2421875
0 0.8046875 0.609375 0.390625 0.390625
0 0.609375 0.6203125 0.390625 0.390625
1 0.56875 0.3921875 0.25625 0.390625
1 0.66796875 0.5390625 0.2078125 0.390625
1 0.42109375 0.7234375 0.2421875 0.390625
0 0.628125 0.5859375 0.390625 0.390625
0 0.7890625 0.64375 0.390625 0.390625
0 0.8046875 0.55 0.390625 0.390625
1 0.5109375 0.5796875 0.24375 0.390625
1 0.6890625 0.6359375 0.265625 0.390625