1 0.7296875 0.22421875 0.390625 0.1359375
0 0.7859375 0.7359375 0.390625 0.390625
1 0.24375 0.296875 0.390625 0.234375
1 0.25859375 0.4171875 0.2296875 0.390625
1 0.8390625 0.221875 0.121875 0.390625
0 0.7609375 0.775 0.390625 0.390625
0 0.59375 0.60625 0.390625 0.390625
1 0.5890625 0.71484375 0.390625 0.2328125
1 0.6890625 0.246875 0.171875 0.390625
1 0.796875 0.41171875 0.390625 0.1328125
0 0.38125 0.3234375 0.390625 0.390625
1 0.13828125 0.771875 0.2328125 0.390625
0 0.3671875 0.2875 0.390625 0.390625
0 0.2859375 0.4453125 0.390625 0.390625
0 0.453125 0.38125 0.390625 0.390625