1 0.45390625 0.2046875 0.2671875 0.390625
1 0.2359375 0.43671875 0.390625 0.2078125
0 0.215625 0.3421875 0.390625 0.390625
1 0.4546875 0.496875 0.2375 0.390625
1 0.403125 0.80859375 0.390625 0.1203125
0 0.68125 0.4 0.390625 0.390625
1 0.28671875 0.7984375 0.2546875 0.390625
0 0.2578125 0.8046875 0.390625 0.390625
1 0.2734375 0.8046875 0.2125 0.390625
1 0.1671875 0.2734375 0.171875 0.390625
0 0.4140625 0.5359375 0.390625 0.390625
1 0.49765625 0.7140625 0.2328125 0.390625
0 0.1953125 0.421875 0.390625 0.390625
0 0.4203125 0.2609375 0.390625 0.390625
1 0.69609375 0.471875 0.1515625 0.390625
0 0.39375 0.8046875 0.390625 0.390625
0 0.3859375 0.7515625 0.390625 0.390625
1 0.13671875 0.3546875 0.2140625 0.390625
0 0.296875 0.4015625 0.390625 0.390625
0 0.34375 0.8046875 0.390625 0.390625
0 0.1953125 0.484375 0.390625 0.390625
1 0.5609375 0.4296875 0.134375 0.390625
0 0.275 0.8046875 0.390625 0.390625
1 0.296875 0.61484375 0.390625 0.2671875
1 0.625 0.36875 0.2 0.390625
0 0.3171875 0.703125 0.390625 0.390625
0 0.5375 0.434375 0.390625 0.390625
1 0.63515625 0.421875 0.2265625 0.390625
0 0.628125 0.371875 0.390625 0.390625
0 0.44375 0.7078125 0.390625 0.390625
0 0.6890625 0.3984375 0.390625 0.390625
0 0.5109375 0.3734375 0.390625 0.390625
1 0.4875 0.54140625 0.390625 0.1578125
0 0.6828125 0.2875 0.390625 0.390625
0 0.1953125 0.396875 0.390625 0.390625
1 0.809375 0.503125 0.190625 0.390625
0 0.3890625 0.778125 0.390625 0.390625
0 0.3765625 0.8046875 0.390625 0.390625
1 0.596875 0.4828125 0.171875 0.390625
1 0.4296875 0.39765625 0.390625 0.1484375
1 0.3140625 0.33359375 0.390625 0.1640625
1 0.446875 0.4578125 0.159375 0.390625
0 0.3203125 0.6484375 0.390625 0.390625
1 0.496875 0.84375 0.390625 0.19375
1 0.359375 0.41875 0.19375 0.390625
0 0.490625 0.5828125 0.390625 0.390625
1 0.2703125 0.83125 0.390625 0.178125
0 0.6359375 0.4015625 0.390625 0.390625
1 0.23359375 0.509375 0.2171875 0.390625
0 0.69375 0.7890625 0.390625 0.390625