1 0.64609375 0.740625 0.2203125 0.390625
0 0.234375 0.2109375 0.390625 0.390625
0 0.8046875 0.8046875 0.390625 0.390625
1 0.74375 0.9296875 0.390625 0.140625
1 0.4640625 0.68125 0.21875 0.390625
0 0.53125 0.609375 0.390625 0.390625
0 0.49375 0.5140625 0.390625 0.390625
1 0.471875 0.515625 0.21875 0.390625
1 0.4484375 0.56484375 0.390625 0.1890625
1 0.51875 0.7640625 0.390625 0.228125
0 0.8046875 0.8046875 0.390625 0.390625
0 0.209375 0.234375 0.390625 0.390625
1 0.5046875 0.5828125 0.2625 0.390625
0 0.746875 0.8046875 0.390625 0.390625
1 0.46484375 0.51875 0.1546875 0.390625
1 0.35546875 0.596875 0.2015625 0.390625
1 0.4734375 0.640625 0.390625 0.271875
1 0.684375 0.39921875 0.390625 0.1171875
1 0.803125 0.884375 0.390625 0.221875
0 0.425 0.5703125 0.390625 0.390625
1 0.8046875 0.86953125 0.390625 0.2609375
1 0.25625 0.2921875 0.390625 0.1625
0 0.7953125 0.8046875 0.390625 0.390625
0 0.8046875 0.7859375 0.390625 0.390625
1 0.8046875 0.825 0.390625 0.18125
0 0.8046875 0.8046875 0.390625 0.390625
0 0.5765625 0.2203125 0.390625 0.390625
0 0.4203125 0.253125 0.390625 0.390625
1 0.18828125 0.1953125 0.1796875 0.390625
0 0.484375 0.5921875 0.390625 0.390625
0 0.8046875 0.8046875 0.390625 0.390625
0 0.6109375 0.4453125 0.390625 0.390625
0 0.8046875 0.7890625 0.390625 0.390625
1 0.1953125 0.34765625 0.390625 0.2515625
0 0.3328125 0.490625 0.390625 0.390625
1 0.8046875 0.840625 0.390625 0.259375
0 0.39375 0.5859375 0.390625 0.390625
0 0.3609375 0.6046875 0.390625 0.390625
0 0.3078125 0.6125 0.390625 0.390625
0 0.4625 0.6453125 0.390625 0.390625
0 0.2640625 0.3109375 0.390625 0.390625
1 0.79921875 0.8046875 0.1984375 0.390625
1 0.47421875 0.63125 0.2703125 0.390625
0 0.234375 0.64375 0.390625 0.390625
0 0.328125 0.56875 0.390625 0.390625
0 0.8046875 0.8046875 0.390625 0.390625
1 0.2328125 0.2296875 0.390625 0.171875
1 0.3984375 0.653125 0.128125 0.390625
1 0.4484375 0.5421875 0.390625 0.253125
0 0.8046875 0.8046875 0.390625 0.390625