1 0.53671875 0.28125 0.1671875 0.390625
1 0.584375 0.8046875 0.134375 0.390625
0 0.5546875 0.3328125 0.390625 0.390625
0 0.3921875 0.5234375 0.390625 0.390625
1 0.61953125 0.6515625 0.2484375 0.390625
0 0.6515625 0.278125 0.390625 0.390625
0 0.7078125 0.6859375 0.390625 0.390625
1 0.63125 0.34609375 0.390625 0.1609375
1 0.4109375 0.73984375 0.390625 0.1515625
1 0.671875 0.325 0.390625 0.13125
0 0.646875 0.70625 0.390625 0.390625
0 0.7171875 0.796875 0.390625 0.390625
0 0.6046875 0.675 0.390625 0.390625
0 0.465625 0.778125 0.390625 0.390625
0 0.7203125 0.6859375 0.390625 0.390625
0 0.6140625 0.3609375 0.390625 0.390625
1 0.425 0.8046875 0.23125 0.390625
0 0.653125 0.34375 0.390625 0.390625
1 0.528125 0.7203125 0.246875 0.390625
1 0.5453125 0.26015625 0.390625 0.2515625
1 0.61875 0.6671875 0.390625 0.196875
0 0.503125 0.7984375 0.390625 0.390625
0 0.7078125 0.7 0.390625 0.390625
1 0.59140625 0.33125 0.2484375 0.390625
1 0.571875 0.2171875 0.178125 0.390625
1 0.5765625 0.1953125 0.20625 0.390625
1 0.571875 0.70546875 0.390625 0.1421875
1 0.5703125 0.76484375 0.390625 0.1734375
0 0.5578125 0.6765625 0.390625 0.390625
1 0.66484375 0.703125 0.2546875 0.390625
0 0.4328125 0.275 0.390625 0.390625
0 0.584375 0.3515625 0.390625 0.390625
0 0.640625 0.7953125 0.390625 0.390625
1 0.49296875 0.8046875 0.1390625 0.390625
0 0.578125 0.8046875 0.390625 0.390625
0 0.634375 0.6921875 0.390625 0.390625
0 0.7265625 0.6296875 0.390625 0.390625
1 0.671875 0.5421875 0.2625 0.390625
1 0.5984375 0.64140625 0.390625 0.2703125
1 0.5 0.6515625 0.190625 0.390625
1 0.60625 0.60703125 0.390625 0.2609375
1 0.125 0.64375 0.15625 0.390625
0 0.5921875 0.7890625 0.390625 0.390625
1 0.62734375 0.7 0.1734375 0.390625
0 0.6390625 0.696875 0.390625 0.390625
1 0.44765625 0.8015625 0.1421875 0.390625
1 0.5515625 0.70546875 0.390625 0.2546875
1 0.58984375 0.8046875 0.2609375 0.390625
1 0.6296875 0.7921875 0.2625 0.390625
1 0.57109375 0.8046875 0.1328125 0.390625