0 0.678125 0.1953125 0.390625 0.390625
0 0.434375 0.31875 0.390625 0.390625
0 0.5703125 0.1953125 0.390625 0.390625
0 0.4265625 0.35 0.390625 0.390625
0 0.2875 0.375 0.390625 0.390625
1 0.6609375 0.2671875 0.159375 0.390625
0 0.4640625 0.3234375 0.390625 0.390625
0 0.615625 0.228125 0.390625 0.390625
1 0.42578125 0.26875 0.1890625 0.390625
1 0.6453125 0.23046875 0.390625 0.2078125
1 0.775 0.4734375 0.390625 0.2625
0 0.7046875 0.196875 0.390625 0.390625
0 0.66875 0.1953125 0.390625 0.390625
0 0.496875 0.2453125 0.390625 0.390625
1 0.3953125 0.296875 0.390625 0.240625
1 0.453125 0.34296875 0.390625 0.2359375
1 0.55625 0.22109375 0.390625 0.2453125
0 0.671875 0.215625 0.390625 0.390625
1 0.6765625 0.46171875 0.390625 0.1765625
1 0.64453125 0.1953125 0.2328125 0.390625
1 0.53046875 0.1953125 0.1984375 0.390625
0 0.4640625 0.2484375 0.390625 0.390625
1 0.734375 0.2390625 0.390625 0.26875
0 0.4875 0.203125 0.390625 0.390625
1 0.55 0.26015625 0.390625 0.1484375
1 0.4703125 0.3578125 0.390625 0.20625
1 0.30859375 0.265625 0.1296875 0.390625
1 0.7109375 0.165625 0.390625 0.209375
0 0.215625 0.7484375 0.390625 0.390625
0 0.684375 0.1953125 0.390625 0.390625
0 0.390625 0.5765625 0.390625 0.390625
1 0.6359375 0.18984375 0.390625 0.2703125
1 0.421875 0.2984375 0.253125 0.390625
1 0.225 0.5546875 0.234375 0.390625
0 0.5625 0.2984375 0.390625 0.390625
1 0.4765625 0.296875 0.390625 0.11875
1 0.7203125 0.23125 0.1875 0.390625
1 0.4078125 0.346875 0.265625 0.390625
0 0.790625 0.1953125 0.390625 0.390625
1 0.6 0.396875 0.178125 0.390625
0 0.2109375 0.746875 0.390625 0.390625
1 0.6765625 0.62265625 0.390625 0.2640625
1 0.69375 0.0796875 0.390625 0.153125
0 0.53125 0.24375 0.390625 0.390625
1 0.64140625 0.1953125 0.1390625 0.390625
0 0.44375 0.3359375 0.390625 0.390625
0 0.471875 0.415625 0.390625 0.390625
1 0.82734375 0.5296875 0.1609375 0.390625
0 0.2515625 0.7609375 0.390625 0.390625
1 0.4125 0.1953125 0.11875 0.390625