1 0.6296875 0.34140625 0.390625 0.2640625
0 0.6984375 0.35 0.390625 0.390625
1 0.421875 0.39140625 0.390625 0.1359375
1 0.7734375 0.1375 0.390625 0.221875
0 0.559375 0.3390625 0.390625 0.390625
1 0.3296875 0.8453125 0.390625 0.2
1 0.79765625 0.7140625 0.2078125 0.390625
0 0.3734375 0.2828125 0.390625 0.390625
0 0.3265625 0.2015625 0.390625 0.390625
1 0.4359375 0.409375 0.390625 0.259375
0 0.61875 0.3484375 0.390625 0.390625
0 0.5453125 0.40625 0.390625 0.390625
1 0.653125 0.4109375 0.234375 0.390625
0 0.7546875 0.2828125 0.390625 0.390625
1 0.33046875 0.3109375 0.1984375 0.390625
1 0.72734375 0.3375 0.2109375 0.390625
0 0.7640625 0.4015625 0.390625 0.390625
1 0.54296875 0.3578125 0.2328125 0.390625
0 0.546875 0.4359375 0.390625 0.390625
0 0.2375 0.3421875 0.390625 0.390625
0 0.565625 0.4296875 0.390625 0.390625
1 0.2984375 0.4859375 0.140625 0.390625
0 0.6046875 0.5453125 0.390625 0.390625
1 0.1953125 0.25546875 0.390625 0.1453125
0 0.8046875 0.1953125 0.390625 0.390625
1 0.7625 0.3921875 0.184375 0.390625
1 0.59296875 0.50625 0.1296875 0.390625
1 0.7453125 0.40703125 0.390625 0.2515625
1 0.584375 0.421875 0.390625 0.259375
0 0.534375 0.4078125 0.390625 0.390625
1 0.2125 0.278125 0.121875 0.390625
0 0.496875 0.4640625 0.390625 0.390625
0 0.7984375 0.4703125 0.390625 0.390625
1 0.675 0.23359375 0.390625 0.1734375
0 0.7515625 0.490625 0.390625 0.390625
1 0.5078125 0.3609375 0.1625 0.390625
0 0.6 0.3609375 0.390625 0.390625
1 0.5625 0.2890625 0.25 0.390625
1 0.23125 0.25234375 0.390625 0.2203125
0 0.8046875 0.2421875 0.390625 0.390625
0 0.5578125 0.559375 0.390625 0.390625
1 0.5859375 0.2765625 0.271875 0.390625
1 0.6890625 0.509375 0.390625 0.1375
1 0.7109375 0.49609375 0.390625 0.2640625
1 0.83984375 0.271875 0.2546875 0.390625
1 0.603125 0.7359375 0.390625 0.153125
0 0.7453125 0.28125 0.390625 0.390625
0 0.8046875 0.2328125 0.390625 0.390625
1 0.64453125 0.7359375 0.2234375 0.390625
1 0.459375 0.340625 0.16875 0.390625