1 0.4 0.465625 0.171875 0.390625
0 0.6703125 0.746875 0.390625 0.390625
1 0.6953125 0.1140625 0.390625 0.209375
1 0.3234375 0.496875 0.390625 0.14375
0 0.7421875 0.45 0.390625 0.390625
1 0.440625 0.62578125 0.390625 0.1578125
0 0.228125 0.525 0.390625 0.390625
0 0.4734375 0.459375 0.390625 0.390625
1 0.440625 0.2640625 0.209375 0.390625
0 0.221875 0.5609375 0.390625 0.390625
1 0.6484375 0.3703125 0.265625 0.390625
1 0.2875 0.828125 0.390625 0.246875
1 0.2296875 0.465625 0.390625 0.19375
1 0.271875 0.71640625 0.390625 0.2015625
0 0.5375 0.4953125 0.390625 0.390625