1 0.7 0.61015625 0.390625 0.2671875
1 0.5953125 0.7328125 0.134375 0.390625
1 0.70859375 0.5546875 0.1703125 0.390625
0 0.6 0.70625 0.390625 0.390625
0 0.2453125 0.41875 0.390625 0.390625
0 0.6453125 0.5140625 0.390625 0.390625
0 0.8046875 0.73125 0.390625 0.390625
1 0.67265625 0.690625 0.2265625 0.390625
1 0.859375 0.5375 0.121875 0.390625
1 0.7875 0.56328125 0.390625 0.2609375
0 0.7859375 0.50625 0.390625 0.390625
0 0.63125 0.7515625 0.390625 0.390625
1 0.6609375 0.6421875 0.390625 0.24375
1 0.775 0.4359375 0.14375 0.390625
0 0.5875 0.6359375 0.390625 0.390625
0 0.8046875 0.646875 0.390625 0.390625
0 0.7359375 0.4625 0.390625 0.390625
1 0.6671875 0.76640625 0.390625 0.2640625
1 0.8046875 0.90546875 0.390625 0.1890625
0 0.7734375 0.4921875 0.390625 0.390625
1 0.71953125 0.6296875 0.1359375 0.390625
1 0.71796875 0.409375 0.2609375 0.390625
1 0.3296875 0.6203125 0.2125 0.390625
1 0.7265625 0.1578125 0.390625 0.24375
1 0.678125 0.56796875 0.390625 0.1328125
1 0.77734375 0.7140625 0.2390625 0.390625
1 0.8046875 0.51171875 0.390625 0.1984375
1 0.678125 0.2328125 0.390625 0.1375
0 0.584375 0.7421875 0.390625 0.390625
0 0.7546875 0.5375 0.390625 0.390625
0 0.5203125 0.8046875 0.390625 0.390625
0 0.7109375 0.746875 0.390625 0.390625
0 0.5984375 0.396875 0.390625 0.390625
1 0.62421875 0.7796875 0.1453125 0.390625
0 0.6578125 0.55625 0.390625 0.390625
1 0.68359375 0.7953125 0.1265625 0.390625
0 0.7140625 0.7203125 0.390625 0.390625
0 0.31875 0.6828125 0.390625 0.390625
0 0.740625 0.496875 0.390625 0.390625
0 0.7953125 0.615625 0.390625 0.390625
1 0.8046875 0.58984375 0.390625 0.1640625
0 0.7234375 0.3984375 0.390625 0.390625
0 0.7390625 0.5234375 0.390625 0.390625
0 0.7453125 0.678125 0.390625 0.390625
0 0.7359375 0.5171875 0.390625 0.390625
1 0.7109375 0.80546875 0.390625 0.1515625
0 0.69375 0.8046875 0.390625 0.390625
0 0.7515625 0.6515625 0.390625 0.390625
0 0.6875 0.7390625 0.390625 0.390625
1 0.70625 0.753125 0.390625 0.171875