0 0.2875 0.5125 0.390625 0.390625
1 0.78203125 0.4421875 0.2671875 0.390625
1 0.321875 0.8625 0.390625 0.225
0 0.321875 0.3546875 0.390625 0.390625
0 0.4546875 0.4234375 0.390625 0.390625
1 0.234375 0.25546875 0.390625 0.1890625
0 0.5921875 0.4765625 0.390625 0.390625
1 0.7421875 0.71875 0.390625 0.15625
1 0.3140625 0.35078125 0.390625 0.1359375
1 0.525 0.69765625 0.390625 0.1671875
0 0.528125 0.6859375 0.390625 0.390625
0 0.5609375 0.4109375 0.390625 0.390625
0 0.3046875 0.365625 0.390625 0.390625
1 0.58828125 0.403125 0.2265625 0.390625
0 0.1953125 0.2671875 0.390625 0.390625