1 0.2984375 0.6296875 0.2125 0.390625
1 0.321875 0.71015625 0.390625 0.1734375
0 0.684375 0.565625 0.390625 0.390625
0 0.453125 0.6890625 0.390625 0.390625
0 0.6578125 0.553125 0.390625 0.390625
1 0.15703125 0.3078125 0.2546875 0.390625
1 0.6859375 0.49765625 0.390625 0.2265625
0 0.5078125 0.6515625 0.390625 0.390625
1 0.4578125 0.44375 0.390625 0.15625
0 0.6921875 0.74375 0.390625 0.390625
1 0.3421875 0.86953125 0.390625 0.1265625
0 0.70625 0.64375 0.390625 0.390625
1 0.753125 0.4484375 0.390625 0.228125
0 0.4890625 0.2140625 0.390625 0.390625
1 0.60859375 0.6109375 0.2390625 0.390625