0 0.6171875 0.6859375 0.390625 0.390625
0 0.646875 0.7421875 0.390625 0.390625
1 0.56640625 0.7234375 0.1703125 0.390625
0 0.6921875 0.4078125 0.390625 0.390625
1 0.6921875 0.646875 0.24375 0.390625
0 0.6140625 0.7578125 0.390625 0.390625
1 0.584375 0.56953125 0.390625 0.2296875
1 0.4890625 0.325 0.390625 0.11875
1 0.6625 0.6859375 0.234375 0.390625
0 0.621875 0.609375 0.390625 0.390625
1 0.65 0.7390625 0.175 0.390625
0 0.5765625 0.646875 0.390625 0.390625
0 0.6984375 0.7953125 0.390625 0.390625
1 0.6328125 0.28828125 0.390625 0.2640625
0 0.6 0.4265625 0.390625 0.390625
0 0.7484375 0.7546875 0.390625 0.390625
1 0.246875 0.61328125 0.390625 0.2046875
0 0.646875 0.71875 0.390625 0.390625
0 0.6546875 0.1953125 0.390625 0.390625
0 0.671875 0.6484375 0.390625 0.390625
1 0.725 0.340625 0.390625 0.165625
0 0.2828125 0.21875 0.390625 0.390625
0 0.721875 0.6984375 0.390625 0.390625
0 0.675 0.7015625 0.390625 0.390625
0 0.603125 0.65625 0.390625 0.390625
1 0.5765625 0.6546875 0.265625 0.390625
1 0.603125 0.66484375 0.390625 0.2359375
0 0.709375 0.73125 0.390625 0.390625
0 0.6453125 0.1953125 0.390625 0.390625
1 0.6359375 0.734375 0.390625 0.153125
1 0.846875 0.3984375 0.15625 0.390625
1 0.6671875 0.65390625 0.390625 0.2265625
0 0.65625 0.725 0.390625 0.390625
1 0.534375 0.2234375 0.140625 0.390625
1 0.64375 0.6796875 0.390625 0.175
0 0.7453125 0.403125 0.390625 0.390625
1 0.546875 0.7984375 0.390625 0.23125
0 0.584375 0.1953125 0.390625 0.390625
0 0.8046875 0.775 0.390625 0.390625
0 0.6796875 0.8046875 0.390625 0.390625
1 0.621875 0.659375 0.221875 0.390625
1 0.37578125 0.6 0.2328125 0.390625
0 0.8015625 0.671875 0.390625 0.390625
1 0.63984375 0.6671875 0.1921875 0.390625
1 0.6296875 0.69296875 0.390625 0.1390625
0 0.6859375 0.2578125 0.390625 0.390625
0 0.665625 0.1984375 0.390625 0.390625
1 0.55625 0.1953125 0.26875 0.390625
0 0.5984375 0.715625 0.390625 0.390625
0 0.56875 0.509375 0.390625 0.390625