0 0.70625 0.4484375 0.390625 0.390625
1 0.396875 0.4921875 0.253125 0.390625
0 0.5203125 0.6828125 0.390625 0.390625
0 0.3703125 0.7890625 0.390625 0.390625
0 0.578125 0.4015625 0.390625 0.390625
1 0.74453125 0.3234375 0.1890625 0.390625
1 0.4578125 0.67109375 0.390625 0.2640625
1 0.396875 0.63515625 0.390625 0.1453125
0 0.646875 0.2890625 0.390625 0.390625
1 0.6984375 0.63125 0.390625 0.146875
0 0.5765625 0.41875 0.390625 0.390625
0 0.675 0.709375 0.390625 0.390625
0 0.5453125 0.4171875 0.390625 0.390625
1 0.853125 0.56875 0.2125 0.390625
1 0.440625 0.484375 0.390625 0.146875