0 0.5109375 0.278125 0.390625 0.390625
0 0.359375 0.35 0.390625 0.390625
0 0.7703125 0.2171875 0.390625 0.390625
1 0.27421875 0.33125 0.1515625 0.390625
1 0.653125 0.16875 0.390625 0.215625
1 0.46875 0.503125 0.159375 0.390625
0 0.225 0.259375 0.390625 0.390625
0 0.778125 0.315625 0.390625 0.390625
1 0.92265625 0.6890625 0.1203125 0.390625
0 0.584375 0.5828125 0.390625 0.390625
1 0.5109375 0.6125 0.390625 0.128125
0 0.2890625 0.2890625 0.390625 0.390625
1 0.6125 0.68828125 0.390625 0.2359375
0 0.6125 0.4734375 0.390625 0.390625
1 0.72421875 0.525 0.1421875 0.390625