1 0.5546875 0.34296875 0.390625 0.1921875
1 0.7390625 0.4609375 0.390625 0.2625
0 0.525 0.3546875 0.390625 0.390625
0 0.6390625 0.2890625 0.390625 0.390625
0 0.53125 0.1953125 0.390625 0.390625
0 0.7359375 0.3578125 0.390625 0.390625
1 0.4546875 0.471875 0.2375 0.390625
1 0.3390625 0.4796875 0.13125 0.390625
1 0.6859375 0.27890625 0.390625 0.1203125
1 0.8046875 0.35 0.390625 0.153125
0 0.590625 0.7578125 0.390625 0.390625
0 0.6828125 0.7875 0.390625 0.390625
0 0.29375 0.5796875 0.390625 0.390625
1 0.68984375 0.3296875 0.2171875 0.390625
0 0.58125 0.3015625 0.390625 0.390625
1 0.69140625 0.43125 0.1796875 0.390625
0 0.2859375 0.4640625 0.390625 0.390625
0 0.5671875 0.3328125 0.390625 0.390625
0 0.2828125 0.425 0.390625 0.390625
1 0.39765625 0.4515625 0.1859375 0.390625
0 0.5875 0.6078125 0.390625 0.390625
1 0.40078125 0.4203125 0.2390625 0.390625
1 0.7796875 0.25625 0.18125 0.390625
0 0.50625 0.346875 0.390625 0.390625
0 0.465625 0.640625 0.390625 0.390625
0 0.7578125 0.7015625 0.390625 0.390625
0 0.3875 0.765625 0.390625 0.390625
0 0.346875 0.50625 0.390625 0.390625
1 0.61875 0.7125 0.390625 0.246875
1 0.70625 0.65 0.18125 0.390625
1 0.784375 0.3203125 0.390625 0.171875
0 0.59375 0.6609375 0.390625 0.390625
1 0.72109375 0.7796875 0.2453125 0.390625
0 0.8046875 0.39375 0.390625 0.390625
0 0.609375 0.215625 0.390625 0.390625
1 0.58125 0.31953125 0.390625 0.1390625
1 0.5640625 0.28828125 0.390625 0.1390625
1 0.559375 0.2984375 0.390625 0.15625
0 0.4453125 0.484375 0.390625 0.390625
1 0.58984375 0.375 0.2390625 0.390625
0 0.2671875 0.759375 0.390625 0.390625
0 0.2765625 0.5125 0.390625 0.390625
1 0.7953125 0.27734375 0.390625 0.1203125
0 0.553125 0.40625 0.390625 0.390625
0 0.5484375 0.2609375 0.390625 0.390625
0 0.75625 0.3140625 0.390625 0.390625
1 0.728125 0.403125 0.190625 0.390625
1 0.79375 0.32109375 0.390625 0.1671875
0 0.3921875 0.4375 0.390625 0.390625
1 0.71484375 0.4015625 0.2703125 0.390625