1 0.6703125 0.23671875 0.390625 0.1203125
0 0.73125 0.7765625 0.390625 0.390625
1 0.7484375 0.13984375 0.390625 0.1453125
1 0.3375 0.2515625 0.140625 0.390625
0 0.48125 0.6296875 0.390625 0.390625
1 0.87578125 0.70625 0.1234375 0.390625
1 0.328125 0.1359375 0.390625 0.19375
0 0.5453125 0.3109375 0.390625 0.390625
1 0.27109375 0.621875 0.1703125 0.390625
0 0.73125 0.1953125 0.390625 0.390625
1 0.38984375 0.5578125 0.2359375 0.390625
1 0.3125 0.34140625 0.390625 0.1390625
0 0.7734375 0.459375 0.390625 0.390625
1 0.19375 0.2328125 0.19375 0.390625
1 0.78125 0.28125 0.390625 0.128125