1 0.66484375 0.396875 0.1671875 0.390625
0 0.7 0.4875 0.390625 0.390625
1 0.17578125 0.6484375 0.2359375 0.390625
0 0.55625 0.546875 0.390625 0.390625
1 0.40234375 0.321875 0.2640625 0.390625
1 0.6578125 0.47421875 0.390625 0.1359375
0 0.4515625 0.2859375 0.390625 0.390625
0 0.1953125 0.5515625 0.390625 0.390625
1 0.540625 0.36875 0.125 0.390625
1 0.3515625 0.5765625 0.390625 0.125
0 0.765625 0.790625 0.390625 0.390625
1 0.63359375 0.5859375 0.2546875 0.390625
0 0.4328125 0.3046875 0.390625 0.390625
1 0.28828125 0.7046875 0.2140625 0.390625
0 0.425 0.34375 0.390625 0.390625
1 0.196875 0.60234375 0.390625 0.2203125
1 0.29921875 0.553125 0.1328125 0.390625
1 0.50625 0.259375 0.178125 0.390625
1 0.7390625 0.54921875 0.390625 0.2703125
1 0.6109375 0.415625 0.390625 0.190625
1 0.3984375 0.47421875 0.390625 0.1265625
0 0.3484375 0.3328125 0.390625 0.390625
1 0.6984375 0.5890625 0.390625 0.128125
0 0.521875 0.4609375 0.390625 0.390625
0 0.1953125 0.7828125 0.390625 0.390625
0 0.6578125 0.6015625 0.390625 0.390625
1 0.484375 0.37578125 0.390625 0.1328125
0 0.453125 0.478125 0.390625 0.390625
0 0.23125 0.5921875 0.390625 0.390625
1 0.259375 0.6953125 0.390625 0.234375
0 0.309375 0.6625 0.390625 0.390625
1 0.1953125 0.615625 0.390625 0.2625
1 0.746875 0.66484375 0.390625 0.2234375
0 0.4984375 0.390625 0.390625 0.390625
0 0.4890625 0.721875 0.390625 0.390625
1 0.58125 0.5140625 0.390625 0.23125
0 0.2390625 0.6109375 0.390625 0.390625
1 0.596875 0.571875 0.11875 0.390625
0 0.6671875 0.4953125 0.390625 0.390625
1 0.26875 0.71875 0.140625 0.390625
1 0.265625 0.6375 0.25625 0.390625
0 0.5765625 0.4015625 0.390625 0.390625
1 0.6828125 0.65625 0.390625 0.11875
0 0.55 0.2859375 0.390625 0.390625
1 0.3515625 0.21171875 0.390625 0.2046875
0 0.428125 0.2203125 0.390625 0.390625
0 0.59375 0.4875 0.390625 0.390625
1 0.5640625 0.3765625 0.390625 0.259375
1 0.45234375 0.3015625 0.1203125 0.390625
0 0.5046875 0.221875 0.390625 0.390625