0 0.5 0.5171875 0.390625 0.390625
1 0.5515625 0.7734375 0.390625 0.121875
0 0.278125 0.6078125 0.390625 0.390625
0 0.50625 0.4203125 0.390625 0.390625
1 0.7734375 0.64453125 0.390625 0.1984375
0 0.4953125 0.6203125 0.390625 0.390625
0 0.6328125 0.3625 0.390625 0.390625
0 0.396875 0.7984375 0.390625 0.390625
0 0.378125 0.4125 0.390625 0.390625
0 0.2078125 0.6140625 0.390625 0.390625
0 0.3921875 0.753125 0.390625 0.390625
0 0.5046875 0.78125 0.390625 0.390625
1 0.2578125 0.88046875 0.390625 0.2359375
1 0.3375 0.690625 0.390625 0.225
0 0.75 0.4734375 0.390625 0.390625