0 0.8 0.2765625 0.390625 0.390625
0 0.246875 0.3015625 0.390625 0.390625
0 0.2453125 0.4078125 0.390625 0.390625
1 0.6984375 0.88046875 0.390625 0.1390625
1 0.415625 0.828125 0.390625 0.234375
1 0.20625 0.6296875 0.390625 0.1875
0 0.384375 0.5921875 0.390625 0.390625
1 0.428125 0.3828125 0.390625 0.15
1 0.25078125 0.3953125 0.1359375 0.390625
1 0.465625 0.1078125 0.390625 0.1875
1 0.55546875 0.7296875 0.2328125 0.390625
0 0.5921875 0.6140625 0.390625 0.390625
0 0.634375 0.4578125 0.390625 0.390625
1 0.53671875 0.6390625 0.1546875 0.390625
1 0.70703125 0.7265625 0.2046875 0.390625