1 0.709375 0.3828125 0.228125 0.390625
1 0.50625 0.32421875 0.390625 0.2515625
0 0.446875 0.475 0.390625 0.390625
0 0.44375 0.5734375 0.390625 0.390625
1 0.4953125 0.1953125 0.25 0.390625
1 0.6078125 0.1953125 0.203125 0.390625
0 0.484375 0.3890625 0.390625 0.390625
1 0.2578125 0.52890625 0.390625 0.2015625
1 0.628125 0.6734375 0.390625 0.165625
1 0.546875 0.353125 0.2125 0.390625
1 0.509375 0.15625 0.390625 0.15
1 0.728125 0.3609375 0.390625 0.25625
0 0.4875 0.303125 0.390625 0.390625
1 0.715625 0.80390625 0.390625 0.2453125
1 0.434375 0.59765625 0.390625 0.1828125
1 0.5015625 0.36171875 0.390625 0.2421875
0 0.6109375 0.1953125 0.390625 0.390625
1 0.5390625 0.46328125 0.390625 0.2078125
1 0.66953125 0.5796875 0.2171875 0.390625
0 0.51875 0.1953125 0.390625 0.390625
1 0.62890625 0.3984375 0.1796875 0.390625
1 0.625 0.2234375 0.215625 0.390625
1 0.659375 0.265625 0.271875 0.390625
0 0.428125 0.3125 0.390625 0.390625
1 0.61953125 0.5765625 0.1359375 0.390625
0 0.4796875 0.4 0.390625 0.390625
1 0.459375 0.3296875 0.390625 0.221875
1 0.49296875 0.1953125 0.1609375 0.390625
0 0.5390625 0.5203125 0.390625 0.390625
0 0.6203125 0.59375 0.390625 0.390625
0 0.584375 0.3140625 0.390625 0.390625
1 0.6265625 0.3609375 0.25625 0.390625
0 0.7625 0.36875 0.390625 0.390625
1 0.61875 0.39296875 0.390625 0.1671875
0 0.4703125 0.321875 0.390625 0.390625
0 0.3421875 0.5546875 0.390625 0.390625
1 0.6875 0.25546875 0.390625 0.1609375
0 0.41875 0.3609375 0.390625 0.390625
0 0.553125 0.1953125 0.390625 0.390625
0 0.7265625 0.2703125 0.390625 0.390625
0 0.4609375 0.4390625 0.390625 0.390625
0 0.4203125 0.4921875 0.390625 0.390625
1 0.5078125 0.53515625 0.390625 0.1671875
0 0.3234375 0.3953125 0.390625 0.390625
1 0.6 0.828125 0.390625 0.24375
0 0.55625 0.6125 0.390625 0.390625
0 0.8046875 0.2375 0.390625 0.390625
0 0.6578125 0.1953125 0.390625 0.390625
0 0.4890625 0.46875 0.390625 0.390625
0 0.4609375 0.346875 0.390625 0.390625