1 0.1390625 0.5171875 0.1375 0.390625
0 0.603125 0.3171875 0.390625 0.390625
1 0.31875 0.284375 0.390625 0.140625
1 0.7765625 0.365625 0.390625 0.26875
0 0.4796875 0.484375 0.390625 0.390625
0 0.2375 0.6734375 0.390625 0.390625
0 0.5859375 0.7515625 0.390625 0.390625
1 0.521875 0.4265625 0.25625 0.390625
0 0.6234375 0.603125 0.390625 0.390625
1 0.865625 0.509375 0.209375 0.390625
0 0.6984375 0.2328125 0.390625 0.390625
1 0.71875 0.190625 0.390625 0.13125
1 0.42734375 0.6109375 0.1671875 0.390625
1 0.4984375 0.26328125 0.390625 0.1921875
1 0.2140625 0.37421875 0.390625 0.2546875