1 0.5265625 0.75625 0.13125 0.390625
0 0.5484375 0.346875 0.390625 0.390625
1 0.53515625 0.509375 0.2515625 0.390625
0 0.7265625 0.571875 0.390625 0.390625
0 0.76875 0.553125 0.390625 0.390625
1 0.1390625 0.3703125 0.159375 0.390625
0 0.66875 0.509375 0.390625 0.390625
0 0.803125 0.7578125 0.390625 0.390625
1 0.75859375 0.609375 0.2546875 0.390625
0 0.3453125 0.515625 0.390625 0.390625
0 0.5359375 0.25 0.390625 0.390625
1 0.115625 0.3625 0.215625 0.390625
1 0.88125 0.4015625 0.134375 0.390625
0 0.478125 0.4171875 0.390625 0.390625
0 0.6 0.2484375 0.390625 0.390625