0 0.48125 0.309375 0.390625 0.390625
0 0.50625 0.5171875 0.390625 0.390625
0 0.621875 0.2953125 0.390625 0.390625
1 0.2984375 0.35859375 0.390625 0.1359375
1 0.70625 0.75234375 0.390625 0.2671875
0 0.2296875 0.29375 0.390625 0.390625
1 0.91171875 0.5609375 0.1328125 0.390625
1 0.5265625 0.5265625 0.11875 0.390625
0 0.575 0.2625 0.390625 0.390625
0 0.49375 0.5546875 0.390625 0.390625
0 0.340625 0.2109375 0.390625 0.390625
1 0.5546875 0.525 0.26875 0.390625
0 0.75625 0.6125 0.390625 0.390625
1 0.740625 0.82421875 0.390625 0.1265625
1 0.64140625 0.259375 0.1984375 0.390625