0 0.79375 0.5859375 0.390625 0.390625
0 0.4984375 0.68125 0.390625 0.390625
0 0.66875 0.31875 0.390625 0.390625
1 0.4734375 0.53515625 0.390625 0.1765625
1 0.4703125 0.54453125 0.390625 0.2234375
0 0.7203125 0.275 0.390625 0.390625
0 0.4328125 0.325 0.390625 0.390625
0 0.284375 0.63125 0.390625 0.390625
1 0.6015625 0.69609375 0.390625 0.1734375
0 0.2234375 0.503125 0.390625 0.390625
1 0.3359375 0.80859375 0.390625 0.2484375
0 0.3765625 0.3734375 0.390625 0.390625
1 0.525 0.55859375 0.390625 0.1921875
0 0.5484375 0.7796875 0.390625 0.390625
1 0.45234375 0.353125 0.2515625 0.390625
1 0.6546875 0.4328125 0.390625 0.15
1 0.478125 0.5328125 0.390625 0.20625
1 0.1984375 0.6953125 0.15 0.390625
0 0.4921875 0.6109375 0.390625 0.390625
1 0.5703125 0.328125 0.390625 0.19375
0 0.2125 0.6296875 0.390625 0.390625
0 0.6625 0.36875 0.390625 0.390625
0 0.7078125 0.3296875 0.390625 0.390625
0 0.48125 0.64375 0.390625 0.390625
1 0.5984375 0.40390625 0.390625 0.1421875
1 0.41171875 0.665625 0.2046875 0.390625
0 0.4140625 0.3609375 0.390625 0.390625
0 0.6890625 0.4375 0.390625 0.390625
0 0.665625 0.2609375 0.390625 0.390625
1 0.634375 0.52421875 0.390625 0.2421875
0 0.3015625 0.453125 0.390625 0.390625
0 0.396875 0.6265625 0.390625 0.390625
0 0.48125 0.571875 0.390625 0.390625
0 0.6140625 0.38125 0.390625 0.390625
1 0.50625 0.390625 0.209375 0.390625
0 0.3484375 0.3578125 0.390625 0.390625
0 0.446875 0.55625 0.390625 0.390625
0 0.584375 0.540625 0.390625 0.390625
0 0.4875 0.3484375 0.390625 0.390625
0 0.5859375 0.3640625 0.390625 0.390625
1 0.240625 0.55625 0.228125 0.390625
1 0.20625 0.659375 0.390625 0.134375
0 0.378125 0.5921875 0.390625 0.390625
0 0.678125 0.34375 0.390625 0.390625
1 0.434375 0.34140625 0.390625 0.1453125
0 0.315625 0.3421875 0.390625 0.390625
1 0.625 0.3671875 0.134375 0.390625
0 0.36875 0.4140625 0.390625 0.390625
1 0.240625 0.2921875 0.2 0.390625
1 0.50625 0.50234375 0.390625 0.2640625