1 0.4046875 0.26640625 0.390625 0.1359375
1 0.29140625 0.309375 0.1421875 0.390625
0 0.8046875 0.2359375 0.390625 0.390625
1 0.3140625 0.65 0.21875 0.390625
1 0.6984375 0.1546875 0.390625 0.18125
0 0.8046875 0.24375 0.390625 0.390625
0 0.359375 0.2796875 0.390625 0.390625
0 0.3796875 0.346875 0.390625 0.390625
0 0.246875 0.209375 0.390625 0.390625
1 0.45546875 0.3359375 0.1265625 0.390625
0 0.5953125 0.53125 0.390625 0.390625
1 0.86796875 0.3625 0.2171875 0.390625
1 0.7609375 0.3015625 0.390625 0.171875
0 0.721875 0.5109375 0.390625 0.390625
1 0.396875 0.2828125 0.390625 0.240625
0 0.3140625 0.271875 0.390625 0.390625
0 0.3609375 0.6453125 0.390625 0.390625
1 0.571875 0.296875 0.16875 0.390625
1 0.5828125 0.57421875 0.390625 0.2640625
0 0.8046875 0.2953125 0.390625 0.390625
0 0.4015625 0.240625 0.390625 0.390625
1 0.3765625 0.221875 0.26875 0.390625
1 0.7328125 0.56328125 0.390625 0.2421875
1 0.7484375 0.2625 0.125 0.390625
1 0.3015625 0.37421875 0.390625 0.2453125
1 0.446875 0.2484375 0.390625 0.165625
0 0.8046875 0.2171875 0.390625 0.390625
0 0.4375 0.2265625 0.390625 0.390625
1 0.83125 0.325 0.190625 0.390625
0 0.3953125 0.2578125 0.390625 0.390625
0 0.2953125 0.4078125 0.390625 0.390625
0 0.4203125 0.1953125 0.390625 0.390625
0 0.8046875 0.228125 0.390625 0.390625
1 0.33359375 0.278125 0.1390625 0.390625
0 0.35 0.2859375 0.390625 0.390625
1 0.36640625 0.3203125 0.2046875 0.390625
1 0.2640625 0.32421875 0.390625 0.1234375
1 0.81796875 0.2375 0.2453125 0.390625
0 0.5109375 0.7484375 0.390625 0.390625
0 0.3484375 0.29375 0.390625 0.390625
1 0.259375 0.24375 0.390625 0.24375
0 0.346875 0.30625 0.390625 0.390625
1 0.5734375 0.775 0.184375 0.390625
1 0.48125 0.15625 0.390625 0.159375
1 0.4703125 0.78984375 0.390625 0.2046875
0 0.3765625 0.2703125 0.390625 0.390625
0 0.46875 0.2703125 0.390625 0.390625
0 0.3625 0.284375 0.390625 0.390625
1 0.8390625 0.2796875 0.153125 0.390625
1 0.8046875 0.27890625 0.390625 0.2234375