0 0.5328125 0.4234375 0.390625 0.390625
1 0.515625 0.16328125 0.390625 0.2359375
1 0.1203125 0.46875 0.128125 0.390625
0 0.6078125 0.6734375 0.390625 0.390625
1 0.5 0.6640625 0.390625 0.153125
1 0.3859375 0.2 0.390625 0.190625
1 0.66171875 0.7046875 0.2296875 0.390625
1 0.61640625 0.71875 0.2078125 0.390625
0 0.390625 0.5171875 0.390625 0.390625
1 0.7546875 0.60859375 0.390625 0.1828125
1 0.21015625 0.403125 0.1609375 0.390625
1 0.5546875 0.690625 0.390625 0.184375
0 0.6921875 0.6828125 0.390625 0.390625
1 0.7328125 0.4265625 0.271875 0.390625
0 0.5796875 0.6859375 0.390625 0.390625