1 0.2046875 0.18125 0.390625 0.134375
1 0.8453125 0.5515625 0.13125 0.390625
0 0.3265625 0.5984375 0.390625 0.390625
0 0.465625 0.559375 0.390625 0.390625
1 0.2796875 0.628125 0.18125 0.390625
1 0.5671875 0.78828125 0.390625 0.1359375
0 0.7109375 0.784375 0.390625 0.390625
1 0.87421875 0.3078125 0.2046875 0.390625
0 0.25625 0.690625 0.390625 0.390625
0 0.803125 0.2 0.390625 0.390625
0 0.7015625 0.6890625 0.390625 0.390625
0 0.2125 0.275 0.390625 0.390625
1 0.7140625 0.46953125 0.390625 0.2546875
1 0.503125 0.128125 0.390625 0.134375
1 0.4984375 0.453125 0.2625 0.390625