0 0.6 0.31875 0.390625 0.390625
0 0.665625 0.5796875 0.390625 0.390625
0 0.2390625 0.584375 0.390625 0.390625
0 0.7640625 0.6515625 0.390625 0.390625
1 0.3703125 0.6609375 0.390625 0.259375
1 0.3984375 0.1453125 0.390625 0.24375
0 0.5125 0.3640625 0.390625 0.390625
1 0.76953125 0.75625 0.1578125 0.390625
1 0.5671875 0.646875 0.26875 0.390625
0 0.6421875 0.44375 0.390625 0.390625
0 0.253125 0.6171875 0.390625 0.390625
0 0.3203125 0.4515625 0.390625 0.390625
0 0.3484375 0.3421875 0.390625 0.390625
0 0.421875 0.74375 0.390625 0.390625
1 0.3828125 0.2875 0.390625 0.18125