0 0.38125 0.653125 0.390625 0.390625
1 0.696875 0.365625 0.390625 0.246875
1 0.753125 0.11484375 0.390625 0.1203125
0 0.3375 0.2984375 0.390625 0.390625
1 0.35 0.346875 0.15 0.390625
1 0.49765625 0.3734375 0.1203125 0.390625
1 0.7890625 0.23125 0.146875 0.390625
1 0.353125 0.6 0.390625 0.15625
0 0.646875 0.4390625 0.390625 0.390625
1 0.425 0.2296875 0.390625 0.2625
0 0.375 0.7234375 0.390625 0.390625
0 0.475 0.359375 0.390625 0.390625
0 0.784375 0.7765625 0.390625 0.390625
1 0.55 0.265625 0.128125 0.390625
0 0.646875 0.7453125 0.390625 0.390625