0 0.5125 0.246875 0.390625 0.390625
1 0.2796875 0.50078125 0.390625 0.1921875
0 0.5390625 0.4765625 0.390625 0.390625
0 0.2390625 0.509375 0.390625 0.390625
0 0.3984375 0.703125 0.390625 0.390625
0 0.7296875 0.3953125 0.390625 0.390625
1 0.21640625 0.39375 0.1203125 0.390625
0 0.478125 0.1984375 0.390625 0.390625
1 0.3421875 0.62578125 0.390625 0.1546875
0 0.615625 0.665625 0.390625 0.390625
1 0.4125 0.325 0.390625 0.175
0 0.5984375 0.79375 0.390625 0.390625
1 0.471875 0.5578125 0.203125 0.390625
0 0.6984375 0.5796875 0.390625 0.390625
0 0.778125 0.753125 0.390625 0.390625