1 0.5734375 0.71796875 0.390625 0.2421875
0 0.6859375 0.684375 0.390625 0.390625
0 0.634375 0.415625 0.390625 0.390625
1 0.2453125 0.484375 0.19375 0.390625
1 0.58125 0.5421875 0.390625 0.209375
0 0.290625 0.315625 0.390625 0.390625
0 0.5828125 0.4515625 0.390625 0.390625
0 0.678125 0.5453125 0.390625 0.390625
0 0.3875 0.403125 0.390625 0.390625
1 0.21953125 0.5515625 0.2453125 0.390625
0 0.359375 0.4515625 0.390625 0.390625
1 0.1984375 0.5765625 0.2125 0.390625
1 0.7 0.5578125 0.209375 0.390625
1 0.30625 0.39609375 0.390625 0.2171875
0 0.396875 0.5453125 0.390625 0.390625