1 0.40625 0.371875 0.2375 0.390625
1 0.28671875 0.340625 0.1703125 0.390625
0 0.446875 0.771875 0.390625 0.390625
0 0.3359375 0.8046875 0.390625 0.390625
1 0.378125 0.8046875 0.184375 0.390625
1 0.6515625 0.4953125 0.390625 0.146875
1 0.690625 0.5203125 0.390625 0.196875
1 0.7171875 0.4265625 0.390625 0.2125
0 0.2265625 0.48125 0.390625 0.390625
1 0.3421875 0.51796875 0.390625 0.1734375
1 0.7546875 0.46875 0.390625 0.2125
0 0.3921875 0.8046875 0.390625 0.390625
1 0.4 0.81875 0.390625 0.19375
0 0.3015625 0.7671875 0.390625 0.390625
0 0.215625 0.471875 0.390625 0.390625
0 0.43125 0.8046875 0.390625 0.390625
1 0.234375 0.39296875 0.390625 0.1859375
0 0.36875 0.403125 0.390625 0.390625
0 0.3546875 0.8046875 0.390625 0.390625
0 0.790625 0.45625 0.390625 0.390625
0 0.353125 0.7984375 0.390625 0.390625
1 0.4109375 0.7765625 0.390625 0.209375
1 0.42421875 0.8046875 0.1328125 0.390625
0 0.8046875 0.49375 0.390625 0.390625
1 0.38359375 0.759375 0.2390625 0.390625
0 0.3609375 0.8046875 0.390625 0.390625
0 0.403125 0.3625 0.390625 0.390625
1 0.34375 0.740625 0.390625 0.15625
1 0.30625 0.86640625 0.390625 0.1453125
0 0.3390625 0.8015625 0.390625 0.390625
0 0.55 0.7171875 0.390625 0.390625
0 0.240625 0.5359375 0.390625 0.390625
1 0.45546875 0.771875 0.1890625 0.390625
0 0.51875 0.8015625 0.390625 0.390625
1 0.328125 0.38125 0.203125 0.390625
1 0.78359375 0.6546875 0.2390625 0.390625
1 0.35625 0.2375 0.175 0.390625
1 0.8046875 0.5546875 0.390625 0.234375
0 0.8046875 0.5421875 0.390625 0.390625
0 0.4359375 0.740625 0.390625 0.390625
0 0.8046875 0.475 0.390625 0.390625
0 0.7796875 0.61875 0.390625 0.390625
0 0.2625 0.465625 0.390625 0.390625
0 0.4875 0.803125 0.390625 0.390625
0 0.4234375 0.8046875 0.390625 0.390625
1 0.7859375 0.5375 0.13125 0.390625
0 0.74375 0.6453125 0.390625 0.390625
0 0.3265625 0.41875 0.390625 0.390625
0 0.215625 0.4078125 0.390625 0.390625
1 0.7546875 0.81484375 0.390625 0.2234375