1 0.31875 0.87734375 0.390625 0.1546875
0 0.2734375 0.8046875 0.390625 0.390625
1 0.728125 0.69765625 0.390625 0.2453125
1 0.3578125 0.8328125 0.390625 0.14375
0 0.75 0.5375 0.390625 0.390625
0 0.425 0.625 0.390625 0.390625
1 0.3015625 0.78125 0.121875 0.390625
1 0.521875 0.5875 0.390625 0.184375
1 0.503125 0.4390625 0.390625 0.1875
0 0.4359375 0.5265625 0.390625 0.390625
0 0.7984375 0.3234375 0.390625 0.390625
1 0.334375 0.8046875 0.178125 0.390625
0 0.7921875 0.2734375 0.390625 0.390625
0 0.53125 0.721875 0.390625 0.390625
0 0.70625 0.209375 0.390625 0.390625
1 0.409375 0.5390625 0.2625 0.390625
0 0.8046875 0.1953125 0.390625 0.390625
0 0.4578125 0.71875 0.390625 0.390625
0 0.6703125 0.36875 0.390625 0.390625
0 0.534375 0.5140625 0.390625 0.390625
0 0.8046875 0.29375 0.390625 0.390625
0 0.4546875 0.65625 0.390625 0.390625
1 0.78125 0.29375 0.390625 0.240625
0 0.8046875 0.2515625 0.390625 0.390625
0 0.375 0.5296875 0.390625 0.390625
1 0.459375 0.58984375 0.390625 0.2421875
1 0.596875 0.6375 0.2625 0.390625
0 0.5296875 0.5203125 0.390625 0.390625
0 0.5640625 0.5609375 0.390625 0.390625
0 0.396875 0.6046875 0.390625 0.390625
0 0.2171875 0.8046875 0.390625 0.390625
1 0.39921875 0.55625 0.1890625 0.390625
0 0.5 0.6171875 0.390625 0.390625
1 0.27734375 0.8046875 0.2546875 0.390625
0 0.5890625 0.725 0.390625 0.390625
0 0.228125 0.8046875 0.390625 0.390625
1 0.3671875 0.4171875 0.390625 0.259375
1 0.571875 0.5734375 0.13125 0.390625
1 0.1953125 0.8890625 0.390625 0.221875
1 0.51875 0.80078125 0.390625 0.2140625
0 0.6421875 0.3421875 0.390625 0.390625
0 0.2578125 0.66875 0.390625 0.390625
1 0.4203125 0.58125 0.390625 0.23125
0 0.496875 0.5765625 0.390625 0.390625
0 0.6921875 0.5046875 0.390625 0.390625
1 0.8046875 0.33125 0.390625 0.221875
0 0.7359375 0.621875 0.390625 0.390625
1 0.15078125 0.3671875 0.2609375 0.390625
1 0.5640625 0.653125 0.14375 0.390625
1 0.6390625 0.3890625 0.175 0.390625