0 0.4546875 0.428125 0.390625 0.390625
0 0.6078125 0.465625 0.390625 0.390625
1 0.79296875 0.371875 0.1359375 0.390625
0 0.365625 0.5484375 0.390625 0.390625
0 0.6890625 0.584375 0.390625 0.390625
1 0.4375 0.68203125 0.390625 0.1703125
1 0.675 0.6 0.390625 0.2125
0 0.35 0.746875 0.390625 0.390625
1 0.58671875 0.54375 0.2640625 0.390625
1 0.42109375 0.7296875 0.2515625 0.390625
1 0.7265625 0.28984375 0.390625 0.2203125
1 0.3484375 0.5015625 0.390625 0.215625
0 0.3625 0.20625 0.390625 0.390625
0 0.51875 0.7671875 0.390625 0.390625
0 0.553125 0.4140625 0.390625 0.390625