1 0.47734375 0.375 0.2703125 0.390625
0 0.309375 0.6984375 0.390625 0.390625
1 0.40703125 0.378125 0.1984375 0.390625
0 0.5359375 0.771875 0.390625 0.390625
1 0.4421875 0.31328125 0.390625 0.2328125
0 0.659375 0.6859375 0.390625 0.390625
1 0.6609375 0.4734375 0.23125 0.390625
0 0.615625 0.6890625 0.390625 0.390625
1 0.48671875 0.403125 0.2078125 0.390625
0 0.6125 0.725 0.390625 0.390625
0 0.78125 0.690625 0.390625 0.390625
1 0.64921875 0.625 0.2140625 0.390625
1 0.88203125 0.7859375 0.1890625 0.390625
1 0.49296875 0.2046875 0.1234375 0.390625
1 0.82265625 0.4484375 0.1546875 0.390625