0 0.275 0.2140625 0.390625 0.390625
1 0.6609375 0.57421875 0.390625 0.2421875
0 0.740625 0.675 0.390625 0.390625
1 0.93125 0.29375 0.128125 0.390625
0 0.6796875 0.3953125 0.390625 0.390625
0 0.675 0.540625 0.390625 0.390625
1 0.4640625 0.38359375 0.390625 0.2328125
0 0.3125 0.2796875 0.390625 0.390625
1 0.6125 0.7109375 0.390625 0.16875
0 0.2171875 0.578125 0.390625 0.390625
1 0.36875 0.83671875 0.390625 0.1828125
1 0.3609375 0.68984375 0.390625 0.2015625
1 0.2484375 0.2515625 0.2375 0.390625
1 0.59375 0.66015625 0.390625 0.1296875
1 0.7828125 0.7828125 0.390625 0.2625