1 0.5109375 0.76328125 0.390625 0.1171875
0 0.603125 0.7328125 0.390625 0.390625
0 0.5421875 0.4421875 0.390625 0.390625
1 0.7828125 0.5734375 0.390625 0.240625
0 0.5328125 0.615625 0.390625 0.390625
1 0.453125 0.696875 0.15 0.390625
0 0.359375 0.8046875 0.390625 0.390625
1 0.51484375 0.8046875 0.2515625 0.390625
0 0.49375 0.746875 0.390625 0.390625
0 0.58125 0.440625 0.390625 0.390625
0 0.8 0.6625 0.390625 0.390625
1 0.47734375 0.725 0.1296875 0.390625
1 0.6625 0.459375 0.390625 0.2375
0 0.51875 0.46875 0.390625 0.390625
1 0.7546875 0.61875 0.390625 0.121875
1 0.253125 0.75 0.146875 0.390625
0 0.4515625 0.753125 0.390625 0.390625
1 0.225 0.29375 0.2625 0.390625
1 0.6484375 0.2828125 0.234375 0.390625
0 0.39375 0.409375 0.390625 0.390625
0 0.55 0.48125 0.390625 0.390625
1 0.5703125 0.4546875 0.2625 0.390625
0 0.6 0.4171875 0.390625 0.390625
0 0.365625 0.7609375 0.390625 0.390625
1 0.55078125 0.3703125 0.2359375 0.390625
1 0.5828125 0.48515625 0.390625 0.1765625
0 0.69375 0.428125 0.390625 0.390625
0 0.440625 0.8046875 0.390625 0.390625
1 0.7515625 0.4296875 0.390625 0.265625
1 0.34765625 0.325 0.2359375 0.390625
1 0.5734375 0.6875 0.390625 0.125
1 0.33125 0.86796875 0.390625 0.1609375
0 0.6546875 0.6734375 0.390625 0.390625
1 0.4203125 0.35 0.390625 0.18125
1 0.503125 0.74921875 0.390625 0.2171875
0 0.5859375 0.4453125 0.390625 0.390625
1 0.7734375 0.4234375 0.15 0.390625
0 0.278125 0.4515625 0.390625 0.390625
0 0.753125 0.4984375 0.390625 0.390625
0 0.71875 0.4859375 0.390625 0.390625
0 0.6609375 0.54375 0.390625 0.390625
1 0.6140625 0.34765625 0.390625 0.2140625
0 0.725 0.58125 0.390625 0.390625
0 0.44375 0.728125 0.390625 0.390625
1 0.7171875 0.44453125 0.390625 0.1515625
0 0.396875 0.7859375 0.390625 0.390625
0 0.6171875 0.1953125 0.390625 0.390625
1 0.540625 0.225 0.18125 0.390625
0 0.559375 0.76875 0.390625 0.390625
0 0.4765625 0.2515625 0.390625 0.390625