0 0.2859375 0.41875 0.390625 0.390625
1 0.4625 0.37734375 0.390625 0.1296875
1 0.77890625 0.56875 0.2015625 0.390625
0 0.628125 0.7890625 0.390625 0.390625
1 0.61796875 0.5578125 0.2609375 0.390625
0 0.6671875 0.2953125 0.390625 0.390625
1 0.80625 0.7671875 0.2375 0.390625
0 0.525 0.5625 0.390625 0.390625
1 0.4484375 0.5 0.134375 0.390625
1 0.321875 0.34765625 0.390625 0.1671875
1 0.296875 0.4140625 0.215625 0.390625
1 0.725 0.86953125 0.390625 0.1328125
1 0.5921875 0.60859375 0.390625 0.2296875
1 0.53125 0.2453125 0.26875 0.390625
0 0.721875 0.7046875 0.390625 0.390625