1 0.23671875 0.2703125 0.2015625 0.390625
0 0.296875 0.2734375 0.390625 0.390625
0 0.5078125 0.65625 0.390625 0.390625
1 0.5140625 0.83046875 0.390625 0.1328125
1 0.278125 0.2296875 0.209375 0.390625
1 0.3984375 0.81875 0.390625 0.15
1 0.6125 0.790625 0.125 0.390625
1 0.44296875 0.7828125 0.1328125 0.390625
0 0.8046875 0.2984375 0.390625 0.390625
0 0.425 0.7765625 0.390625 0.390625
0 0.2046875 0.6265625 0.390625 0.390625
1 0.29375 0.3328125 0.13125 0.390625
0 0.24375 0.271875 0.390625 0.390625
0 0.3484375 0.65625 0.390625 0.390625
0 0.2 0.74375 0.390625 0.390625
0 0.3875 0.8046875 0.390625 0.390625
0 0.359375 0.1953125 0.390625 0.390625
1 0.43984375 0.3453125 0.2328125 0.390625
1 0.2453125 0.2265625 0.228125 0.390625
0 0.2515625 0.4265625 0.390625 0.390625
0 0.440625 0.5546875 0.390625 0.390625
1 0.80078125 0.3 0.2421875 0.390625
1 0.76171875 0.2578125 0.1703125 0.390625
1 0.3890625 0.2875 0.246875 0.390625
0 0.4953125 0.384375 0.390625 0.390625
0 0.3734375 0.490625 0.390625 0.390625
0 0.3921875 0.409375 0.390625 0.390625
0 0.3703125 0.728125 0.390625 0.390625
1 0.5328125 0.7796875 0.390625 0.11875
1 0.446875 0.784375 0.390625 0.190625
1 0.228125 0.4171875 0.390625 0.153125
0 0.2984375 0.8046875 0.390625 0.390625
1 0.8375 0.228125 0.271875 0.390625
1 0.43984375 0.3484375 0.1984375 0.390625
1 0.6171875 0.5890625 0.390625 0.21875
1 0.6796875 0.7171875 0.390625 0.19375
1 0.30234375 0.1953125 0.2578125 0.390625
1 0.3265625 0.234375 0.390625 0.184375
1 0.8046875 0.2640625 0.390625 0.21875
0 0.378125 0.3359375 0.390625 0.390625
1 0.88046875 0.2046875 0.1828125 0.390625
1 0.3671875 0.296875 0.19375 0.390625
1 0.296875 0.34921875 0.390625 0.2046875
1 0.3796875 0.403125 0.390625 0.165625
1 0.9015625 0.3453125 0.134375 0.390625
1 0.4328125 0.2296875 0.121875 0.390625
0 0.8046875 0.378125 0.390625 0.390625
1 0.7859375 0.35625 0.390625 0.175
1 0.25625 0.4359375 0.390625 0.209375
1 0.3078125 0.2203125 0.390625 0.259375