0 0.328125 0.4515625 0.390625 0.390625
1 0.7984375 0.209375 0.390625 0.253125
0 0.646875 0.4375 0.390625 0.390625
0 0.7984375 0.325 0.390625 0.390625
0 0.7546875 0.315625 0.390625 0.390625
0 0.3921875 0.2265625 0.390625 0.390625
1 0.396875 0.4828125 0.390625 0.246875
1 0.44453125 0.4375 0.2609375 0.390625
0 0.5125 0.58125 0.390625 0.390625
1 0.66328125 0.61875 0.1953125 0.390625
0 0.2015625 0.328125 0.390625 0.390625
1 0.5921875 0.325 0.221875 0.390625
0 0.525 0.5265625 0.390625 0.390625
0 0.7109375 0.309375 0.390625 0.390625
0 0.8 0.521875 0.390625 0.390625