1 0.3484375 0.57734375 0.390625 0.1953125
0 0.56875 0.3921875 0.390625 0.390625
1 0.75 0.571875 0.240625 0.390625
1 0.246875 0.54921875 0.390625 0.2171875
0 0.5296875 0.4796875 0.390625 0.390625
0 0.2890625 0.703125 0.390625 0.390625
0 0.2453125 0.7390625 0.390625 0.390625
1 0.5171875 0.44453125 0.390625 0.2359375
0 0.2671875 0.2234375 0.390625 0.390625
0 0.21875 0.2703125 0.390625 0.390625
1 0.7859375 0.909375 0.390625 0.125
1 0.3734375 0.140625 0.390625 0.14375
0 0.3734375 0.309375 0.390625 0.390625
0 0.409375 0.2625 0.390625 0.390625
0 0.3859375 0.4625 0.390625 0.390625