0 0.490625 0.59375 0.390625 0.390625
0 0.4953125 0.4625 0.390625 0.390625
1 0.7171875 0.2796875 0.2 0.390625
1 0.09375 0.3078125 0.1875 0.390625
0 0.4984375 0.5140625 0.390625 0.390625
1 0.41015625 0.6015625 0.1546875 0.390625
0 0.40625 0.6625 0.390625 0.390625
0 0.4921875 0.496875 0.390625 0.390625
0 0.8 0.2046875 0.390625 0.390625
0 0.5640625 0.3484375 0.390625 0.390625
0 0.3546875 0.4765625 0.390625 0.390625
0 0.25 0.7515625 0.390625 0.390625
1 0.803125 0.4609375 0.390625 0.15625
0 0.6265625 0.75 0.390625 0.390625
0 0.35 0.2546875 0.390625 0.390625