0 0.2265625 0.609375 0.390625 0.390625
1 0.2265625 0.3953125 0.2375 0.390625
0 0.696875 0.4046875 0.390625 0.390625
1 0.7890625 0.709375 0.390625 0.265625
1 0.6859375 0.39609375 0.390625 0.1609375
1 0.8046875 0.8359375 0.390625 0.225
1 0.2765625 0.88984375 0.390625 0.1609375
0 0.3453125 0.4015625 0.390625 0.390625
0 0.5359375 0.3828125 0.390625 0.390625
1 0.67890625 0.6328125 0.1265625 0.390625
1 0.14921875 0.4171875 0.1390625 0.390625
1 0.646875 0.62421875 0.390625 0.1390625
1 0.5265625 0.6359375 0.390625 0.134375
1 0.6453125 0.6734375 0.390625 0.159375
1 0.21796875 0.609375 0.2171875 0.390625
0 0.675 0.7109375 0.390625 0.390625
1 0.3109375 0.25625 0.271875 0.390625
1 0.7265625 0.6875 0.259375 0.390625
1 0.4828125 0.390625 0.1375 0.390625
1 0.39375 0.45 0.215625 0.390625
0 0.659375 0.7359375 0.390625 0.390625
1 0.5859375 0.19296875 0.390625 0.2296875
0 0.771875 0.6046875 0.390625 0.390625
0 0.459375 0.503125 0.390625 0.390625
1 0.47734375 0.3921875 0.2328125 0.390625
0 0.75625 0.5359375 0.390625 0.390625
0 0.6671875 0.634375 0.390625 0.390625
0 0.275 0.525 0.390625 0.390625
0 0.703125 0.74375 0.390625 0.390625
0 0.3828125 0.253125 0.390625 0.390625
0 0.8046875 0.690625 0.390625 0.390625
0 0.2703125 0.559375 0.390625 0.390625
0 0.5109375 0.534375 0.390625 0.390625
0 0.8046875 0.703125 0.390625 0.390625
1 0.6421875 0.5859375 0.390625 0.1375
1 0.53359375 0.41875 0.2421875 0.390625
0 0.8046875 0.76875 0.390625 0.390625
1 0.55625 0.6328125 0.265625 0.390625
1 0.6609375 0.76796875 0.390625 0.2703125
0 0.6765625 0.70625 0.390625 0.390625
0 0.8046875 0.6765625 0.390625 0.390625
1 0.66015625 0.6546875 0.2484375 0.390625
1 0.65703125 0.6953125 0.2328125 0.390625
0 0.6 0.6046875 0.390625 0.390625
0 0.6515625 0.6765625 0.390625 0.390625
0 0.3515625 0.2515625 0.390625 0.390625
0 0.4453125 0.4078125 0.390625 0.390625
1 0.771875 0.6296875 0.26875 0.390625
1 0.61875 0.675 0.134375 0.390625
1 0.65546875 0.6609375 0.2078125 0.390625