1 0.4140625 0.74609375 0.390625 0.1171875
0 0.328125 0.746875 0.390625 0.390625
0 0.196875 0.6578125 0.390625 0.390625
0 0.1953125 0.7640625 0.390625 0.390625
0 0.4609375 0.5921875 0.390625 0.390625
0 0.546875 0.5515625 0.390625 0.390625
0 0.1953125 0.371875 0.390625 0.390625
1 0.4046875 0.55 0.128125 0.390625
1 0.31875 0.69296875 0.390625 0.2421875
1 0.4453125 0.603125 0.196875 0.390625
0 0.4671875 0.4828125 0.390625 0.390625
0 0.4125 0.5953125 0.390625 0.390625
0 0.4609375 0.5484375 0.390625 0.390625
0 0.6640625 0.2921875 0.390625 0.390625
0 0.46875 0.55 0.390625 0.390625
1 0.34375 0.74375 0.175 0.390625
0 0.278125 0.621875 0.390625 0.390625
1 0.1984375 0.80703125 0.390625 0.1640625
1 0.3765625 0.46796875 0.390625 0.1828125
0 0.3703125 0.7875 0.390625 0.390625
1 0.36875 0.61875 0.390625 0.265625
0 0.2109375 0.6921875 0.390625 0.390625
1 0.4484375 0.41171875 0.390625 0.1546875
1 0.2515625 0.83671875 0.390625 0.2640625
1 0.5515625 0.50390625 0.390625 0.1578125
1 0.6453125 0.7671875 0.390625 0.225
0 0.4046875 0.6265625 0.390625 0.390625
1 0.3203125 0.7875 0.390625 0.271875
0 0.3328125 0.375 0.390625 0.390625
1 0.471875 0.4890625 0.121875 0.390625
1 0.3921875 0.56015625 0.390625 0.2359375
1 0.1953125 0.746875 0.390625 0.26875
0 0.309375 0.740625 0.390625 0.390625
1 0.265625 0.725 0.2125 0.390625
0 0.3078125 0.66875 0.390625 0.390625
1 0.37734375 0.5984375 0.2390625 0.390625
0 0.428125 0.2328125 0.390625 0.390625
0 0.4828125 0.4984375 0.390625 0.390625
1 0.4234375 0.515625 0.390625 0.265625
1 0.42578125 0.4375 0.1953125 0.390625
1 0.3078125 0.5859375 0.390625 0.225
0 0.2390625 0.7546875 0.390625 0.390625
0 0.396875 0.5484375 0.390625 0.390625
0 0.4375 0.6546875 0.390625 0.390625
0 0.2953125 0.74375 0.390625 0.390625
1 0.61015625 0.5734375 0.2328125 0.390625
0 0.5140625 0.5046875 0.390625 0.390625
0 0.1953125 0.6984375 0.390625 0.390625
0 0.4453125 0.55625 0.390625 0.390625
0 0.4875 0.5046875 0.390625 0.390625