0 0.35234375 0.3328125 0.03359375 0.046875
0 0.240625 0.40625 0.0375 0.03359375
0 0.43515625 0.453125 0.053125 0.015625
0 0.43359375 0.49921875 0.034375 0.04140625
0 0.5703125 0.5109375 0.0578125 0.0171875
0 0.61484375 0.5921875 0.03828125 0.0453125
0 0.55234375 0.68515625 0.02578125 0.04453125
0 0.62890625 0.66640625 0.02421875 0.04765625
0 0.559375 0.73984375 0.046875 0.02578125
0 0.65859375 0.778125 0.0546875 0.01640625
0 0.39765625 0.73828125 0.04296875 0.03828125
0 0.4484375 0.6875 0.05078125 0.021875
0 0.57109375 0.29296875 0.03828125 0.02890625
0 0.68828125 0.378125 0.04453125 0.021875
0 0.6375 0.4453125 0.03828125 0.0421875
0 0.746875 0.503125 0.0453125 0.02578125
0 0.2328125 0.60703125 0.0453125 0.0421875