1 0.4625 0.2796875 0.028125 0.04375
1 0.46015625 0.571875 0.03125 0.0421875
1 0.33203125 0.59453125 0.03125 0.034375
1 0.646875 0.40625 0.03125 0.059375
1 0.38984375 0.37265625 0.04375 0.0359375
0 0.3984375 0.79609375 0.0375 0.05625
0 0.44140625 0.6765625 0.0390625 0.059375
0 0.3890625 0.49453125 0.0609375 0.028125
0 0.52578125 0.3953125 0.0609375 0.04375
0 0.58359375 0.61640625 0.05 0.0453125
0 0.28046875 0.28671875 0.0328125 0.071875
0 0.603125 0.2796875 0.059375 0.0375
0 0.64453125 0.51328125 0.040625 0.0625
0 0.26015625 0.41484375 0.034375 0.071875