0 0.3734375 0.70625 0.053125 0.071875
0 0.34609375 0.70546875 0.0484375 0.059375
1 0.31171875 0.7 0.0234375 0.0640625
1 0.265625 0.65390625 0.0328125 0.0484375
1 0.16796875 0.6578125 0.075 0.015625
1 0.19375 0.59296875 0.05625 0.046875
0 0.27265625 0.61328125 0.103125 0.01875
1 0.35078125 0.59453125 0.04375 0.04375
1 0.2328125 0.5828125 0.06875 0.015625
1 0.3375 0.56484375 0.071875 0.040625
1 0.2890625 0.56875 0.025 0.071875
1 0.34921875 0.52265625 0.0375 0.0375
1 0.203125 0.4984375 0.075 0.03125
1 0.45625 0.65859375 0.0625 0.0671875
1 0.5296875 0.6234375 0.0734375 0.028125
0 0.6015625 0.709375 0.03125 0.0578125
1 0.640625 0.659375 0.025 0.053125
1 0.7265625 0.596875 0.1 0.021875
0 0.72109375 0.57890625 0.103125 0.01875
0 0.90234375 0.54921875 0.0734375 0.046875
1 0.76484375 0.5171875 0.08125 0.0359375
1 0.63515625 0.5109375 0.025 0.06875
1 0.5671875 0.50625 0.0609375 0.034375
1 0.59453125 0.490625 0.05 0.0375
0 0.49453125 0.5546875 0.090625 0.0203125
1 0.40234375 0.56875 0.025 0.0515625
1 0.47265625 0.57890625 0.0625 0.03125
1 0.16015625 0.44453125 0.0375 0.05625
1 0.15546875 0.39296875 0.05 0.03125
0 0.1953125 0.42734375 0.05 0.05625
0 0.234375 0.43046875 0.06875 0.0625
1 0.77109375 0.43515625 0.06875 0.03125
1 0.56015625 0.44453125 0.09375 0.0375
1 0.61015625 0.40390625 0.034375 0.0734375
1 0.6546875 0.41875 0.028125 0.05625
1 0.76875 0.4046875 0.08125 0.0328125
1 0.50078125 0.4484375 0.0453125 0.05
1 0.571875 0.3515625 0.053125 0.05
0 0.534375 0.39296875 0.109375 0.0375
1 0.46796875 0.42578125 0.028125 0.028125
1 0.475 0.34296875 0.065625 0.03125
1 0.37265625 0.32578125 0.0703125 0.0484375
1 0.30625 0.3796875 0.06875 0.021875
1 0.2796875 0.33671875 0.0390625 0.0390625
0 0.3265625 0.42734375 0.0921875 0.04375
0 0.3296875 0.4734375 0.0765625 0.01875
0 0.3765625 0.4953125 0.084375 0.021875