0 0.2671875 0.36953125 0.0375 0.04375
0 0.32109375 0.5171875 0.04609375 0.0421875
0 0.41875 0.5125 0.02265625 0.0546875
0 0.553125 0.51640625 0.0515625 0.025
0 0.6375 0.55859375 0.03203125 0.04453125
0 0.36953125 0.6171875 0.04296875 0.03515625
0 0.5 0.28984375 0.04609375 0.0171875
0 0.48984375 0.41953125 0.0453125 0.03203125
1 0.41484375 0.27109375 0.0421875 0.0296875
0 0.6078125 0.29921875 0.040625 0.0359375
0 0.62890625 0.41953125 0.0453125 0.03515625
0 0.50390625 0.60703125 0.0171875 0.05390625
0 0.378125 0.4296875 0.01640625 0.046875
0 0.61875 0.6296875 0.03359375 0.04609375