1 0.1859375 0.69296875 0.06875 0.0375
1 0.26875 0.31640625 0.053125 0.046875
0 0.3140625 0.53359375 0.0421875 0.1078125
1 0.3578125 0.5078125 0.046875 0.084375
0 0.43515625 0.6203125 0.04375 0.1015625
1 0.38984375 0.3140625 0.0453125 0.06875
1 0.2734375 0.76640625 0.0453125 0.0625
1 0.18046875 0.4921875 0.078125 0.046875
1 0.7421875 0.28671875 0.065625 0.0625
1 0.79609375 0.57421875 0.0625 0.0515625
1 0.7015625 0.43359375 0.071875 0.040625
1 0.5921875 0.478125 0.065625 0.0484375
1 0.5890625 0.69609375 0.0640625 0.0375
1 0.58984375 0.7421875 0.04375 0.0578125
1 0.56484375 0.20078125 0.06875 0.053125
1 0.45 0.3296875 0.05 0.078125
0 0.39765625 0.675 0.084375 0.059375
0 0.50078125 0.53515625 0.09375 0.0421875
0 0.52265625 0.1453125 0.096875 0.046875
0 0.76171875 0.390625 0.09375 0.05