1 0.396875 0.80859375 0.125 0.053125
1 0.528125 0.68515625 0.0453125 0.05
1 0.68125 0.67890625 0.04453125 0.0765625
1 0.78671875 0.53203125 0.03359375 0.0859375
1 0.396875 0.46171875 0.10703125 0.06875
1 0.34296875 0.30859375 0.13359375 0.075
0 0.40234375 0.09765625 0.059375 0.065625
1 0.628125 0.15625 0.05546875 0.0484375
1 0.1046875 0.29765625 0.05078125 0.046875
0 0.18984375 0.50625 0.0421875 0.08125
0 0.696875 0.4109375 0.078125 0.04140625
0 0.35546875 0.675 0.03984375 0.0640625
0 0.5625 0.3609375 0.0484375 0.065625
0 0.55859375 0.50078125 0.04140625 0.06640625
0 0.89375 0.48671875 0.059375 0.05234375
0 0.8484375 0.2609375 0.0375 0.0375