0 0.25390625 0.2375 0.03515625 0.059375
0 0.3421875 0.38046875 0.05390625 0.01953125
0 0.33671875 0.43359375 0.03359375 0.0546875
0 0.48203125 0.446875 0.06015625 0.02109375
0 0.5484375 0.365625 0.03515625 0.05625
0 0.65 0.415625 0.05703125 0.02578125
0 0.5234375 0.53828125 0.0375 0.05625
0 0.6578125 0.5921875 0.03203125 0.05
0 0.71953125 0.51171875 0.05078125 0.03046875
0 0.7921875 0.56484375 0.03515625 0.053125
0 0.73125 0.61015625 0.0390625 0.0484375
0 0.5453125 0.6328125 0.02734375 0.05703125
0 0.46796875 0.65859375 0.02734375 0.05625
0 0.36015625 0.66328125 0.05703125 0.02265625
0 0.3078125 0.72890625 0.046875 0.0484375
0 0.13515625 0.5734375 0.0625 0.025
0 0.47578125 0.725 0.05078125 0.03125
0 0.578125 0.76875 0.0578125 0.02109375
0 0.7984375 0.828125 0.0296875 0.05234375
0 0.81328125 0.85859375 0.04765625 0.034375
0 0.89140625 0.60234375 0.0546875 0.0359375
0 0.47734375 0.184375 0.0390625 0.03515625
0 0.59765625 0.28671875 0.03515625 0.0421875
0 0.6296875 0.3 0.0515625 0.0171875
0 0.1421875 0.328125 0.03984375 0.03984375