1 0.80859375 0.603125 0.053125 0.125
1 0.68515625 0.471875 0.05 0.0453125
1 0.67890625 0.31875 0.0765625 0.04375
1 0.53203125 0.21328125 0.0859375 0.034375
1 0.46171875 0.603125 0.06875 0.10625
1 0.30859375 0.65703125 0.075 0.134375
0 0.09765625 0.59765625 0.065625 0.059375
1 0.15625 0.371875 0.0484375 0.05625
1 0.29765625 0.8953125 0.046875 0.0515625
0 0.50625 0.81015625 0.08125 0.0421875
0 0.4109375 0.303125 0.040625 0.078125
0 0.675 0.64453125 0.0640625 0.040625
0 0.3609375 0.4375 0.065625 0.0484375
0 0.50078125 0.44140625 0.065625 0.040625
0 0.48671875 0.10625 0.053125 0.059375
0 0.2609375 0.1515625 0.0375 0.0375