1 0.6453125 0.209375 0.0515625 0.05859375
0 0.5265625 0.2078125 0.109375 0.04453125
1 0.40234375 0.290625 0.07578125 0.04140625
0 0.44765625 0.2609375 0.08359375 0.07109375
0 0.3671875 0.36875 0.04453125 0.075
0 0.5515625 0.3609375 0.08046875 0.0703125
0 0.5265625 0.5328125 0.04140625 0.07265625
0 0.275 0.5125 0.0703125 0.0671875
1 0.18046875 0.51640625 0.04453125 0.05390625
1 0.67109375 0.47578125 0.08046875 0.03046875
1 0.72578125 0.38125 0.07578125 0.0484375
0 0.659375 0.53984375 0.0828125 0.0453125
1 0.115625 0.41796875 0.08203125 0.0421875
1 0.2953125 0.3796875 0.0484375 0.06640625
1 0.34140625 0.428125 0.07109375 0.040625
1 0.35546875 0.5203125 0.065625 0.046875
1 0.4265625 0.59375 0.065625 0.034375
0 0.23671875 0.53515625 0.06640625 0.07890625
0 0.621875 0.38828125 0.1140625 0.05