0 0.41015625 0.6015625 0.04765625 0.03828125
0 0.27890625 0.775 0.03984375 0.0421875
0 0.55390625 0.49296875 0.03828125 0.04375
0 0.2578125 0.70625 0.040625 0.04296875
1 0.64140625 0.315625 0.04453125 0.0328125
1 0.2703125 0.5953125 0.03828125 0.03203125
0 0.5046875 0.80703125 0.0453125 0.03671875
1 0.6 0.6546875 0.03203125 0.04296875
1 0.3171875 0.47578125 0.04609375 0.0359375
0 0.17578125 0.45546875 0.03125 0.046875
1 0.07421875 0.50625 0.03359375 0.040625
1 0.71484375 0.74453125 0.05234375 0.02578125
0 0.34453125 0.69375 0.03125 0.0453125
1 0.67421875 0.49140625 0.0375 0.03046875
0 0.4671875 0.8125 0.03359375 0.05
1 0.63359375 0.67265625 0.03515625 0.0296875
1 0.73359375 0.67421875 0.02734375 0.03203125
0 0.83515625 0.628125 0.03046875 0.046875
1 0.290625 0.5296875 0.03984375 0.03046875
1 0.8015625 0.61953125 0.04296875 0.02109375
1 0.5203125 0.5671875 0.02734375 0.0328125
0 0.11953125 0.6421875 0.0421875 0.04765625
1 0.59609375 0.58828125 0.0265625 0.0265625
1 0.36953125 0.396875 0.05078125 0.021875
0 0.5359375 0.740625 0.046875 0.03828125
0 0.60625 0.8046875 0.06640625 0.02421875
0 0.471875 0.5125 0.03046875 0.05
0 0.45625 0.70625 0.0484375 0.0390625
1 0.6734375 0.5640625 0.03671875 0.0421875
0 0.6078125 0.51875 0.0640625 0.02265625
0 0.65546875 0.40546875 0.0578125 0.0359375
0 0.81875 0.68515625 0.02890625 0.05078125
0 0.16484375 0.74453125 0.06796875 0.0234375
0 0.7109375 0.60859375 0.05390625 0.03515625
0 0.42890625 0.62421875 0.02734375 0.04375
0 0.43828125 0.5453125 0.0625 0.02578125
1 0.73671875 0.48515625 0.04609375 0.01875
1 0.5 0.38828125 0.0484375 0.02890625
0 0.4921875 0.69921875 0.046875 0.03984375
0 0.22734375 0.35625 0.04140625 0.040625