1 0.22578125 0.60078125 0.071875 0.0234375
1 0.38671875 0.57578125 0.0609375 0.034375
1 0.28046875 0.4921875 0.05 0.0453125
1 0.4 0.46015625 0.05 0.040625
1 0.16875 0.3828125 0.06875 0.03125
1 0.3421875 0.38515625 0.028125 0.040625
0 0.2 0.46953125 0.04375 0.028125
0 0.32734375 0.30234375 0.04375 0.028125
0 0.44375 0.2265625 0.0234375 0.046875
0 0.43671875 0.12265625 0.0203125 0.046875
0 0.365625 0.6921875 0.04375 0.03125
0 0.42265625 0.65859375 0.034375 0.034375
0 0.44765625 0.740625 0.0453125 0.01875
1 0.4359375 0.3484375 0.021875 0.0234375
1 0.471875 0.37578125 0.046875 0.0328125
1 0.509375 0.321875 0.0546875 0.0515625
0 0.5390625 0.41015625 0.046875 0.025
1 0.440625 0.79609375 0.0234375 0.01875
1 0.553125 0.23046875 0.028125 0.05625
0 0.49140625 0.6265625 0.0265625 0.04375
0 0.51796875 0.5109375 0.0375 0.03125
1 0.59609375 0.496875 0.025 0.028125
1 0.62734375 0.4234375 0.0453125 0.01875
0 0.73203125 0.496875 0.03125 0.040625
0 0.82734375 0.48671875 0.0375 0.040625
1 0.73984375 0.42109375 0.01875 0.0671875
1 0.77109375 0.82109375 0.0609375 0.028125
1 0.6875 0.7171875 0.03125 0.075
1 0.59609375 0.6828125 0.0296875 0.0390625
0 0.7015625 0.58203125 0.046875 0.0296875
0 0.91796875 0.5875 0.028125 0.05
1 0.8109375 0.6984375 0.03125 0.0359375
1 0.90625 0.73125 0.034375 0.025
1 0.88359375 0.47734375 0.01875 0.034375
1 0.87734375 0.41875 0.028125 0.040625