1 0.46484375 0.24921875 0.059375 0.046875
1 0.6828125 0.26875 0.065625 0.046875
1 0.778125 0.33984375 0.0421875 0.0515625
1 0.328125 0.34140625 0.0515625 0.0625
1 0.49296875 0.425 0.05625 0.0421875
1 0.65625 0.41640625 0.0484375 0.0546875
1 0.2109375 0.43046875 0.0421875 0.046875
1 0.084375 0.5390625 0.053125 0.0609375
1 0.1265625 0.63125 0.0375 0.0625
1 0.31953125 0.57890625 0.0375 0.053125
1 0.2515625 0.7546875 0.04375 0.059375
1 0.37265625 0.809375 0.046875 0.0609375
1 0.5890625 0.74609375 0.04375 0.05625
1 0.39765625 0.65390625 0.0375 0.053125
1 0.490625 0.646875 0.04375 0.0546875
1 0.47734375 0.5359375 0.05625 0.040625
1 0.6125 0.57109375 0.046875 0.059375
1 0.70859375 0.49296875 0.040625 0.04375
1 0.7359375 0.5859375 0.0453125 0.0453125
1 0.859375 0.47578125 0.0375 0.05625