0 0.4421875 0.61875 0.0390625 0.034375
1 0.45234375 0.70859375 0.0109375 0.015625
1 0.2984375 0.55546875 0.0109375 0.0234375
1 0.2703125 0.63828125 0.015625 0.03125
1 0.2421875 0.45234375 0.015625 0.01875
0 0.3 0.61796875 0.0359375 0.021875
0 0.3984375 0.5703125 0.0375 0.03125
0 0.4390625 0.52890625 0.0125 0.059375
0 0.4203125 0.41875 0.028125 0.05
0 0.328125 0.475 0.0203125 0.05
0 0.41640625 0.3609375 0.0125 0.05625
1 0.359375 0.32109375 0.015625 0.028125
1 0.3875 0.52109375 0.01875 0.01875
1 0.28515625 0.5796875 0.025 0.03125
1 0.28984375 0.49921875 0.021875 0.0296875
1 0.2984375 0.33125 0.01875 0.03125
1 0.30234375 0.4921875 0.009375 0.01875
1 0.2609375 0.496875 0.0125 0.01875
1 0.47265625 0.478125 0.015625 0.0265625
1 0.434375 0.4046875 0.0125 0.03125
1 0.50703125 0.4921875 0.025 0.0203125
0 0.28671875 0.5484375 0.034375 0.0375
1 0.2828125 0.45390625 0.0125 0.01875
0 0.25234375 0.515625 0.03125 0.028125
0 0.4078125 0.3125 0.0375 0.034375
0 0.2296875 0.55859375 0.01875 0.05
0 0.328125 0.65 0.025 0.046875
0 0.39375 0.61484375 0.04375 0.0234375
0 0.375 0.60390625 0.040625 0.021875
1 0.4796875 0.66015625 0.021875 0.034375
1 0.265625 0.3890625 0.01875 0.021875
0 0.36796875 0.45859375 0.01875 0.0546875
0 0.37265625 0.40234375 0.0375 0.0203125
1 0.4 0.359375 0.0171875 0.0171875
0 0.31328125 0.353125 0.0125 0.05625
1 0.47421875 0.5 0.0234375 0.025
1 0.384375 0.75703125 0.0125 0.025
1 0.359375 0.578125 0.0140625 0.034375
1 0.371875 0.56875 0.0125 0.0375
1 0.3765625 0.5625 0.009375 0.009375
1 0.36953125 0.640625 0.015625 0.028125
1 0.35703125 0.7078125 0.015625 0.040625
1 0.4234375 0.5484375 0.0171875 0.0296875
1 0.4078125 0.53046875 0.01875 0.025
1 0.5171875 0.5390625 0.0171875 0.01875
1 0.40859375 0.6921875 0.015625 0.0140625
1 0.378125 0.709375 0.0125 0.028125
1 0.4296875 0.69921875 0.0125 0.015625