0 0.93515625 0.37890625 0.08125 0.0484375
1 0.80859375 0.34140625 0.10625 0.0375
0 0.85078125 0.578125 0.0828125 0.06875
0 0.64609375 0.2609375 0.04375 0.1
0 0.5140625 0.25234375 0.034375 0.090625
0 0.42421875 0.2546875 0.03125 0.1
0 0.26484375 0.25703125 0.05 0.115625
0 0.128125 0.30703125 0.075 0.0890625
0 0.8140625 0.41484375 0.0453125 0.096875
0 0.65078125 0.37421875 0.05 0.084375
0 0.52421875 0.39375 0.0890625 0.03125
1 0.42578125 0.36484375 0.040625 0.0734375
0 0.340625 0.359375 0.059375 0.090625
1 0.20234375 0.36484375 0.0609375 0.09375
0 0.315625 0.44609375 0.046875 0.078125
0 0.74453125 0.52734375 0.078125 0.0703125
0 0.61015625 0.49140625 0.0859375 0.028125
0 0.4984375 0.4828125 0.059375 0.09375
0 0.059375 0.428125 0.0484375 0.075
0 0.1375 0.4890625 0.046875 0.0859375
0 0.19296875 0.56015625 0.034375 0.09375
0 0.371875 0.5453125 0.090625 0.04375
0 0.421875 0.534375 0.078125 0.0390625
1 0.6375 0.5734375 0.059375 0.0796875
1 0.8328125 0.6875 0.05 0.0875
0 0.7421875 0.6515625 0.03125 0.1046875
0 0.75859375 0.78125 0.09375 0.0359375
1 0.62578125 0.78046875 0.0953125 0.03125
0 0.565625 0.70625 0.0453125 0.103125
0 0.51875 0.59453125 0.046875 0.103125
0 0.48125 0.64140625 0.03125 0.096875
0 0.215625 0.625 0.08125 0.06875
1 0.31875 0.66953125 0.0390625 0.08125
0 0.41171875 0.7578125 0.040625 0.10625
1 0.2890625 0.7328125 0.059375 0.075