1 0.09453125 0.4328125 0.0625 0.0328125
0 0.134375 0.5421875 0.046875 0.01875
0 0.19375 0.48203125 0.021875 0.046875
0 0.71015625 0.88828125 0.053125 0.01875
0 0.62265625 0.51953125 0.028125 0.040625
0 0.77265625 0.525 0.053125 0.015625
0 0.83359375 0.50546875 0.028125 0.040625
0 0.8171875 0.35703125 0.028125 0.040625
0 0.92734375 0.528125 0.021875 0.046875
0 0.8546875 0.225 0.05 0.01875
0 0.3015625 0.565625 0.05 0.015625
0 0.3703125 0.55859375 0.025 0.040625
0 0.31875 0.35078125 0.0453125 0.0265625
0 0.69921875 0.21640625 0.0390625 0.03125
0 0.63046875 0.28125 0.01875 0.040625
1 0.46328125 0.59609375 0.025 0.03125
0 0.48359375 0.4484375 0.01875 0.0375
0 0.53671875 0.48046875 0.046875 0.015625
0 0.521875 0.45234375 0.0265625 0.0375
0 0.59765625 0.3296875 0.021875 0.040625
0 0.58125 0.25703125 0.0265625 0.04375
1 0.5796875 0.22109375 0.0328125 0.021875
0 0.38984375 0.24375 0.040625 0.0265625
0 0.384375 0.21875 0.046875 0.01875
0 0.446875 0.22734375 0.0453125 0.025