1 0.53515625 0.75078125 0.059375 0.046875
1 0.3171875 0.73125 0.065625 0.046875
1 0.221875 0.66015625 0.0421875 0.0515625
1 0.671875 0.65859375 0.05 0.0625
1 0.50703125 0.575 0.05625 0.0421875
1 0.34375 0.58359375 0.0484375 0.0546875
1 0.7890625 0.56953125 0.0421875 0.046875
1 0.915625 0.4609375 0.053125 0.0609375
1 0.8734375 0.36875 0.0375 0.0625
1 0.68046875 0.42109375 0.0375 0.053125
1 0.7484375 0.2453125 0.04375 0.059375
1 0.62734375 0.190625 0.046875 0.0609375
1 0.4109375 0.25390625 0.04375 0.05625
1 0.60234375 0.34609375 0.0375 0.053125
1 0.509375 0.353125 0.04375 0.0546875
1 0.52265625 0.4640625 0.05625 0.040625
1 0.3875 0.42890625 0.046875 0.059375
1 0.29140625 0.50703125 0.040625 0.04375
1 0.2640625 0.4140625 0.0453125 0.0453125
1 0.140625 0.52421875 0.0375 0.05625