0 0.83125 0.653125 0.034375 0.0359375
1 0.75625 0.63984375 0.0359375 0.0296875
1 0.77578125 0.46640625 0.0359375 0.028125
1 0.33125 0.5875 0.015625 0.03125
0 0.74140625 0.55546875 0.034375 0.0265625
0 0.728125 0.46875 0.040625 0.034375
0 0.70625 0.6328125 0.025 0.0546875
0 0.65546875 0.6453125 0.0234375 0.05625
1 0.696875 0.50546875 0.0203125 0.0453125
1 0.6296875 0.5359375 0.015625 0.0421875
0 0.628125 0.62109375 0.0171875 0.0546875
0 0.6109375 0.63515625 0.021875 0.0546875
0 0.60703125 0.52578125 0.040625 0.0265625
0 0.6109375 0.7703125 0.034375 0.0375
0 0.434375 0.84296875 0.0328125 0.04375
1 0.47421875 0.91328125 0.025 0.0234375
0 0.49765625 0.6546875 0.0375 0.025
0 0.45546875 0.6828125 0.0375 0.0296875
0 0.36484375 0.77109375 0.025 0.0515625
0 0.75 0.25625 0.0296875 0.053125
0 0.7296875 0.21953125 0.046875 0.025
1 0.71875 0.24765625 0.034375 0.034375
1 0.6765625 0.296875 0.03125 0.025
1 0.73203125 0.278125 0.028125 0.025
0 0.6421875 0.3515625 0.025 0.046875
1 0.61875 0.41484375 0.01875 0.053125
1 0.61015625 0.43828125 0.028125 0.021875
0 0.55546875 0.45078125 0.040625 0.025
1 0.5375 0.43046875 0.034375 0.03125
0 0.63671875 0.1703125 0.0375 0.0359375
0 0.628125 0.20234375 0.0375 0.028125
1 0.49453125 0.62578125 0.0375 0.025
1 0.43359375 0.628125 0.021875 0.05
1 0.40859375 0.590625 0.0265625 0.021875
1 0.5796875 0.303125 0.0171875 0.053125
0 0.5546875 0.35546875 0.01875 0.053125
0 0.56640625 0.071875 0.040625 0.0328125
0 0.5921875 0.09765625 0.034375 0.040625
0 0.59453125 0.16796875 0.034375 0.0484375
0 0.5359375 0.184375 0.0203125 0.05625
0 0.534375 0.2359375 0.01875 0.053125
0 0.4921875 0.32109375 0.0375 0.03125
0 0.48515625 0.35 0.0296875 0.040625
1 0.46953125 0.37421875 0.028125 0.034375
1 0.68671875 0.10390625 0.0265625 0.0328125
0 0.4796875 0.1765625 0.01875 0.05625
0 0.421875 0.16484375 0.040625 0.03125
0 0.4140625 0.1296875 0.034375 0.0375
0 0.38359375 0.10234375 0.021875 0.0515625
1 0.37421875 0.06484375 0.0375 0.03125
0 0.3875 0.52578125 0.0375 0.025
0 0.42578125 0.4484375 0.01875 0.0546875
0 0.34921875 0.43125 0.0375 0.03125
1 0.3203125 0.46796875 0.01875 0.04375
0 0.22890625 0.48828125 0.0375 0.0234375
0 0.2125 0.46953125 0.0375 0.03125
0 0.2609375 0.31015625 0.01875 0.0515625
0 0.29453125 0.31796875 0.025 0.0421875
0 0.3578125 0.33515625 0.01875 0.053125
1 0.3375 0.28046875 0.034375 0.0234375
0 0.45546875 0.4484375 0.0234375 0.04375
1 0.47109375 0.48203125 0.015625 0.05625
1 0.50859375 0.44453125 0.01875 0.0421875
0 0.4234375 0.7171875 0.0203125 0.046875
0 0.61015625 0.27265625 0.0296875 0.0421875