0 0.44921875 0.06953125 0.053125 0.0265625
0 0.41171875 0.140625 0.04296875 0.03984375
0 0.5453125 0.21171875 0.053125 0.03203125
0 0.2828125 0.25703125 0.04921875 0.03203125
0 0.36015625 0.246875 0.046875 0.034375
1 0.48515625 0.20859375 0.03203125 0.021875
0 0.2140625 0.33046875 0.0234375 0.04609375
0 0.2421875 0.34921875 0.04921875 0.02109375
0 0.2484375 0.4 0.03359375 0.04375
0 0.2828125 0.41875 0.03984375 0.04453125
0 0.36328125 0.42734375 0.0296875 0.04609375
0 0.5234375 0.284375 0.0375 0.0375
0 0.50546875 0.40859375 0.04375 0.03359375
0 0.68046875 0.928125 0.02265625 0.05078125
0 0.58984375 0.91796875 0.03671875 0.05546875
1 0.54140625 0.871875 0.0375 0.0328125
0 0.5890625 0.81484375 0.03828125 0.0375
1 0.5140625 0.790625 0.02578125 0.03125
1 0.928125 0.7546875 0.0453125 0.02734375
0 0.9203125 0.68203125 0.0359375 0.04453125
0 0.79296875 0.5953125 0.04296875 0.0390625
0 0.73125 0.6296875 0.03359375 0.0484375
0 0.76171875 0.4765625 0.06171875 0.02265625
0 0.69296875 0.4890625 0.053125 0.03671875
1 0.7203125 0.415625 0.03359375 0.028125
0 0.7234375 0.334375 0.0578125 0.0265625
0 0.23984375 0.65703125 0.03671875 0.0390625
0 0.25546875 0.603125 0.04921875 0.02578125
1 0.1265625 0.43984375 0.03203125 0.02109375
0 0.184375 0.471875 0.034375 0.04296875
0 0.1640625 0.47734375 0.02734375 0.04453125
0 0.1125 0.68828125 0.02578125 0.0484375
0 0.24453125 0.7140625 0.05078125 0.01953125
0 0.29296875 0.67109375 0.025 0.05625
1 0.30078125 0.728125 0.03828125 0.0265625
0 0.59140625 0.77578125 0.053125 0.02578125
0 0.6359375 0.734375 0.034375 0.046875
0 0.5421875 0.70703125 0.0546875 0.0296875
0 0.43828125 0.7234375 0.05703125 0.01640625
0 0.47890625 0.71796875 0.0296875 0.046875
0 0.61640625 0.6796875 0.0234375 0.05
0 0.396875 0.60859375 0.06015625 0.021875
0 0.66015625 0.40859375 0.03359375 0.04140625
0 0.7015625 0.5265625 0.03125 0.0453125
0 0.5140625 0.51171875 0.06328125 0.0265625
0 0.54296875 0.39921875 0.05390625 0.02421875
0 0.5734375 0.33203125 0.03984375 0.0390625
1 0.378125 0.58203125 0.04140625 0.01875
1 0.3578125 0.63828125 0.03515625 0.02265625
1 0.42734375 0.66015625 0.02734375 0.02578125
1 0.4859375 0.62421875 0.040625 0.0203125
0 0.50625 0.58203125 0.0578125 0.02265625
0 0.49609375 0.45546875 0.03515625 0.04765625
0 0.55625 0.45546875 0.05546875 0.0265625
1 0.55390625 0.43984375 0.03046875 0.01953125
0 0.190625 0.4140625 0.028125 0.04296875
0 0.17109375 0.42265625 0.0390625 0.03359375