0 0.3765625 0.62578125 0.096875 0.0875
0 0.66875 0.3328125 0.071875 0.071875
0 0.73984375 0.75859375 0.071875 0.090625
1 0.653125 0.55625 0.0625 0.0875
1 0.69921875 0.76796875 0.071875 0.08125
0 0.74296875 0.3953125 0.065625 0.09375
0 0.86953125 0.446875 0.078125 0.084375
1 0.8484375 0.62109375 0.08125 0.0625
0 0.375 0.4078125 0.065625 0.09375
0 0.3734375 0.76171875 0.0734375 0.103125
1 0.221875 0.34765625 0.046875 0.06875
1 0.17421875 0.596875 0.065625 0.078125
1 0.42734375 0.33828125 0.05 0.0828125
1 0.4828125 0.22109375 0.04375 0.0796875
0 0.66015625 0.440625 0.06875 0.096875
0 0.6078125 0.21015625 0.096875 0.05625
0 0.8140625 0.5875 0.1 0.05625
0 0.20390625 0.525 0.1125 0.0453125
0 0.278125 0.60859375 0.059375 0.096875
1 0.28828125 0.384375 0.075 0.06875
0 0.2546875 0.45703125 0.084375 0.0890625
0 0.82578125 0.40859375 0.0953125 0.059375
1 0.5796875 0.540625 0.0578125 0.08125
1 0.41015625 0.553125 0.084375 0.065625
0 0.51171875 0.46328125 0.046875 0.10625
1 0.57265625 0.63125 0.0390625 0.0625
0 0.31640625 0.74921875 0.05 0.10625
1 0.78359375 0.671875 0.059375 0.1
0 0.41328125 0.50234375 0.0953125 0.06875
1 0.43359375 0.7453125 0.078125 0.053125
0 0.5265625 0.22734375 0.05625 0.09375
0 0.30390625 0.17734375 0.1171875 0.04375
1 0.73359375 0.621875 0.0375 0.140625
1 0.2015625 0.78671875 0.078125 0.0484375
0 0.196875 0.67578125 0.08125 0.096875
1 0.58515625 0.26171875 0.053125 0.0796875
0 0.47109375 0.6 0.046875 0.109375
0 0.609375 0.40859375 0.0390625 0.14375
1 0.62265625 0.640625 0.0671875 0.0875
0 0.11640625 0.42109375 0.046875 0.0984375
0 0.93046875 0.440625 0.06875 0.08125
1 0.5578125 0.48984375 0.084375 0.053125
1 0.31640625 0.2359375 0.0625 0.071875