0 0.55625 0.72734375 0.04375 0.03515625
0 0.72421875 0.6046875 0.053125 0.03359375
0 0.440625 0.596875 0.0453125 0.03671875
0 0.16328125 0.63125 0.040625 0.0453125
0 0.578125 0.49453125 0.03828125 0.0421875
0 0.51640625 0.68828125 0.04609375 0.03828125
0 0.3140625 0.75859375 0.0390625 0.040625
1 0.61640625 0.584375 0.02578125 0.0265625
0 0.8421875 0.62421875 0.02890625 0.04375
1 0.328125 0.5265625 0.0375 0.03046875
0 0.6296875 0.51875 0.0609375 0.02265625
1 0.66484375 0.328125 0.040625 0.03046875
0 0.48125 0.69375 0.04375 0.0359375
0 0.2953125 0.69375 0.040625 0.03984375
1 0.80859375 0.6171875 0.03984375 0.02109375
1 0.6921875 0.49375 0.03515625 0.0296875
0 0.61796875 0.64765625 0.0296875 0.040625
0 0.27109375 0.3625 0.03828125 0.03984375
1 0.5453125 0.5640625 0.025 0.03125
0 0.62109375 0.7875 0.06171875 0.02421875
0 0.5 0.5109375 0.02890625 0.046875
0 0.49140625 0.7953125 0.03125 0.04609375
1 0.75078125 0.4890625 0.0421875 0.01796875
1 0.72578125 0.7328125 0.0484375 0.02265625
0 0.22109375 0.45625 0.03203125 0.0453125
1 0.12265625 0.5046875 0.03203125 0.03984375
0 0.6765625 0.41328125 0.05234375 0.0359375
1 0.40625 0.40234375 0.04921875 0.02109375
0 0.4703125 0.54453125 0.06171875 0.0234375
0 0.6890625 0.5625 0.03671875 0.03984375
0 0.82421875 0.6796875 0.0265625 0.046875
0 0.5265625 0.790625 0.04140625 0.03515625
0 0.3765625 0.68203125 0.03046875 0.04140625
0 0.45703125 0.61484375 0.02421875 0.04140625
1 0.35390625 0.47578125 0.04453125 0.034375
1 0.30703125 0.58828125 0.03828125 0.03125
1 0.74375 0.66640625 0.0265625 0.0296875
1 0.653125 0.66484375 0.03203125 0.02734375
0 0.20625 0.728125 0.06484375 0.01953125
1 0.5296875 0.3953125 0.046875 0.02734375