0 0.4125 0.72421875 0.0390625 0.05625
1 0.546875 0.72890625 0.046875 0.028125
0 0.57890625 0.64453125 0.0609375 0.028125
0 0.54609375 0.60703125 0.059375 0.040625
1 0.42265625 0.63125 0.059375 0.0359375
0 0.409375 0.60390625 0.06875 0.021875
0 0.29140625 0.5828125 0.06875 0.025
0 0.40625 0.55625 0.0671875 0.028125
0 0.71328125 0.58125 0.053125 0.040625
0 0.671875 0.5765625 0.05 0.04375
1 0.64921875 0.56171875 0.046875 0.0234375
1 0.60390625 0.55859375 0.04375 0.03125
0 0.76640625 0.53125 0.065625 0.03125
1 0.709375 0.54375 0.034375 0.0296875
1 0.74296875 0.4921875 0.046875 0.03125
1 0.67734375 0.4875 0.03125 0.021875
1 0.8265625 0.415625 0.0484375 0.021875
1 0.52890625 0.51484375 0.040625 0.025
1 0.55625 0.48984375 0.0359375 0.0328125
0 0.58828125 0.4578125 0.059375 0.034375
1 0.6375 0.4359375 0.025 0.03125
0 0.65546875 0.3953125 0.05625 0.046875
1 0.48515625 0.48515625 0.034375 0.0375
0 0.4171875 0.52265625 0.053125 0.0359375
1 0.38515625 0.51953125 0.04375 0.028125
0 0.31484375 0.53203125 0.0578125 0.04375
1 0.24921875 0.5328125 0.03125 0.0359375
0 0.58125 0.425 0.071875 0.025
0 0.528125 0.40859375 0.028125 0.0546875
1 0.49453125 0.390625 0.040625 0.03125
1 0.4953125 0.36015625 0.034375 0.025
0 0.56953125 0.30234375 0.06875 0.0375
0 0.37734375 0.4515625 0.03125 0.053125
1 0.2921875 0.4421875 0.0296875 0.028125
0 0.2484375 0.459375 0.040625 0.046875
0 0.27578125 0.37265625 0.034375 0.05
0 0.36171875 0.36796875 0.0734375 0.0265625
1 0.48828125 0.27421875 0.05625 0.025
0 0.4078125 0.30390625 0.0734375 0.028125
1 0.36484375 0.33203125 0.028125 0.040625
1 0.33046875 0.3171875 0.028125 0.028125