1 0.60703125 0.13359375 0.115625 0.025
1 0.90234375 0.28359375 0.05625 0.04375
1 0.74140625 0.2421875 0.065625 0.071875
1 0.51484375 0.25078125 0.065625 0.0375
1 0.3515625 0.21015625 0.059375 0.0265625
0 0.3078125 0.35234375 0.0421875 0.053125
0 0.69375 0.375 0.0828125 0.0328125
1 0.915625 0.74765625 0.053125 0.0625
1 0.98046875 0.6421875 0.0390625 0.03125
0 0.96171875 0.56484375 0.075 0.03125
1 0.87734375 0.46640625 0.040625 0.03125
1 0.34765625 0.46484375 0.0359375 0.034375
1 0.5984375 0.534375 0.03125 0.071875
1 0.346875 0.5234375 0.06875 0.034375
1 0.80546875 0.5421875 0.0875 0.021875