0 0.74609375 0.2375 0.034375 0.059375
0 0.6578125 0.38046875 0.053125 0.01875
0 0.66328125 0.43359375 0.034375 0.0546875
0 0.51796875 0.446875 0.059375 0.021875
0 0.4515625 0.365625 0.034375 0.05625
0 0.35 0.415625 0.05625 0.025
0 0.4765625 0.53828125 0.0375 0.05625
0 0.3421875 0.5921875 0.03125 0.05
0 0.28046875 0.51171875 0.05 0.03125
0 0.2078125 0.56484375 0.034375 0.053125
0 0.26875 0.61015625 0.0390625 0.0484375
0 0.4546875 0.6328125 0.028125 0.05625
0 0.53203125 0.65859375 0.028125 0.05625
0 0.63984375 0.66328125 0.05625 0.021875
0 0.6921875 0.72890625 0.046875 0.0484375
0 0.86484375 0.5734375 0.0625 0.025
0 0.52421875 0.725 0.05 0.03125
0 0.421875 0.76875 0.0578125 0.021875
0 0.2015625 0.828125 0.0296875 0.053125
0 0.18671875 0.85859375 0.046875 0.034375
0 0.10859375 0.60234375 0.0546875 0.0359375
0 0.52265625 0.184375 0.0390625 0.034375
0 0.40234375 0.28671875 0.034375 0.0421875
0 0.3703125 0.3 0.0515625 0.0171875
0 0.8578125 0.328125 0.040625 0.040625