0 0.4765625 0.32890625 0.0734375 0.06953125
0 0.45 0.565625 0.07578125 0.078125
0 0.3203125 0.22109375 0.08984375 0.0671875
0 0.64296875 0.75234375 0.0546875 0.08984375
0 0.49375 0.390625 0.06484375 0.08046875
0 0.39609375 0.3921875 0.06171875 0.090625
0 0.2234375 0.565625 0.08984375 0.07109375
0 0.38125 0.89609375 0.08203125 0.053125
0 0.1890625 0.48125 0.0734375 0.07578125
0 0.6578125 0.44375 0.103125 0.03203125
0 0.32265625 0.271875 0.04921875 0.08515625
0 0.5125 0.871875 0.09921875 0.04375
0 0.28515625 0.8265625 0.1046875 0.0296875
0 0.5484375 0.703125 0.04921875 0.0828125
0 0.4515625 0.6765625 0.103125 0.0234375
1 0.88515625 0.36015625 0.03984375 0.053125
1 0.828125 0.32890625 0.09140625 0.04453125
1 0.38203125 0.72578125 0.02578125 0.0328125
0 0.76328125 0.20703125 0.04921875 0.090625
0 0.56015625 0.61171875 0.10703125 0.0390625
1 0.10390625 0.50625 0.071875 0.02890625
1 0.8125 0.48359375 0.06875 0.03515625
1 0.62734375 0.17421875 0.071875 0.04375
0 0.64765625 0.7 0.10078125 0.059375
0 0.709375 0.45 0.09765625 0.0484375
1 0.4859375 0.70859375 0.07734375 0.02734375
0 0.44921875 0.6078125 0.06796875 0.075
0 0.3984375 0.68203125 0.084375 0.07265625
1 0.3953125 0.6265625 0.065625 0.0484375
0 0.29609375 0.62265625 0.04765625 0.0953125
1 0.7578125 0.3828125 0.0359375 0.06796875
1 0.64296875 0.5828125 0.05625 0.04375
1 0.2390625 0.71796875 0.02890625 0.06484375
0 0.72578125 0.2515625 0.053125 0.090625
1 0.36328125 0.4703125 0.07734375 0.0640625
0 0.303125 0.496875 0.0453125 0.08984375
0 0.43515625 0.8 0.0515625 0.08671875
0 0.69609375 0.34921875 0.034375 0.09453125
0 0.171875 0.5625 0.04765625 0.084375
1 0.22265625 0.83984375 0.040625 0.0296875
0 0.1546875 0.39609375 0.0296875 0.0890625
0 0.71171875 0.634375 0.125 0.02734375
0 0.8359375 0.4234375 0.053125 0.096875
0 0.628125 0.52890625 0.08828125 0.0703125
0 0.30625 0.39140625 0.04921875 0.0921875
0 0.54375 0.47109375 0.028125 0.08671875
1 0.72265625 0.765625 0.08046875 0.059375
0 0.58828125 0.37265625 0.1046875 0.034375
1 0.56953125 0.51484375 0.02890625 0.05078125
0 0.24375 0.6765625 0.09140625 0.03359375
0 0.475 0.4828125 0.04375 0.0890625
1 0.4234375 0.33359375 0.07265625 0.05859375
0 0.5375 0.84296875 0.09375 0.04140625
1 0.69765625 0.48046875 0.05078125 0.0328125
0 0.12421875 0.64609375 0.11953125 0.034375