1 0.528125 0.08828125 0.071875 0.1375
1 0.44765625 0.19140625 0.084375 0.14375
1 0.2828125 0.175 0.14375 0.078125
1 0.2640625 0.334375 0.065625 0.1796875
1 0.13828125 0.38828125 0.084375 0.134375
1 0.73046875 0.24140625 0.1484375 0.1703125
1 0.60625 0.2453125 0.109375 0.109375
1 0.51171875 0.35234375 0.134375 0.1140625
1 0.3125 0.5109375 0.075 0.153125
1 0.5953125 0.47890625 0.18125 0.115625
1 0.51171875 0.675 0.071875 0.1734375
1 0.2203125 0.69296875 0.1875 0.09375
1 0.24921875 0.7921875 0.175 0.1
1 0.44140625 0.93203125 0.1703125 0.071875
1 0.815625 0.4296875 0.06875 0.15
1 0.8640625 0.61484375 0.178125 0.0859375
1 0.78515625 0.72890625 0.084375 0.1453125
1 0.69296875 0.81796875 0.1140625 0.146875
1 0.08828125 0.5578125 0.140625 0.09375