0 0.3953125 0.26640625 0.05625 0.046875
0 0.28984375 0.52578125 0.0421875 0.05625
0 0.31953125 0.4109375 0.053125 0.053125
0 0.19609375 0.4953125 0.059375 0.0453125
0 0.5046875 0.4578125 0.05625 0.04375
0 0.2796875 0.41640625 0.05 0.046875
0 0.67890625 0.5625 0.040625 0.059375
0 0.496875 0.57890625 0.053125 0.04375
0 0.53828125 0.590625 0.059375 0.046875
0 0.6328125 0.27109375 0.065625 0.0328125
0 0.3375 0.51171875 0.0578125 0.04375
0 0.63203125 0.71953125 0.034375 0.059375
0 0.5390625 0.63359375 0.046875 0.053125
0 0.471875 0.4609375 0.0453125 0.046875
0 0.5921875 0.43203125 0.040625 0.059375
0 0.3453125 0.5484375 0.05625 0.05
0 0.5171875 0.18359375 0.0515625 0.046875
1 0.79609375 0.39921875 0.05625 0.040625
0 0.6328125 0.3265625 0.0453125 0.05
0 0.5640625 0.47109375 0.040625 0.0625
0 0.3921875 0.1390625 0.0625 0.034375
0 0.640625 0.5328125 0.06875 0.0265625
1 0.68828125 0.37578125 0.0375 0.040625
0 0.73515625 0.759375 0.05625 0.04375
1 0.61796875 0.35390625 0.03125 0.04375
1 0.91484375 0.45 0.046875 0.05
0 0.5015625 0.540625 0.0671875 0.025
1 0.809375 0.2421875 0.028125 0.04375
1 0.684375 0.4796875 0.03125 0.05625
1 0.45625 0.31640625 0.0234375 0.03125
0 0.28671875 0.559375 0.0546875 0.0453125
0 0.1890625 0.5625 0.028125 0.065625
0 0.4265625 0.2453125 0.059375 0.0328125
0 0.23125 0.34765625 0.0375 0.0640625
0 0.48671875 0.41484375 0.046875 0.05
1 0.86015625 0.4875 0.0390625 0.0296875
1 0.13046875 0.3328125 0.028125 0.034375
0 0.3859375 0.2984375 0.0515625 0.0390625
0 0.56328125 0.26875 0.06875 0.03125
0 0.4625 0.50703125 0.065625 0.0265625
1 0.41484375 0.68203125 0.04375 0.040625
0 0.22578125 0.80625 0.065625 0.034375
1 0.33203125 0.3328125 0.046875 0.0375
0 0.1359375 0.428125 0.03125 0.0609375
1 0.29765625 0.37734375 0.05 0.0359375
0 0.26796875 0.21328125 0.0296875 0.06875
0 0.60078125 0.2453125 0.06875 0.0296875
0 0.5765625 0.1015625 0.0375 0.065625
0 0.39921875 0.7015625 0.046875 0.053125
0 0.19453125 0.66171875 0.059375 0.040625
0 0.59296875 0.7234375 0.059375 0.0375
0 0.340625 0.7375 0.059375 0.0265625
0 0.7234375 0.59140625 0.05625 0.0359375
0 0.80234375 0.51953125 0.028125 0.0609375
1 0.4046875 0.52734375 0.05 0.028125
0 0.4609375 0.41796875 0.040625 0.040625
1 0.71640625 0.43984375 0.053125 0.025
0 0.65703125 0.3015625 0.028125 0.0609375
0 0.6453125 0.22109375 0.065625 0.0328125
0 0.4890625 0.33671875 0.065625 0.0375
0 0.2671875 0.334375 0.034375 0.0625
0 0.28359375 0.45859375 0.028125 0.0625