1 0.24609375 0.72265625 0.05 0.021875
1 0.29453125 0.6828125 0.0390625 0.03125
1 0.403125 0.77265625 0.0625 0.021875
1 0.48671875 0.71484375 0.04375 0.021875
1 0.49921875 0.7 0.059375 0.0203125
1 0.55859375 0.6359375 0.046875 0.0265625
1 0.60390625 0.61484375 0.053125 0.01875
0 0.73515625 0.6125 0.078125 0.028125
0 0.36875 0.66875 0.0765625 0.021875
1 0.8296875 0.790625 0.034375 0.0265625
1 0.8875 0.684375 0.0390625 0.03125
0 0.1328125 0.58359375 0.0703125 0.028125
1 0.2421875 0.53046875 0.040625 0.025
1 0.29609375 0.54765625 0.0546875 0.01875
1 0.265625 0.30703125 0.0453125 0.025
1 0.46640625 0.44609375 0.046875 0.0171875
1 0.4859375 0.421875 0.040625 0.01875
1 0.66796875 0.36875 0.040625 0.025
1 0.9140625 0.55234375 0.04375 0.021875
1 0.97890625 0.4828125 0.040625 0.021875
1 0.70703125 0.4625 0.0625 0.0203125
1 0.671875 0.55234375 0.040625 0.0171875
1 0.65859375 0.534375 0.04375 0.0171875
0 0.896875 0.57421875 0.078125 0.01875
0 0.5453125 0.509375 0.05625 0.0375