0 0.6046875 0.73359375 0.05625 0.04765625
0 0.71015625 0.47421875 0.0421875 0.05625
0 0.68046875 0.5890625 0.05234375 0.05390625
0 0.80390625 0.5046875 0.05859375 0.0453125
0 0.4953125 0.5421875 0.05703125 0.04296875
0 0.7203125 0.58359375 0.05078125 0.04609375
0 0.32109375 0.4375 0.03984375 0.059375
0 0.503125 0.42109375 0.05390625 0.04296875
0 0.46171875 0.409375 0.059375 0.04765625
0 0.3671875 0.72890625 0.065625 0.0328125
0 0.6625 0.48828125 0.0578125 0.04375
0 0.36796875 0.28046875 0.03515625 0.059375
0 0.4609375 0.36640625 0.046875 0.053125
0 0.528125 0.5390625 0.0453125 0.04609375
0 0.4078125 0.56796875 0.03984375 0.059375
0 0.6546875 0.4515625 0.05625 0.05
0 0.4828125 0.81640625 0.0515625 0.04609375
1 0.20390625 0.60078125 0.05625 0.040625
0 0.3671875 0.6734375 0.0453125 0.05078125
0 0.4359375 0.52890625 0.03984375 0.06171875
0 0.6078125 0.8609375 0.06328125 0.03515625
0 0.359375 0.4671875 0.06796875 0.0265625
1 0.31171875 0.62421875 0.0375 0.040625
0 0.26484375 0.240625 0.05546875 0.04375
1 0.38203125 0.64609375 0.03046875 0.04296875
1 0.08515625 0.55 0.04765625 0.04921875
0 0.4984375 0.459375 0.0671875 0.02578125
1 0.190625 0.7578125 0.02734375 0.04296875
1 0.315625 0.5203125 0.03046875 0.05625
1 0.54375 0.68359375 0.0234375 0.03125
0 0.71328125 0.440625 0.0546875 0.0453125
0 0.8109375 0.4375 0.028125 0.065625
0 0.5734375 0.7546875 0.05859375 0.0328125
0 0.76875 0.65234375 0.03671875 0.0640625
0 0.51328125 0.58515625 0.04609375 0.05078125
1 0.13984375 0.5125 0.0390625 0.0296875
1 0.86953125 0.6671875 0.028125 0.034375
0 0.6140625 0.7015625 0.0515625 0.0390625
0 0.43671875 0.73125 0.06875 0.03203125
0 0.5375 0.49296875 0.06640625 0.0265625
1 0.58515625 0.31796875 0.04375 0.03984375
0 0.77421875 0.19375 0.06640625 0.03359375
1 0.66796875 0.6671875 0.04609375 0.03671875
0 0.8640625 0.571875 0.03125 0.0609375
1 0.70234375 0.62265625 0.05 0.0359375
0 0.73203125 0.78671875 0.0296875 0.06953125
0 0.39921875 0.7546875 0.06796875 0.0296875
0 0.4234375 0.8984375 0.03671875 0.065625
0 0.60078125 0.2984375 0.04609375 0.053125
0 0.80546875 0.33828125 0.06015625 0.040625
0 0.40703125 0.2765625 0.06015625 0.0375
0 0.659375 0.2625 0.06015625 0.0265625
0 0.2765625 0.40859375 0.05546875 0.0359375
0 0.19765625 0.48046875 0.028125 0.0609375
1 0.5953125 0.47265625 0.04921875 0.028125
0 0.5390625 0.58203125 0.04140625 0.040625
1 0.28359375 0.56015625 0.053125 0.025
0 0.34296875 0.6984375 0.028125 0.0609375
0 0.3546875 0.77890625 0.06484375 0.0328125
0 0.5109375 0.66328125 0.06640625 0.03828125
0 0.7328125 0.665625 0.03359375 0.0625
0 0.71640625 0.54140625 0.02734375 0.06171875