1 0.284375 0.87578125 0.1125 0.0296875
1 0.1953125 0.75546875 0.065625 0.0390625
1 0.42421875 0.76796875 0.06875 0.0765625
1 0.58828125 0.728125 0.059375 0.04375
1 0.0296875 0.79296875 0.059375 0.028125
1 0.88671875 0.83203125 0.05625 0.021875
0 0.8703125 0.77734375 0.084375 0.0234375
0 0.90703125 0.69140625 0.065625 0.0390625
0 0.7765625 0.66328125 0.0578125 0.04375
0 0.7109375 0.54453125 0.071875 0.034375
1 0.9546875 0.6046875 0.090625 0.0375
1 0.92890625 0.4828125 0.09375 0.05
1 0.784375 0.4 0.0984375 0.0328125
1 0.70390625 0.346875 0.1 0.0625
1 0.61015625 0.253125 0.0578125 0.0625
1 0.85 0.3671875 0.046875 0.0265625
1 0.565625 0.53828125 0.0421875 0.0296875
0 0.3796875 0.6296875 0.090625 0.034375
0 0.3125 0.54453125 0.065625 0.0453125
0 0.1328125 0.54296875 0.084375 0.0390625
1 0.02734375 0.534375 0.0421875 0.0359375
1 0.496875 0.46171875 0.0875 0.025
1 0.28671875 0.4671875 0.03125 0.0734375
1 0.034375 0.475 0.06875 0.0375
0 0.8203125 0.24140625 0.04375 0.05
0 0.81953125 0.13203125 0.04375 0.053125