0 0.46484375 0.15859375 0.06875 0.0875
0 0.5546875 0.4078125 0.084375 0.0625
0 0.5828125 0.87890625 0.06875 0.090625
0 0.7203125 0.58671875 0.078125 0.075
0 0.428125 0.8640625 0.059375 0.0921875
1 0.36640625 0.30625 0.065625 0.0515625
1 0.40859375 0.21953125 0.053125 0.028125
0 0.53125 0.63671875 0.078125 0.046875
1 0.38125 0.578125 0.0359375 0.03125
1 0.69140625 0.38984375 0.0375 0.0671875
1 0.565625 0.6078125 0.0328125 0.0375
1 0.50546875 0.271875 0.03125 0.071875
1 0.77890625 0.31640625 0.0421875 0.065625
1 0.3078125 0.803125 0.059375 0.0375
1 0.51328125 0.9375 0.0375 0.05
1 0.48828125 0.540625 0.04375 0.065625
1 0.340625 0.3796875 0.03125 0.04375
1 0.42265625 0.33671875 0.028125 0.06875
1 0.72578125 0.7578125 0.028125 0.0546875
1 0.55859375 0.2171875 0.025 0.0671875
1 0.64765625 0.21640625 0.040625 0.0640625
1 0.6171875 0.5015625 0.0609375 0.0328125
1 0.5578125 0.46328125 0.04375 0.06875
0 0.69296875 0.2265625 0.075 0.08125
0 0.48671875 0.4484375 0.025 0.1125
1 0.26796875 0.47109375 0.0265625 0.078125
0 0.6484375 0.6421875 0.03125 0.1125
1 0.39296875 0.4671875 0.040625 0.05625
1 0.5515625 0.728125 0.040625 0.046875
1 0.39375 0.78984375 0.0390625 0.084375
1 0.45859375 0.69765625 0.0828125 0.04375
0 0.26171875 0.6140625 0.090625 0.05