0 0.7984375 0.36171875 0.04375 0.03125
0 0.76328125 0.4640625 0.034375 0.05625
0 0.7375 0.459375 0.040625 0.05
0 0.70234375 0.6171875 0.03125 0.0609375
0 0.71796875 0.71953125 0.04375 0.040625
0 0.6640625 0.74765625 0.040625 0.04375
0 0.67109375 0.678125 0.0453125 0.04375
0 0.63046875 0.703125 0.04375 0.0296875
0 0.65546875 0.63046875 0.05 0.03125
0 0.665625 0.590625 0.03125 0.065625
0 0.621875 0.56171875 0.034375 0.053125
0 0.71875 0.278125 0.0453125 0.025
0 0.68515625 0.30078125 0.05 0.0296875
0 0.66015625 0.2734375 0.0546875 0.0421875
0 0.696875 0.16875 0.046875 0.025
0 0.6578125 0.18671875 0.046875 0.0265625
1 0.74765625 0.11171875 0.0265625 0.0375
1 0.67421875 0.10703125 0.021875 0.0390625
1 0.66015625 0.14609375 0.025 0.028125
1 0.70390625 0.21875 0.0375 0.0421875
1 0.725 0.253125 0.028125 0.025
1 0.71640625 0.31953125 0.0234375 0.0328125
1 0.73671875 0.378125 0.0265625 0.025
1 0.68671875 0.42421875 0.021875 0.034375
0 0.61953125 0.35859375 0.0375 0.04375
0 0.634375 0.13515625 0.04375 0.04375
0 0.559375 0.07109375 0.03125 0.0578125
0 0.49140625 0.0515625 0.046875 0.028125
0 0.53515625 0.19296875 0.034375 0.046875
0 0.503125 0.25 0.0328125 0.053125
0 0.53046875 0.33671875 0.040625 0.040625
0 0.55078125 0.1328125 0.0421875 0.034375
0 0.58359375 0.30078125 0.0453125 0.028125
0 0.59765625 0.33203125 0.046875 0.03125
0 0.57890625 0.35625 0.046875 0.025
0 0.4046875 0.1890625 0.025 0.0625
0 0.3921875 0.21640625 0.0265625 0.05625
0 0.334375 0.2734375 0.040625 0.03125
0 0.3546875 0.40078125 0.03125 0.053125
0 0.375 0.55703125 0.0421875 0.046875
1 0.54375 0.221875 0.0375 0.028125
1 0.5296875 0.271875 0.021875 0.034375
0 0.5546875 0.37734375 0.04375 0.03125
1 0.53203125 0.071875 0.028125 0.025
0 0.3234375 0.69609375 0.05 0.025
1 0.30703125 0.65859375 0.025 0.034375
1 0.28671875 0.6359375 0.021875 0.04375
1 0.4296875 0.4890625 0.0203125 0.03125
1 0.409375 0.49609375 0.021875 0.03125
0 0.3875 0.52734375 0.015625 0.053125
0 0.4546875 0.68359375 0.040625 0.046875
0 0.4453125 0.74765625 0.04375 0.0265625
0 0.4390625 0.64140625 0.03125 0.053125
0 0.425 0.72265625 0.025 0.059375
0 0.5015625 0.803125 0.046875 0.0421875
0 0.5078125 0.8515625 0.0296875 0.0625
0 0.5265625 0.52890625 0.05 0.0265625
0 0.51171875 0.57890625 0.034375 0.053125
1 0.57421875 0.81875 0.0421875 0.034375
1 0.55234375 0.84375 0.03125 0.0421875
1 0.5671875 0.56171875 0.0234375 0.034375
1 0.515625 0.4859375 0.028125 0.028125
1 0.334375 0.30625 0.025 0.0265625
1 0.60859375 0.52109375 0.03125 0.025
1 0.55234375 0.65703125 0.0234375 0.028125
1 0.44921875 0.1234375 0.0265625 0.03125
1 0.46484375 0.23828125 0.028125 0.034375
1 0.31171875 0.34375 0.021875 0.0390625
1 0.35859375 0.35390625 0.0203125 0.0265625
1 0.37890625 0.359375 0.021875 0.028125
0 0.40859375 0.353125 0.025 0.05625
0 0.43046875 0.33828125 0.04375 0.021875
0 0.596875 0.49765625 0.040625 0.05
0 0.44140625 0.30390625 0.046875 0.025
0 0.378125 0.41015625 0.028125 0.05
0 0.4828125 0.63203125 0.040625 0.040625
1 0.48359375 0.3546875 0.03125 0.021875
1 0.46484375 0.37890625 0.0234375 0.0375
1 0.4484375 0.36171875 0.0234375 0.025
1 0.42265625 0.38984375 0.028125 0.040625
1 0.39375 0.39765625 0.025 0.034375
1 0.4875 0.6078125 0.03125 0.0375
1 0.71953125 0.82109375 0.0296875 0.053125