1 0.4265625 0.146875 0.075 0.04375
1 0.56796875 0.40625 0.05 0.0640625
1 0.3734375 0.85390625 0.05625 0.0578125
1 0.4734375 0.88203125 0.0484375 0.0375
1 0.459375 0.74921875 0.0796875 0.0546875
1 0.53203125 0.61015625 0.071875 0.046875
1 0.25234375 0.596875 0.078125 0.05
1 0.36875 0.45625 0.078125 0.0328125
1 0.7328125 0.41953125 0.059375 0.0515625
0 0.27109375 0.2734375 0.0515625 0.0828125
0 0.309375 0.1890625 0.0484375 0.08125
0 0.60703125 0.70078125 0.1015625 0.05
0 0.68203125 0.59921875 0.0640625 0.0625
0 0.5984375 0.26796875 0.046875 0.08125
1 0.3203125 0.3609375 0.075 0.06875
1 0.2203125 0.45234375 0.065625 0.046875
1 0.40546875 0.5515625 0.0765625 0.040625
1 0.446875 0.5 0.0578125 0.03125
1 0.321875 0.74765625 0.103125 0.040625
1 0.55390625 0.82109375 0.1 0.040625
1 0.60390625 0.52578125 0.05 0.06875
1 0.76484375 0.6640625 0.0609375 0.0640625
1 0.42578125 0.2953125 0.06875 0.0515625
1 0.62578125 0.21875 0.05 0.04375
1 0.3984375 0.6640625 0.0625 0.04375
0 0.67890625 0.79140625 0.059375 0.078125
0 0.69453125 0.33984375 0.06875 0.065625