0 0.73046875 0.61484375 0.06875 0.140625
0 0.5296875 0.56875 0.065625 0.184375
0 0.12265625 0.63984375 0.046875 0.18125
0 0.3125 0.47421875 0.09375 0.1296875
0 0.340625 0.8265625 0.05 0.16875
0 0.6984375 0.1421875 0.071875 0.14375
0 0.42109375 0.6984375 0.0375 0.16875
0 0.484375 0.42890625 0.075 0.128125
0 0.54609375 0.1359375 0.040625 0.175
0 0.4625 0.128125 0.0953125 0.103125
0 0.51640625 0.2875 0.1 0.078125
0 0.61796875 0.4515625 0.0546875 0.175
0 0.64765625 0.2421875 0.0375 0.1578125
0 0.58984375 0.6765625 0.0375 0.16875
0 0.240625 0.1578125 0.09375 0.125
0 0.203125 0.4515625 0.059375 0.165625
0 0.80703125 0.36796875 0.075 0.1390625