0 0.7578125 0.8015625 0.025 0.053125
0 0.74296875 0.628125 0.021875 0.059375
0 0.76640625 0.3453125 0.0375 0.04375
0 0.7015625 0.3078125 0.028125 0.04375
0 0.7015625 0.4109375 0.03125 0.053125
0 0.653125 0.70859375 0.040625 0.034375
0 0.60859375 0.56875 0.0203125 0.0546875
1 0.82421875 0.48671875 0.034375 0.03125
1 0.75078125 0.675 0.0265625 0.04375
1 0.7125 0.12265625 0.0390625 0.025
0 0.68359375 0.7 0.028125 0.0484375
1 0.725 0.44765625 0.0265625 0.021875
0 0.69140625 0.5125 0.0203125 0.059375
0 0.66015625 0.39296875 0.01875 0.059375
0 0.6203125 0.3578125 0.028125 0.05
0 0.6296875 0.37421875 0.028125 0.053125
0 0.64375 0.30859375 0.0234375 0.0546875
0 0.61484375 0.30859375 0.028125 0.046875
0 0.58125 0.32421875 0.0390625 0.034375
0 0.6 0.89375 0.0203125 0.0546875
0 0.57578125 0.8375 0.0375 0.03125
0 0.58828125 0.6703125 0.025 0.05
0 0.64453125 0.57734375 0.0359375 0.0359375
1 0.5703125 0.58984375 0.0296875 0.0375
1 0.5921875 0.47109375 0.0234375 0.0375
0 0.54765625 0.47890625 0.01875 0.05625
0 0.534375 0.421875 0.0375 0.0390625
0 0.50078125 0.26015625 0.03125 0.0484375
0 0.4953125 0.16953125 0.025 0.05
0 0.503125 0.50625 0.021875 0.05625
0 0.50703125 0.6234375 0.028125 0.046875
1 0.61796875 0.23984375 0.028125 0.0375
1 0.50234375 0.675 0.028125 0.034375
0 0.4859375 0.59765625 0.01875 0.04375
0 0.47109375 0.39921875 0.0359375 0.03125
0 0.4578125 0.38828125 0.034375 0.0390625
1 0.45625 0.4359375 0.01875 0.040625
1 0.42578125 0.3 0.021875 0.040625
0 0.2828125 0.4171875 0.0375 0.034375
0 0.3625 0.38125 0.0421875 0.028125
0 0.37421875 0.64140625 0.0421875 0.034375
0 0.37421875 0.7625 0.0375 0.0359375
0 0.44140625 0.74453125 0.0296875 0.046875
0 0.46484375 0.7671875 0.0328125 0.040625
1 0.42109375 0.6484375 0.0265625 0.040625
1 0.36875 0.57265625 0.028125 0.021875
0 0.5671875 0.15859375 0.04375 0.03125
0 0.4015625 0.59140625 0.0296875 0.0375
0 0.37421875 0.51640625 0.04375 0.025
0 0.36328125 0.40703125 0.0359375 0.040625
0 0.359375 0.72578125 0.0265625 0.053125
0 0.384375 0.47265625 0.0375 0.0453125
0 0.346875 0.58203125 0.0171875 0.053125
0 0.403125 0.396875 0.034375 0.0375
0 0.33828125 0.3203125 0.0421875 0.0265625
0 0.45625 0.1796875 0.0359375 0.040625
1 0.3171875 0.16796875 0.028125 0.0328125