0 0.38828125 0.5890625 0.046875 0.05
0 0.59609375 0.2078125 0.05625 0.04375
0 0.5578125 0.2515625 0.0578125 0.05
0 0.63125 0.4875 0.05625 0.040625
0 0.47421875 0.75234375 0.0625 0.046875
0 0.56875 0.3765625 0.05625 0.04375
0 0.47421875 0.64453125 0.040625 0.05625
0 0.3359375 0.4328125 0.05 0.0484375
0 0.3921875 0.44296875 0.028125 0.0625
0 0.4390625 0.57890625 0.0515625 0.05
0 0.678125 0.4328125 0.0609375 0.03125
0 0.3703125 0.26328125 0.06875 0.0359375
0 0.33203125 0.61796875 0.034375 0.065625
0 0.51484375 0.440625 0.065625 0.0375
0 0.2296875 0.73984375 0.065625 0.040625
0 0.5625 0.7640625 0.046875 0.059375
0 0.5390625 0.48359375 0.0625 0.0296875
0 0.2234375 0.5859375 0.06875 0.021875
0 0.65390625 0.6328125 0.03125 0.0625
1 0.7078125 0.403125 0.04375 0.025
0 0.36484375 0.76171875 0.040625 0.046875
0 0.60703125 0.6921875 0.034375 0.0625
0 0.5453125 0.340625 0.06875 0.025
1 0.2875 0.5421875 0.03125 0.053125
0 0.3328125 0.58046875 0.0625 0.046875
0 0.60703125 0.565625 0.065625 0.021875
0 0.54375 0.68046875 0.065625 0.025
0 0.41015625 0.209375 0.034375 0.0625
0 0.66953125 0.3359375 0.065625 0.021875
0 0.5609375 0.65546875 0.0625 0.03125
0 0.45546875 0.33046875 0.0203125 0.059375
0 0.55 0.61640625 0.06875 0.021875
0 0.59609375 0.62734375 0.0203125 0.065625
0 0.60625 0.77421875 0.065625 0.0375