0 0.853125 0.26875 0.034375 0.059375
0 0.8609375 0.378125 0.059375 0.0609375
0 0.3328125 0.178125 0.05 0.06875
0 0.33984375 0.3515625 0.05625 0.059375
0 0.29140625 0.309375 0.0359375 0.0671875
0 0.8265625 0.9015625 0.0671875 0.046875
0 0.77578125 0.9203125 0.08125 0.0515625
0 0.64453125 0.88671875 0.0625 0.05625
0 0.58515625 0.8984375 0.078125 0.046875
0 0.36328125 0.5953125 0.059375 0.059375
0 0.55390625 0.37265625 0.096875 0.0390625
0 0.6953125 0.92265625 0.0671875 0.053125
0 0.175 0.78203125 0.0640625 0.05625
0 0.184375 0.5203125 0.078125 0.05625
0 0.1515625 0.703125 0.06875 0.0484375
0 0.49765625 0.85078125 0.053125 0.059375
0 0.23828125 0.690625 0.071875 0.0515625
0 0.2203125 0.715625 0.071875 0.046875
1 0.2953125 0.70390625 0.065625 0.046875
0 0.41328125 0.72109375 0.065625 0.046875
0 0.440625 0.73125 0.0671875 0.04375
1 0.41171875 0.7859375 0.059375 0.034375
0 0.27109375 0.7859375 0.078125 0.05
0 0.25 0.83359375 0.053125 0.065625
0 0.19375 0.48203125 0.0515625 0.0578125
0 0.11953125 0.6359375 0.059375 0.0578125
0 0.06015625 0.53203125 0.040625 0.0625
0 0.1203125 0.54609375 0.053125 0.053125
0 0.315625 0.4015625 0.0875 0.0484375
0 0.07890625 0.2609375 0.046875 0.0625
1 0.0828125 0.315625 0.0484375 0.040625
1 0.771875 0.76484375 0.0515625 0.0265625
0 0.20703125 0.2796875 0.096875 0.0375
0 0.19453125 0.128125 0.0875 0.046875
0 0.51796875 0.1484375 0.0890625 0.05
1 0.0734375 0.11796875 0.059375 0.03125
0 0.59375 0.29921875 0.040625 0.0671875
0 0.71796875 0.30859375 0.0734375 0.0421875
0 0.6296875 0.48046875 0.06875 0.046875
0 0.5875 0.19921875 0.06875 0.05625
0 0.48203125 0.18515625 0.096875 0.0375
0 0.4609375 0.21796875 0.0953125 0.0375
0 0.51171875 0.24609375 0.09375 0.0328125
0 0.43984375 0.29765625 0.09375 0.03125
0 0.46015625 0.43984375 0.05625 0.0515625
0 0.48984375 0.48984375 0.078125 0.0484375
0 0.57734375 0.39296875 0.0859375 0.0296875
0 0.6125 0.41328125 0.09375 0.034375
1 0.64609375 0.34453125 0.0578125 0.0359375
0 0.4078125 0.5125 0.0875 0.0359375
0 0.4078125 0.57109375 0.040625 0.0625
0 0.3703125 0.6359375 0.071875 0.040625
0 0.1671875 0.6140625 0.05 0.05625
0 0.70546875 0.64609375 0.0875 0.0390625
1 0.72890625 0.65546875 0.040625 0.0234375
0 0.6484375 0.67734375 0.078125 0.0421875
0 0.6640625 0.71953125 0.06875 0.05
1 0.65234375 0.63125 0.034375 0.03125
0 0.58515625 0.6203125 0.0609375 0.046875
0 0.55703125 0.6953125 0.05625 0.053125
1 0.62265625 0.753125 0.078125 0.021875
0 0.5625 0.76484375 0.0890625 0.03125
0 0.53515625 0.7828125 0.0921875 0.03125