1 0.58671875 0.6703125 0.0390625 0.0359375
1 0.4609375 0.69609375 0.0328125 0.046875
1 0.65703125 0.68359375 0.028125 0.0359375
1 0.540625 0.88125 0.034375 0.0375
1 0.82265625 0.30390625 0.0328125 0.046875
1 0.5359375 0.25234375 0.028125 0.0484375
1 0.4953125 0.51171875 0.046875 0.025
1 0.48671875 0.35859375 0.03125 0.025
1 0.67890625 0.8140625 0.0328125 0.040625
1 0.578125 0.80390625 0.0453125 0.034375
1 0.54375 0.3921875 0.034375 0.0328125
1 0.53046875 0.690625 0.03125 0.034375
1 0.38046875 0.30390625 0.028125 0.0265625
1 0.6984375 0.36484375 0.0421875 0.021875
1 0.4765625 0.596875 0.034375 0.046875
1 0.3828125 0.4328125 0.028125 0.0453125
1 0.5953125 0.196875 0.040625 0.028125
0 0.72265625 0.1953125 0.059375 0.021875
1 0.37421875 0.56484375 0.028125 0.03125
1 0.625 0.4875 0.0375 0.021875
1 0.31953125 0.4921875 0.0171875 0.028125
1 0.72265625 0.575 0.0296875 0.034375
1 0.6875 0.721875 0.028125 0.025
1 0.6015625 0.3671875 0.053125 0.025
1 0.584375 0.553125 0.05625 0.021875
1 0.778125 0.46171875 0.034375 0.0234375
1 0.46015625 0.2796875 0.0265625 0.021875
1 0.59765625 0.73984375 0.034375 0.021875
1 0.57109375 0.31484375 0.025 0.01875
1 0.5125 0.8078125 0.0375 0.021875
1 0.6859375 0.3015625 0.015625 0.01875
1 0.7296875 0.6765625 0.05625 0.021875
1 0.5078125 0.7515625 0.04375 0.0328125