1 0.27578125 0.3640625 0.06640625 0.03828125
1 0.4203125 0.3609375 0.06171875 0.0328125
1 0.59609375 0.35078125 0.05546875 0.034375
1 0.66640625 0.440625 0.03125 0.0421875
1 0.56015625 0.471875 0.04609375 0.05
1 0.46484375 0.54609375 0.05859375 0.02421875
1 0.4296875 0.4640625 0.05546875 0.0265625
1 0.31640625 0.4265625 0.04453125 0.03515625
1 0.56875 0.575 0.04921875 0.03671875
1 0.66328125 0.59921875 0.03125 0.0390625
1 0.71953125 0.53203125 0.05078125 0.046875
1 0.61796875 0.67890625 0.05546875 0.025
1 0.403125 0.72265625 0.03828125 0.04375
1 0.5 0.78359375 0.05 0.0421875
1 0.26796875 0.73125 0.04296875 0.02421875
1 0.32734375 0.64453125 0.0359375 0.03671875
1 0.24140625 0.61015625 0.053125 0.04296875
1 0.31796875 0.52734375 0.05625 0.04140625
1 0.48125 0.62109375 0.04375 0.05859375
1 0.38828125 0.81640625 0.03984375 0.04609375
0 0.16875 0.5078125 0.03515625 0.06640625
0 0.6765625 0.74609375 0.04140625 0.06328125