1 0.12421875 0.25390625 0.05 0.109375
1 0.090625 0.43671875 0.065625 0.1125
1 0.115625 0.61328125 0.0375 0.096875
1 0.19921875 0.75703125 0.034375 0.059375
1 0.29375 0.79921875 0.05 0.11875
1 0.25390625 0.6421875 0.034375 0.08125
1 0.23203125 0.496875 0.0625 0.1125
1 0.2421875 0.16015625 0.075 0.0875
1 0.36875 0.14140625 0.08125 0.0765625
1 0.30625 0.3 0.05625 0.096875
1 0.40703125 0.30546875 0.06875 0.08125
1 0.42734375 0.45625 0.0859375 0.090625
1 0.4734375 0.57578125 0.0578125 0.0515625
1 0.34296875 0.63671875 0.059375 0.115625
1 0.44296875 0.703125 0.05625 0.1125
1 0.40859375 0.84453125 0.059375 0.0953125
1 0.5046875 0.86328125 0.0640625 0.140625
1 0.21328125 0.30859375 0.059375 0.134375
1 0.4734375 0.1390625 0.065625 0.05625
1 0.60703125 0.12109375 0.109375 0.05
1 0.5671875 0.22890625 0.084375 0.059375
1 0.534375 0.35390625 0.078125 0.109375
1 0.54453125 0.4953125 0.075 0.109375
1 0.72421875 0.17265625 0.0578125 0.0984375
1 0.66875 0.24765625 0.0703125 0.0875
1 0.7421875 0.32421875 0.0515625 0.0515625
1 0.72421875 0.48203125 0.04375 0.10625
1 0.640625 0.49609375 0.065625 0.040625
1 0.578125 0.6484375 0.034375 0.0875
1 0.58046875 0.75390625 0.059375 0.06875
1 0.60546875 0.89296875 0.0453125 0.121875
1 0.6984375 0.9 0.0625 0.0671875
1 0.64921875 0.67734375 0.0515625 0.0859375
1 0.7171875 0.771875 0.0578125 0.1140625
1 0.734375 0.65078125 0.046875 0.078125
1 0.78125 0.5671875 0.046875 0.0625
1 0.78125 0.378125 0.04375 0.0671875
1 0.83125 0.24609375 0.065625 0.103125
1 0.92265625 0.3796875 0.05625 0.11875
1 0.93046875 0.53515625 0.0546875 0.103125
1 0.85390625 0.61953125 0.0359375 0.1046875
1 0.85234375 0.48671875 0.0265625 0.04375
1 0.79609375 0.7515625 0.0625 0.1109375