1 0.42890625 0.9671875 0.06875 0.028125
1 0.55 0.9609375 0.0765625 0.03125
1 0.64140625 0.94921875 0.0640625 0.0375
1 0.5671875 0.871875 0.046875 0.03125
1 0.63828125 0.8 0.046875 0.028125
1 0.665625 0.76875 0.034375 0.0421875
1 0.703125 0.74609375 0.04375 0.040625
1 0.4875 0.87421875 0.0640625 0.0625
1 0.38671875 0.89296875 0.0578125 0.08125
1 0.42421875 0.8859375 0.0546875 0.05625
1 0.5765625 0.78984375 0.04375 0.0296875
1 0.70546875 0.6828125 0.05625 0.053125
1 0.69765625 0.6640625 0.04375 0.0390625
1 0.7109375 0.63046875 0.059375 0.05
1 0.6296875 0.63125 0.0375 0.046875
1 0.65625 0.578125 0.01875 0.0625
1 0.671875 0.56796875 0.025 0.0609375
1 0.68203125 0.51953125 0.046875 0.025
1 0.75703125 0.51640625 0.01875 0.059375
1 0.4 0.8015625 0.0359375 0.046875
1 0.43046875 0.75078125 0.046875 0.0796875
1 0.46171875 0.7296875 0.0625 0.03125
1 0.3578125 0.765625 0.05625 0.06875
1 0.39140625 0.7453125 0.0234375 0.0921875
1 0.44453125 0.67109375 0.040625 0.0875
1 0.4984375 0.6546875 0.021875 0.065625
1 0.56796875 0.63671875 0.025 0.065625
1 0.54765625 0.61015625 0.025 0.075
1 0.71328125 0.60078125 0.05625 0.071875
1 0.7796875 0.36171875 0.028125 0.04375
1 0.7203125 0.44140625 0.0421875 0.0421875
1 0.75625 0.4046875 0.03125 0.0515625
1 0.721875 0.4046875 0.0296875 0.0546875
1 0.60546875 0.48671875 0.0421875 0.028125
1 0.63828125 0.36484375 0.034375 0.053125
1 0.66875 0.37890625 0.01875 0.059375
1 0.66171875 0.3203125 0.03125 0.05625
1 0.66875 0.2953125 0.04375 0.08125
1 0.6328125 0.2453125 0.0296875 0.059375
1 0.64921875 0.196875 0.03125 0.0515625
1 0.6390625 0.13203125 0.0484375 0.034375
1 0.534375 0.21796875 0.034375 0.0546875
1 0.55390625 0.23984375 0.03125 0.05
1 0.55859375 0.19140625 0.0375 0.05
1 0.59765625 0.36328125 0.0265625 0.0625
1 0.56640625 0.3375 0.0390625 0.0453125
1 0.58125 0.3078125 0.034375 0.04375
1 0.50234375 0.13984375 0.0203125 0.0640625
1 0.4375 0.13671875 0.0703125 0.0265625
1 0.4046875 0.07421875 0.025 0.09375
1 0.44921875 0.6203125 0.028125 0.05625
1 0.43359375 0.609375 0.0296875 0.0578125
1 0.52890625 0.5546875 0.021875 0.0671875
1 0.5109375 0.53203125 0.0265625 0.03125
1 0.46484375 0.51328125 0.0421875 0.04375
1 0.46015625 0.49609375 0.040625 0.04375
1 0.51796875 0.44921875 0.0421875 0.040625
1 0.5140625 0.43125 0.04375 0.040625
1 0.29765625 0.7796875 0.040625 0.059375
1 0.31875 0.69921875 0.0734375 0.0359375
1 0.36640625 0.68046875 0.028125 0.025
1 0.3640625 0.6453125 0.0484375 0.040625
1 0.35 0.53046875 0.0234375 0.065625
1 0.37265625 0.52421875 0.034375 0.059375
1 0.44453125 0.33515625 0.040625 0.05
1 0.39296875 0.4765625 0.04375 0.04375
1 0.265625 0.74296875 0.021875 0.065625
1 0.2140625 0.734375 0.034375 0.059375
1 0.2296875 0.70234375 0.0203125 0.065625
1 0.27578125 0.66953125 0.071875 0.028125
1 0.1703125 0.6359375 0.0828125 0.0375
1 0.20234375 0.6140625 0.0703125 0.04375
1 0.21640625 0.58671875 0.06875 0.0515625
1 0.178125 0.52578125 0.025 0.103125
1 0.215625 0.453125 0.078125 0.034375
1 0.08515625 0.4453125 0.0296875 0.103125
1 0.26484375 0.46484375 0.034375 0.059375
1 0.2828125 0.47578125 0.0453125 0.04375
1 0.32734375 0.4734375 0.03125 0.059375
1 0.30859375 0.43515625 0.071875 0.034375
1 0.35859375 0.44609375 0.04375 0.028125
1 0.359375 0.42109375 0.06875 0.025
1 0.3921875 0.45 0.05625 0.0625
1 0.1640625 0.2015625 0.0359375 0.0875
1 0.20546875 0.2109375 0.01875 0.096875
1 0.2484375 0.2515625 0.025 0.1015625
1 0.33046875 0.12578125 0.04375 0.08125
1 0.3703125 0.1953125 0.0625 0.04375
1 0.3125 0.29375 0.0234375 0.065625
1 0.36484375 0.24765625 0.046875 0.0390625
1 0.37890625 0.26328125 0.04375 0.040625
1 0.4171875 0.246875 0.0453125 0.0734375