0 0.565625 0.3640625 0.09375 0.0671875
0 0.484375 0.3640625 0.0734375 0.078125
0 0.54765625 0.6734375 0.0625 0.0875
0 0.23671875 0.37421875 0.090625 0.090625
1 0.3359375 0.64375 0.059375 0.1
0 0.36484375 0.41171875 0.090625 0.0640625
0 0.50390625 0.13125 0.065625 0.1015625
0 0.28671875 0.66484375 0.025 0.1453125
1 0.2890625 0.41953125 0.04375 0.11875
0 0.40625 0.18046875 0.084375 0.046875
0 0.5625 0.3078125 0.090625 0.04375
1 0.203125 0.7890625 0.0375 0.125
0 0.47578125 0.64765625 0.084375 0.0875
0 0.440625 0.484375 0.08125 0.0421875
0 0.36875 0.2921875 0.059375 0.121875
0 0.425 0.3578125 0.1 0.0421875
0 0.50234375 0.4171875 0.090625 0.028125
1 0.21875 0.3171875 0.053125 0.065625
0 0.32578125 0.2390625 0.040625 0.0859375
0 0.434375 0.52421875 0.090625 0.040625
0 0.521875 0.45703125 0.084375 0.034375
1 0.5921875 0.70703125 0.03125 0.0828125
0 0.45234375 0.69765625 0.0640625 0.1125
1 0.25390625 0.15078125 0.0484375 0.06875
0 0.49609375 0.70703125 0.071875 0.0890625
0 0.36484375 0.48515625 0.090625 0.0375
1 0.50234375 0.54765625 0.0234375 0.0625
1 0.53671875 0.16796875 0.0375 0.03125
0 0.40859375 0.6078125 0.078125 0.0859375
1 0.30390625 0.28203125 0.046875 0.103125
0 0.42109375 0.571875 0.0875 0.059375
0 0.48203125 0.56328125 0.040625 0.0484375
0 0.66875 0.55390625 0.0625 0.109375
0 0.24921875 0.65234375 0.053125 0.1171875
0 0.44609375 0.32734375 0.09375 0.0328125
1 0.55 0.553125 0.03125 0.103125