0 0.63671875 0.31640625 0.084375 0.053125
0 0.53203125 0.696875 0.0734375 0.05703125
0 0.18046875 0.55546875 0.07265625 0.08203125
0 0.753125 0.5125 0.0375 0.08203125
0 0.71796875 0.740625 0.04140625 0.0890625
1 0.4484375 0.14296875 0.04140625 0.065625
1 0.26640625 0.31875 0.04375 0.04296875
1 0.40234375 0.36953125 0.0515625 0.040625
1 0.5671875 0.42109375 0.07578125 0.046875
1 0.54921875 0.5125 0.06640625 0.03203125
1 0.35234375 0.51484375 0.04609375 0.0421875
1 0.36171875 0.70859375 0.05625 0.040625