0 0.44921875 0.28515625 0.08125 0.04375
0 0.29375 0.76953125 0.0484375 0.0875
1 0.35546875 0.8234375 0.04375 0.075
1 0.48046875 0.70234375 0.028125 0.03125
1 0.64921875 0.83671875 0.065625 0.0375
1 0.6828125 0.40703125 0.03125 0.075
1 0.68671875 0.7671875 0.034375 0.0625
1 0.60078125 0.46875 0.03125 0.059375
0 0.61328125 0.7109375 0.046875 0.109375
1 0.303125 0.60234375 0.04375 0.040625
1 0.23828125 0.30546875 0.0484375 0.0765625
1 0.37109375 0.66953125 0.046875 0.053125
1 0.58359375 0.3484375 0.03125 0.034375
0 0.68203125 0.49375 0.040625 0.090625
1 0.546875 0.58359375 0.034375 0.0375
0 0.39609375 0.20546875 0.05 0.0859375
1 0.76953125 0.79453125 0.0328125 0.0453125
1 0.4421875 0.71484375 0.078125 0.03125
1 0.528125 0.14921875 0.034375 0.06875
1 0.375 0.41015625 0.0265625 0.090625
1 0.3265625 0.26640625 0.0453125 0.0328125
1 0.5359375 0.86875 0.0625 0.021875
0 0.4203125 0.49140625 0.0421875 0.05
1 0.790625 0.44765625 0.021875 0.0453125
1 0.665625 0.34296875 0.05 0.0671875
1 0.48984375 0.23203125 0.0578125 0.034375
0 0.6046875 0.21875 0.08125 0.040625
1 0.446875 0.5828125 0.046875 0.0328125
1 0.21640625 0.56875 0.0453125 0.0765625
1 0.55 0.39140625 0.034375 0.0625
0 0.73984375 0.6578125 0.0578125 0.05625
0 0.22890625 0.43828125 0.0328125 0.090625
0 0.50859375 0.41640625 0.04375 0.0890625
1 0.3625 0.2953125 0.0390625 0.09375
1 0.625 0.5953125 0.0203125 0.059375
1 0.43125 0.81953125 0.0375 0.0625
0 0.290625 0.375 0.0265625 0.109375
1 0.4046875 0.0890625 0.0375 0.053125
1 0.27109375 0.5359375 0.0359375 0.0203125
1 0.33359375 0.83984375 0.025 0.0515625