1 0.6015625 0.8015625 0.065625 0.065625
1 0.45 0.76171875 0.053125 0.065625
1 0.2453125 0.76640625 0.065625 0.04375
1 0.2859375 0.690625 0.040625 0.06875
1 0.13046875 0.66015625 0.059375 0.0515625
1 0.2234375 0.584375 0.04375 0.034375
1 0.16015625 0.4875 0.05625 0.040625
1 0.35 0.48515625 0.053125 0.053125
1 0.51171875 0.4828125 0.046875 0.034375
1 0.53203125 0.58203125 0.0546875 0.040625
1 0.6140625 0.64453125 0.05625 0.046875
1 0.646875 0.49296875 0.046875 0.040625
1 0.596875 0.33046875 0.05 0.053125
1 0.32890625 0.340625 0.0703125 0.046875
1 0.17578125 0.34140625 0.05 0.0375
0 0.8140625 0.47421875 0.078125 0.08125
1 0.8 0.61328125 0.059375 0.059375
1 0.6515625 0.115625 0.08125 0.034375
1 0.53203125 0.15390625 0.034375 0.05
0 0.321875 0.1828125 0.0875 0.0484375
0 0.39375 0.60859375 0.075 0.071875
0 0.4390625 0.21171875 0.034375 0.075
0 0.71015625 0.35859375 0.125 0.0375
0 0.50625 0.33828125 0.075 0.071875
0 0.7671875 0.22109375 0.0875 0.0421875