0 0.5875 0.27578125 0.03984375 0.05703125
1 0.453125 0.27109375 0.04609375 0.02890625
0 0.42109375 0.35546875 0.0609375 0.02734375
0 0.45390625 0.39296875 0.06015625 0.04140625
1 0.57734375 0.36875 0.059375 0.0359375
0 0.590625 0.39609375 0.06796875 0.02109375
0 0.70859375 0.4171875 0.06875 0.02578125
0 0.59375 0.44375 0.0671875 0.02890625
0 0.28671875 0.41875 0.05390625 0.04140625
0 0.328125 0.4234375 0.04921875 0.04296875
1 0.35078125 0.43828125 0.04609375 0.0234375
1 0.39609375 0.44140625 0.04375 0.03203125
0 0.23359375 0.46875 0.06640625 0.03203125
1 0.290625 0.45625 0.034375 0.0296875
1 0.25703125 0.5078125 0.04609375 0.03125
1 0.32265625 0.5125 0.03046875 0.02109375
1 0.1734375 0.584375 0.0484375 0.02265625
1 0.47109375 0.48515625 0.04140625 0.02421875
1 0.44375 0.51015625 0.0359375 0.0328125
0 0.41171875 0.5421875 0.05859375 0.03515625
1 0.3625 0.5640625 0.025 0.03203125
0 0.34453125 0.6046875 0.05546875 0.046875
1 0.51484375 0.51484375 0.034375 0.03828125
0 0.5828125 0.47734375 0.053125 0.0359375
1 0.61484375 0.48046875 0.04375 0.02890625
0 0.68515625 0.46796875 0.0578125 0.04453125
1 0.75078125 0.4671875 0.03203125 0.0359375
0 0.41875 0.575 0.07265625 0.02421875
0 0.471875 0.59140625 0.02890625 0.0546875
1 0.50546875 0.609375 0.040625 0.03125
1 0.5046875 0.63984375 0.03515625 0.02578125
0 0.43046875 0.69765625 0.06796875 0.03671875
0 0.62265625 0.5484375 0.03046875 0.05234375
1 0.7078125 0.5578125 0.0296875 0.028125
0 0.7515625 0.540625 0.04140625 0.046875
0 0.72421875 0.62734375 0.03359375 0.05078125
0 0.63828125 0.63203125 0.0734375 0.0265625
1 0.51171875 0.72578125 0.05625 0.02578125
0 0.5921875 0.69609375 0.07265625 0.028125
1 0.63515625 0.66796875 0.028125 0.04140625
1 0.66953125 0.6828125 0.028125 0.02734375