1 0.64765625 0.3484375 0.0609375 0.059375
1 0.69140625 0.53359375 0.03125 0.05
1 0.66796875 0.73671875 0.040625 0.05625
1 0.52578125 0.7484375 0.034375 0.025
1 0.446875 0.5640625 0.028125 0.03125
1 0.3234375 0.36015625 0.03125 0.040625
0 0.5484375 0.29765625 0.0609375 0.0359375
0 0.471875 0.24765625 0.0296875 0.075
0 0.3953125 0.4125 0.075 0.040625
0 0.3671875 0.253125 0.034375 0.075
0 0.31484375 0.51796875 0.053125 0.059375
0 0.39453125 0.61328125 0.06875 0.046875
0 0.3921875 0.78203125 0.04375 0.0671875
0 0.5359375 0.459375 0.065625 0.03125
0 0.56171875 0.59921875 0.04375 0.0640625