0 0.36953125 0.2671875 0.04375 0.0375
0 0.5171875 0.32109375 0.0421875 0.046875
0 0.5125 0.41875 0.0546875 0.021875
0 0.51640625 0.553125 0.025 0.0515625
0 0.55859375 0.6375 0.04375 0.03125
0 0.6171875 0.36953125 0.034375 0.04375
0 0.28984375 0.5 0.0171875 0.046875
0 0.41953125 0.48984375 0.03125 0.0453125
1 0.27109375 0.41484375 0.0296875 0.0421875
0 0.29921875 0.6078125 0.0359375 0.040625
0 0.41953125 0.62890625 0.034375 0.0453125
0 0.60703125 0.50390625 0.053125 0.0171875
0 0.4296875 0.378125 0.046875 0.015625
0 0.6296875 0.61875 0.046875 0.034375