1 0.39140625 0.29140625 0.0390625 0.04375
1 0.5703125 0.33046875 0.046875 0.05625
1 0.45390625 0.38125 0.05625 0.05
1 0.39921875 0.45 0.046875 0.053125
1 0.47421875 0.41328125 0.0453125 0.053125
1 0.5640625 0.40859375 0.040625 0.071875
1 0.38828125 0.54609375 0.04375 0.06875
1 0.69375 0.70625 0.046875 0.053125
1 0.57890625 0.625 0.0640625 0.046875
0 0.43984375 0.7375 0.0875 0.053125
0 0.42109375 0.33359375 0.0984375 0.040625
1 0.3921875 0.3703125 0.053125 0.0359375
1 0.5890625 0.75390625 0.040625 0.0625
1 0.52890625 0.6484375 0.0421875 0.06875
1 0.65234375 0.67890625 0.05 0.0546875
1 0.48125 0.52109375 0.053125 0.05
1 0.5625 0.5203125 0.046875 0.05625
1 0.3671875 0.596875 0.05625 0.0421875
1 0.43359375 0.578125 0.065625 0.05
1 0.36953125 0.66484375 0.0484375 0.065625
1 0.64375 0.40390625 0.0625 0.046875
1 0.69453125 0.41484375 0.0390625 0.0515625
1 0.740625 0.43203125 0.053125 0.06875
1 0.6796875 0.54453125 0.053125 0.059375
1 0.70703125 0.603125 0.05625 0.0546875
1 0.728125 0.5171875 0.046875 0.059375
0 0.4703125 0.45390625 0.0875 0.065625
0 0.5140625 0.40859375 0.0359375 0.090625
0 0.35 0.55703125 0.0375 0.084375