0 0.2625 0.37578125 0.096875 0.075
0 0.659375 0.59765625 0.05625 0.071875
0 0.20078125 0.69140625 0.109375 0.034375
1 0.515625 0.3734375 0.0625 0.040625
1 0.60078125 0.45 0.053125 0.0515625
1 0.475 0.703125 0.0375 0.0453125
1 0.503125 0.5171875 0.046875 0.05625
0 0.40390625 0.7125 0.05625 0.06875
1 0.18359375 0.52578125 0.06875 0.0359375
1 0.28125 0.50546875 0.0546875 0.05625
1 0.4171875 0.453125 0.075 0.046875
1 0.46171875 0.409375 0.065625 0.059375
1 0.5578125 0.48046875 0.0578125 0.05625
1 0.51328125 0.64609375 0.040625 0.05
1 0.56171875 0.6484375 0.053125 0.028125
1 0.415625 0.62421875 0.05 0.05625
1 0.3890625 0.540625 0.065625 0.0609375
1 0.5375 0.57578125 0.0671875 0.028125