0 0.22890625 0.4015625 0.06796875 0.0609375
0 0.43359375 0.334375 0.05859375 0.059375
0 0.53515625 0.28125 0.0671875 0.05234375
0 0.7171875 0.615625 0.05 0.06171875
0 0.56640625 0.44609375 0.07578125 0.0421875
0 0.409375 0.79296875 0.06171875 0.0359375
1 0.24375 0.28359375 0.034375 0.03671875
1 0.53515625 0.21875 0.03125 0.04296875
1 0.66328125 0.3078125 0.04765625 0.03203125
1 0.6828125 0.3546875 0.05 0.03125
1 0.45390625 0.4015625 0.03515625 0.03125
1 0.51015625 0.4890625 0.04609375 0.05703125
1 0.28203125 0.56640625 0.03203125 0.0375
1 0.41484375 0.54296875 0.0390625 0.03203125
1 0.29453125 0.709375 0.028125 0.04453125
1 0.44609375 0.68125 0.0328125 0.04921875
1 0.54375 0.7421875 0.0421875 0.0328125
1 0.65703125 0.66953125 0.03359375 0.04140625
1 0.6328125 0.60625 0.04296875 0.03515625
1 0.6109375 0.56953125 0.0296875 0.0359375
1 0.79453125 0.5703125 0.04921875 0.03046875
1 0.69375 0.45859375 0.05 0.03203125
1 0.76796875 0.44140625 0.03984375 0.0375
1 0.36328125 0.3046875 0.05234375 0.034375
1 0.56171875 0.57421875 0.03515625 0.0328125