1 0.23671875 0.225 0.0625 0.02265625
1 0.0859375 0.275 0.04765625 0.02109375
1 0.1328125 0.31328125 0.040625 0.0296875
1 0.321875 0.28046875 0.04296875 0.02265625
1 0.33359375 0.29609375 0.05625 0.021875
1 0.65625 0.20625 0.0375 0.0265625
1 0.7171875 0.31015625 0.03828125 0.03125
1 0.13828125 0.44609375 0.0515625 0.01953125
1 0.0859375 0.46328125 0.03828125 0.02578125
1 0.39453125 0.3578125 0.0453125 0.0265625
1 0.44140625 0.3796875 0.05 0.01875
1 0.1140625 0.684375 0.0453125 0.02265625
1 0.3109375 0.546875 0.04609375 0.0171875
1 0.32890625 0.5703125 0.0390625 0.01875
1 0.509375 0.440625 0.03984375 0.01796875
1 0.49765625 0.45859375 0.04140625 0.0171875
1 0.5125 0.621875 0.03828125 0.02421875
1 0.546875 0.52890625 0.0609375 0.01953125
1 0.746875 0.440625 0.0453125 0.021875
1 0.86875 0.428125 0.034375 0.0203125
1 0.82109375 0.509375 0.0515625 0.02265625
0 0.20703125 0.3265625 0.07421875 0.02109375
0 0.38515625 0.4828125 0.0578125 0.03828125
0 0.56875 0.38203125 0.075 0.028125
0 0.7296875 0.41953125 0.07734375 0.01875