0 0.2375 0.384375 0.07265625 0.0203125
1 0.18984375 0.40625 0.0453125 0.025
0 0.271875 0.4140625 0.06328125 0.0359375
0 0.36171875 0.378125 0.0421875 0.0484375
0 0.4859375 0.390625 0.065625 0.02421875
1 0.575 0.3765625 0.05234375 0.02578125
1 0.7375 0.34140625 0.04375 0.01875
0 0.72734375 0.36015625 0.071875 0.02265625
0 0.71640625 0.39296875 0.034375 0.05
0 0.74609375 0.4015625 0.02578125 0.05078125
0 0.66953125 0.35546875 0.04375 0.0390625
1 0.3296875 0.409375 0.025 0.02421875
0 0.42734375 0.409375 0.07734375 0.02734375
0 0.525 0.4 0.06796875 0.025
0 0.228125 0.478125 0.025 0.0484375
0 0.29453125 0.503125 0.0390625 0.0453125
0 0.24609375 0.53828125 0.0390625 0.0484375
0 0.2734375 0.5734375 0.06484375 0.0265625
0 0.209375 0.61953125 0.05234375 0.03828125
0 0.25703125 0.63828125 0.03203125 0.04453125
0 0.13671875 0.67109375 0.0609375 0.0234375
0 0.2109375 0.6703125 0.0359375 0.0453125
0 0.30234375 0.73046875 0.0484375 0.04453125
0 0.134375 0.51640625 0.04921875 0.0390625
0 0.1484375 0.53828125 0.05390625 0.0296875
0 0.34609375 0.56953125 0.0609375 0.02109375
1 0.265625 0.59140625 0.03046875 0.02265625
1 0.534375 0.9125 0.09375 0.02421875
0 0.35703125 0.84296875 0.06484375 0.01953125
0 0.40546875 0.78984375 0.05234375 0.03515625
0 0.43359375 0.81328125 0.03125 0.05
1 0.4171875 0.48203125 0.0375 0.02734375
0 0.46640625 0.43359375 0.065625 0.0234375
0 0.45078125 0.45859375 0.059375 0.034375
0 0.47734375 0.48984375 0.0625 0.02421875
0 0.45078125 0.525 0.0421875 0.0390625
0 0.425 0.54140625 0.04453125 0.046875
1 0.5296875 0.50546875 0.0328125 0.03984375
1 0.52265625 0.55703125 0.0796875 0.04609375
0 0.45 0.62109375 0.0640625 0.02421875
1 0.4328125 0.6421875 0.053125 0.0140625
1 0.409375 0.6546875 0.04609375 0.02578125
1 0.41875 0.67890625 0.03125 0.02734375
1 0.58125 0.66640625 0.04375 0.02265625
0 0.515625 0.6484375 0.0421875 0.0453125
0 0.4703125 0.6515625 0.021875 0.046875
1 0.465625 0.81171875 0.03828125 0.0234375
1 0.4921875 0.79453125 0.02890625 0.0234375
1 0.46796875 0.73359375 0.06796875 0.04921875
1 0.45 0.72265625 0.0359375 0.02890625
1 0.46171875 0.6890625 0.02734375 0.0359375
0 0.43125 0.70703125 0.040625 0.05390625
1 0.36171875 0.69140625 0.02890625 0.0265625
0 0.371875 0.71171875 0.06484375 0.01796875
1 0.353125 0.72734375 0.0546875 0.01640625
1 0.35703125 0.74375 0.065625 0.02421875
0 0.52109375 0.42109375 0.06015625 0.01875
0 0.60234375 0.4109375 0.0609375 0.01796875
1 0.56796875 0.41875 0.03125 0.01875
1 0.603125 0.509375 0.0359375 0.0203125
0 0.65234375 0.5109375 0.040625 0.04296875
1 0.67890625 0.46484375 0.02578125 0.05703125
1 0.7375 0.4453125 0.0328125 0.0265625
1 0.725 0.46484375 0.0328125 0.03046875
1 0.76796875 0.4640625 0.04296875 0.040625
1 0.78046875 0.48984375 0.03359375 0.01875
0 0.825 0.48515625 0.0515625 0.03828125
0 0.76484375 0.51171875 0.0625 0.0296875
1 0.51953125 0.528125 0.02421875 0.0171875
0 0.71484375 0.58203125 0.046875 0.040625
0 0.64296875 0.5984375 0.04375 0.04140625
0 0.6421875 0.63046875 0.0609375 0.03203125
0 0.675 0.6203125 0.02734375 0.05078125
0 0.70625 0.62109375 0.03125 0.028125
1 0.73671875 0.6125 0.0453125 0.02421875
1 0.73671875 0.63046875 0.046875 0.03203125
0 0.69609375 0.82421875 0.06640625 0.025
1 0.5859375 0.69765625 0.04140625 0.02421875
1 0.7421875 0.7 0.03828125 0.01953125
1 0.69765625 0.7109375 0.0453125 0.0234375
0 0.6875 0.73359375 0.06328125 0.01953125
0 0.675 0.69453125 0.04453125 0.0453125