0 0.33984375 0.7828125 0.05546875 0.02578125
0 0.51484375 0.7375 0.02578125 0.046875
0 0.27734375 0.67265625 0.01796875 0.04375
0 0.24921875 0.5875 0.02265625 0.05390625
0 0.31171875 0.5671875 0.034375 0.05
0 0.36875 0.6125 0.02109375 0.05390625
0 0.4921875 0.61953125 0.021875 0.053125
0 0.4796875 0.58203125 0.04921875 0.021875
0 0.58203125 0.5484375 0.04765625 0.03828125
0 0.68046875 0.62578125 0.015625 0.05703125
0 0.75859375 0.5609375 0.02734375 0.05703125
0 0.68125 0.52578125 0.03515625 0.0484375
0 0.6953125 0.4890625 0.0234375 0.0515625
0 0.73203125 0.47421875 0.03671875 0.0375
0 0.75546875 0.37734375 0.046875 0.02109375
0 0.778125 0.3453125 0.03125 0.04765625
1 0.721875 0.2203125 0.02265625 0.034375
0 0.6734375 0.2375 0.03671875 0.04375
0 0.63046875 0.23359375 0.01953125 0.04453125
0 0.59453125 0.303125 0.03984375 0.034375
0 0.521875 0.23828125 0.0296875 0.04453125
0 0.5265625 0.1171875 0.0234375 0.05234375
0 0.48828125 0.08828125 0.04921875 0.02890625
0 0.37890625 0.07421875 0.03515625 0.0453125
0 0.36875 0.1625 0.04921875 0.02734375
0 0.609375 0.46953125 0.0359375 0.0453125
0 0.4296875 0.321875 0.0390625 0.01953125
0 0.15 0.2890625 0.04140625 0.03671875
0 0.32421875 0.26796875 0.03125 0.0484375
0 0.09296875 0.42421875 0.0578125 0.01953125
0 0.18984375 0.44609375 0.04921875 0.03046875
0 0.31328125 0.41015625 0.04296875 0.03984375
0 0.3078125 0.4609375 0.03515625 0.04609375
0 0.4796875 0.3921875 0.04296875 0.0375
0 0.540625 0.4375 0.03046875 0.04765625
0 0.5296875 0.51796875 0.05078125 0.01953125