0 0.55078125 0.06953125 0.053125 0.0265625
0 0.58828125 0.140625 0.04375 0.040625
0 0.4546875 0.21171875 0.053125 0.03125
0 0.7171875 0.25703125 0.05 0.03125
0 0.63984375 0.246875 0.046875 0.034375
1 0.51484375 0.20859375 0.03125 0.021875
0 0.7859375 0.33046875 0.0234375 0.046875
0 0.7578125 0.34921875 0.05 0.021875
0 0.7515625 0.4 0.034375 0.04375
0 0.7171875 0.41875 0.040625 0.04375
0 0.63671875 0.42734375 0.0296875 0.046875
0 0.4765625 0.284375 0.0375 0.0375
0 0.49453125 0.40859375 0.04375 0.034375
0 0.31953125 0.928125 0.021875 0.05
0 0.41015625 0.91796875 0.0375 0.05625
1 0.45859375 0.871875 0.0375 0.0328125
0 0.4109375 0.81484375 0.0375 0.0375
1 0.4859375 0.790625 0.025 0.03125
1 0.071875 0.7546875 0.0453125 0.028125
0 0.0796875 0.68203125 0.0359375 0.04375
0 0.20703125 0.5953125 0.04375 0.0390625
0 0.26875 0.6296875 0.034375 0.0484375
0 0.23828125 0.4765625 0.0625 0.021875
0 0.30703125 0.4890625 0.053125 0.0375
1 0.2796875 0.415625 0.034375 0.028125
0 0.2765625 0.334375 0.0578125 0.0265625
0 0.76015625 0.65703125 0.0375 0.0390625
0 0.74453125 0.603125 0.05 0.025
1 0.8734375 0.43984375 0.03125 0.021875
0 0.815625 0.471875 0.034375 0.04375
0 0.8359375 0.47734375 0.028125 0.04375
0 0.8875 0.68828125 0.025 0.0484375
0 0.75546875 0.7140625 0.05 0.01875
0 0.70703125 0.67109375 0.025 0.05625
1 0.69921875 0.728125 0.0375 0.0265625
0 0.40859375 0.77578125 0.053125 0.025
0 0.3640625 0.734375 0.034375 0.046875
0 0.4578125 0.70703125 0.0546875 0.0296875
0 0.56171875 0.7234375 0.05625 0.015625
0 0.52109375 0.71796875 0.0296875 0.046875
0 0.38359375 0.6796875 0.0234375 0.05
0 0.603125 0.60859375 0.059375 0.021875
0 0.33984375 0.40859375 0.034375 0.040625
0 0.2984375 0.5265625 0.03125 0.0453125
0 0.4859375 0.51171875 0.0625 0.0265625
0 0.45703125 0.39921875 0.053125 0.025
0 0.4265625 0.33203125 0.040625 0.0390625
1 0.621875 0.58203125 0.040625 0.01875
1 0.6421875 0.63828125 0.034375 0.021875
1 0.57265625 0.66015625 0.028125 0.025
1 0.5140625 0.62421875 0.040625 0.0203125
0 0.49375 0.58203125 0.0578125 0.021875
0 0.50390625 0.45546875 0.034375 0.046875
0 0.44375 0.45546875 0.05625 0.0265625
1 0.44609375 0.43984375 0.03125 0.01875
0 0.809375 0.4140625 0.028125 0.04375
0 0.82890625 0.42265625 0.0390625 0.034375