1 0.3984375 0.8015625 0.065625 0.065625
1 0.55 0.76171875 0.053125 0.065625
1 0.7546875 0.76640625 0.065625 0.04375
1 0.7140625 0.690625 0.040625 0.06875
1 0.86953125 0.66015625 0.059375 0.0515625
1 0.7765625 0.584375 0.04375 0.034375
1 0.83984375 0.4875 0.05625 0.040625
1 0.65 0.48515625 0.053125 0.053125
1 0.48828125 0.4828125 0.046875 0.034375
1 0.46796875 0.58203125 0.0546875 0.040625
1 0.3859375 0.64453125 0.05625 0.046875
1 0.353125 0.49296875 0.046875 0.040625
1 0.403125 0.33046875 0.05 0.053125
1 0.67109375 0.340625 0.0703125 0.046875
1 0.82421875 0.34140625 0.05 0.0375
0 0.1859375 0.47421875 0.078125 0.08125
1 0.2 0.61328125 0.059375 0.059375
1 0.3484375 0.115625 0.08125 0.034375
1 0.46796875 0.15390625 0.034375 0.05
0 0.678125 0.1828125 0.0875 0.0484375
0 0.60625 0.60859375 0.075 0.071875
0 0.5609375 0.21171875 0.034375 0.075
0 0.28984375 0.35859375 0.125 0.0375
0 0.49375 0.33828125 0.075 0.071875
0 0.2328125 0.22109375 0.0875 0.0421875