1 0.4609375 0.075 0.0359375 0.04140625
1 0.36015625 0.24140625 0.01953125 0.03671875
1 0.42109375 0.35703125 0.01328125 0.0359375
1 0.56015625 0.34453125 0.03671875 0.0375
1 0.571875 0.39140625 0.0203125 0.04296875
1 0.48046875 0.484375 0.0265625 0.04765625
1 0.25703125 0.43203125 0.0234375 0.0390625
1 0.409375 0.57109375 0.01796875 0.04453125
1 0.30546875 0.47421875 0.03984375 0.03515625
0 0.4203125 0.1609375 0.03046875 0.06875
1 0.3328125 0.20859375 0.03359375 0.04921875
1 0.2890625 0.33359375 0.03046875 0.0515625
1 0.4328125 0.4421875 0.02578125 0.0515625
1 0.525 0.1984375 0.0328125 0.040625
1 0.52265625 0.0953125 0.03046875 0.03203125
1 0.56484375 0.09296875 0.0359375 0.04140625
0 0.6296875 0.13359375 0.03359375 0.05859375
1 0.3796875 0.703125 0.034375 0.02890625
0 0.43125 0.56875 0.0265625 0.06796875
0 0.62265625 0.21328125 0.04140625 0.03984375
0 0.6234375 0.26171875 0.0328125 0.05703125
1 0.5796875 0.53125 0.03125 0.0265625
1 0.88203125 0.4015625 0.0234375 0.04296875
0 0.42578125 0.746875 0.03359375 0.0578125
0 0.47109375 0.69296875 0.01953125 0.0578125
1 0.5 0.79140625 0.028125 0.03515625
1 0.49140625 0.73203125 0.01953125 0.05
1 0.49140625 0.6875 0.0171875 0.03984375
0 0.57265625 0.7671875 0.03515625 0.0609375
0 0.61953125 0.703125 0.05078125 0.02734375
0 0.6359375 0.778125 0.0375 0.04765625
0 0.665625 0.7953125 0.03671875 0.06171875
0 0.73671875 0.65625 0.05625 0.03046875
1 0.775 0.72578125 0.034375 0.05390625
1 0.68671875 0.75390625 0.021875 0.03984375
0 0.7640625 0.79609375 0.04765625 0.0390625
0 0.7375 0.8515625 0.05546875 0.0296875
1 0.73828125 0.828125 0.0328125 0.02734375
1 0.76640625 0.2515625 0.02578125 0.03984375
1 0.7640625 0.31171875 0.03125 0.03984375
1 0.70078125 0.54296875 0.028125 0.03515625
0 0.565625 0.56328125 0.04609375 0.025
0 0.86328125 0.365625 0.0203125 0.06796875
0 0.615625 0.37265625 0.046875 0.03203125
0 0.73359375 0.3796875 0.0546875 0.03984375