0 0.6015625 0.58984375 0.0375 0.046875
0 0.775 0.72109375 0.0421875 0.040625
0 0.49296875 0.44609375 0.04375 0.0375
0 0.70625 0.7421875 0.04375 0.040625
1 0.315625 0.35859375 0.0328125 0.04375
1 0.5953125 0.7296875 0.03125 0.0375
0 0.80703125 0.4953125 0.0375 0.0453125
1 0.6546875 0.4 0.04375 0.03125
1 0.47578125 0.6828125 0.0359375 0.046875
0 0.45546875 0.82421875 0.046875 0.03125
1 0.50625 0.92578125 0.040625 0.034375
1 0.74453125 0.28515625 0.025 0.053125
0 0.69375 0.65546875 0.0453125 0.03125
1 0.49140625 0.32578125 0.03125 0.0375
0 0.8125 0.5328125 0.05 0.034375
1 0.67265625 0.36640625 0.0296875 0.034375
1 0.67421875 0.26640625 0.03125 0.028125
0 0.628125 0.16484375 0.046875 0.03125
1 0.5296875 0.709375 0.03125 0.040625
1 0.61953125 0.1984375 0.021875 0.04375
1 0.5671875 0.4796875 0.0328125 0.028125
0 0.6421875 0.88046875 0.046875 0.0421875
1 0.58828125 0.40390625 0.0265625 0.0265625
1 0.396875 0.63046875 0.021875 0.05
0 0.740625 0.4640625 0.0375 0.046875
0 0.8046875 0.39375 0.025 0.065625
0 0.5125 0.528125 0.05 0.03125
0 0.70625 0.54375 0.0390625 0.0484375
1 0.5640625 0.3265625 0.0421875 0.0375
0 0.51875 0.3921875 0.021875 0.0640625
0 0.40546875 0.34453125 0.0359375 0.0578125
0 0.68515625 0.18125 0.05 0.028125
0 0.74453125 0.83515625 0.0234375 0.06875
0 0.60859375 0.2890625 0.034375 0.053125
0 0.62421875 0.57109375 0.04375 0.028125
0 0.5453125 0.56171875 0.025 0.0625
1 0.48515625 0.26328125 0.01875 0.046875
1 0.38828125 0.5 0.028125 0.0484375
0 0.69921875 0.5078125 0.040625 0.046875
0 0.35625 0.77265625 0.040625 0.040625