0 0.4453125 0.94453125 0.05 0.0609375
0 0.38046875 0.79375 0.02734375 0.071875
0 0.628125 0.81484375 0.03359375 0.075
0 0.56640625 0.84296875 0.0625 0.03359375
0 0.17421875 0.76328125 0.0578125 0.0546875
1 0.5765625 0.7953125 0.02265625 0.0421875
1 0.7390625 0.728125 0.03125 0.03046875
0 0.78203125 0.6828125 0.05234375 0.0265625
1 0.90078125 0.73671875 0.028125 0.03125
1 0.675 0.6234375 0.0203125 0.034375
1 0.5328125 0.64375 0.021875 0.0328125
0 0.52890625 0.69453125 0.05234375 0.05859375
0 0.46796875 0.6140625 0.046875 0.0640625
0 0.7359375 0.52734375 0.05703125 0.05390625
0 0.66015625 0.51328125 0.0328125 0.07578125
0 0.603125 0.4671875 0.02421875 0.07578125
1 0.64609375 0.44921875 0.0234375 0.0484375
0 0.4890625 0.390625 0.065625 0.02734375
0 0.25625 0.8578125 0.02421875 0.078125
0 0.1375 0.8640625 0.05078125 0.053125
0 0.24453125 0.928125 0.04375 0.0453125
1 0.25859375 0.66875 0.0296875 0.03671875
0 0.29765625 0.70390625 0.046875 0.0734375
0 0.3640625 0.64140625 0.0375 0.075
0 0.41953125 0.4125 0.0546875 0.04140625
1 0.38046875 0.38125 0.0296875 0.028125
0 0.371875 0.25703125 0.04375 0.059375
0 0.29375 0.20078125 0.0296875 0.08125
0 0.18828125 0.47890625 0.0625 0.04765625
1 0.12421875 0.5234375 0.05625 0.0375
0 0.12421875 0.19765625 0.05625 0.053125
0 0.53828125 0.115625 0.046875 0.034375
1 0.17421875 0.25234375 0.02578125 0.040625
1 0.22421875 0.325 0.025 0.03359375
1 0.22890625 0.3703125 0.03125 0.0390625
1 0.28359375 0.41640625 0.028125 0.03046875
1 0.2796875 0.4703125 0.0296875 0.0328125
0 0.25703125 0.39921875 0.02265625 0.07421875
0 0.34375 0.46171875 0.034375 0.07109375
1 0.37265625 0.4375 0.0328125 0.046875
0 0.30390625 0.128125 0.03828125 0.07265625
0 0.3375 0.21328125 0.06171875 0.03359375
1 0.4234375 0.240625 0.02890625 0.034375
0 0.4203125 0.20859375 0.053125 0.0484375
1 0.4484375 0.16640625 0.02421875 0.0265625
1 0.54453125 0.0421875 0.01953125 0.034375
0 0.59296875 0.24140625 0.04921875 0.040625
0 0.6609375 0.27578125 0.0578125 0.034375