1 0.4578125 0.203125 0.0703125 0.0296875
1 0.23046875 0.2625 0.078125 0.04140625
1 0.60546875 0.23046875 0.071875 0.03515625
1 0.734375 0.28359375 0.05078125 0.04609375
1 0.5203125 0.378125 0.05 0.04140625
0 0.6734375 0.42421875 0.0453125 0.07578125
1 0.81171875 0.4046875 0.05078125 0.02734375
0 0.871875 0.46484375 0.0953125 0.06484375
1 0.2421875 0.35859375 0.05546875 0.03984375
1 0.16953125 0.46875 0.07734375 0.04296875
1 0.3453125 0.434375 0.05390625 0.0515625
1 0.4625 0.509375 0.0671875 0.028125
1 0.62578125 0.52890625 0.06796875 0.05
1 0.121875 0.6890625 0.08046875 0.05234375
1 0.3015625 0.6640625 0.0640625 0.0265625
1 0.45234375 0.69609375 0.05703125 0.034375
1 0.57578125 0.740625 0.0515625 0.0421875
1 0.6796875 0.7046875 0.04296875 0.05078125
1 0.26328125 0.765625 0.07265625 0.05078125
1 0.49765625 0.8234375 0.07578125 0.04921875
1 0.38046875 0.82265625 0.04140625 0.034375
0 0.27578125 0.55546875 0.10625 0.025
0 0.14453125 0.571875 0.04453125 0.0734375
1 0.38671875 0.61015625 0.078125 0.04296875
0 0.55703125 0.61328125 0.04765625 0.06328125
0 0.77734375 0.58359375 0.0546875 0.06796875
0 0.41015625 0.28984375 0.11875 0.0296875