0 0.653125 0.521875 0.0609375 0.0625
0 0.29453125 0.3734375 0.0703125 0.059375
0 0.8234375 0.5109375 0.065625 0.0625
0 0.80625 0.72109375 0.0625 0.065625
0 0.73125 0.3828125 0.0734375 0.05
1 0.578125 0.52109375 0.06875 0.05
0 0.57734375 0.43828125 0.065625 0.0765625
0 0.715625 0.2359375 0.0765625 0.0625
0 0.26015625 0.5828125 0.0625 0.090625
0 0.43984375 0.45234375 0.08125 0.0625
0 0.834375 0.565625 0.0625 0.0734375
0 0.6390625 0.646875 0.0453125 0.09375
0 0.49453125 0.4625 0.08125 0.065625
0 0.671875 0.23125 0.075 0.06875
0 0.71640625 0.53828125 0.053125 0.1
0 0.4859375 0.5546875 0.090625 0.0375
0 0.43515625 0.259375 0.0515625 0.0921875
0 0.45546875 0.7171875 0.084375 0.0453125
0 0.45703125 0.7484375 0.08125 0.040625
0 0.640625 0.16953125 0.084375 0.046875
0 0.36171875 0.4375 0.084375 0.03125
0 0.6515625 0.32890625 0.0375 0.09375
0 0.58203125 0.65703125 0.0859375 0.0296875
0 0.53828125 0.5796875 0.0828125 0.028125
0 0.775 0.609375 0.0375 0.096875
0 0.57890625 0.340625 0.04375 0.084375
0 0.46953125 0.60390625 0.0859375 0.03125
1 0.4609375 0.496875 0.053125 0.0375
0 0.353125 0.26875 0.040625 0.096875
1 0.61484375 0.79140625 0.04375 0.046875
0 0.37109375 0.4625 0.08125 0.0296875
1 0.55625 0.0921875 0.05 0.034375
0 0.578125 0.74453125 0.0875 0.021875
1 0.7 0.68828125 0.053125 0.03125
0 0.8640625 0.52578125 0.0484375 0.0765625
0 0.68203125 0.4578125 0.0359375 0.09375
1 0.5546875 0.1703125 0.04375 0.05625
0 0.65078125 0.4234375 0.0328125 0.115625
1 0.43515625 0.3875 0.0421875 0.053125
0 0.365625 0.5515625 0.034375 0.1125
1 0.375 0.6859375 0.034375 0.0921875
0 0.3203125 0.23515625 0.0625 0.0765625
0 0.45234375 0.16015625 0.046875 0.1140625
0 0.4015625 0.5984375 0.040625 0.103125
0 0.61171875 0.715625 0.0765625 0.0375
0 0.71875 0.62421875 0.0265625 0.1140625
1 0.31796875 0.78515625 0.0796875 0.0328125
0 0.56796875 0.709375 0.08125 0.053125
0 0.62734375 0.39609375 0.0265625 0.115625
0 0.75703125 0.46171875 0.0296875 0.1125
0 0.5171875 0.15234375 0.0390625 0.1015625
0 0.40703125 0.71640625 0.0375 0.103125
0 0.56328125 0.69296875 0.0671875 0.05
0 0.52109375 0.746875 0.021875 0.1125
1 0.54609375 0.27578125 0.0296875 0.0765625
1 0.7234375 0.45859375 0.0390625 0.0359375
1 0.80390625 0.68125 0.040625 0.034375
1 0.3234375 0.33125 0.021875 0.08125
0 0.5765625 0.25078125 0.03125 0.1078125
0 0.76328125 0.31171875 0.046875 0.1
0 0.60390625 0.378125 0.0234375 0.1