1 0.8828125 0.5390625 0.1296875 0.065625
1 0.70234375 0.621875 0.059375 0.15
0 0.840625 0.4421875 0.075 0.1484375
1 0.50078125 0.60625 0.1046875 0.146875
1 0.4546875 0.7328125 0.0765625 0.1125
1 0.46328125 0.66015625 0.084375 0.0703125
1 0.43125 0.5203125 0.0609375 0.103125
1 0.37109375 0.4921875 0.0765625 0.096875
1 0.334375 0.56640625 0.0734375 0.121875
1 0.7875 0.521875 0.0765625 0.078125
1 0.63359375 0.5 0.1078125 0.090625
1 0.775 0.32734375 0.0875 0.0984375
0 0.59296875 0.41796875 0.1421875 0.08125
1 0.56640625 0.31953125 0.14375 0.0703125
1 0.415625 0.34609375 0.0703125 0.08125
1 0.44453125 0.26328125 0.109375 0.090625
1 0.55 0.17421875 0.1 0.078125
0 0.21015625 0.34921875 0.0921875 0.1203125
1 0.2421875 0.21171875 0.103125 0.11875
1 0.3640625 0.12265625 0.121875 0.0625
0 0.29921875 0.515625 0.075 0.1390625
0 0.22421875 0.58203125 0.084375 0.115625
1 0.55078125 0.23359375 0.071875 0.0578125
0 0.6828125 0.3109375 0.09375 0.153125