0 0.84140625 0.46484375 0.0875 0.0703125
0 0.5921875 0.5546875 0.0625 0.084375
0 0.12109375 0.5828125 0.090625 0.06875
0 0.41328125 0.7203125 0.075 0.078125
0 0.1359375 0.428125 0.0921875 0.0609375
1 0.69375 0.36640625 0.0515625 0.065625
1 0.78046875 0.40859375 0.028125 0.053125
0 0.36328125 0.53125 0.046875 0.078125
1 0.421875 0.38125 0.03125 0.0359375
1 0.61015625 0.69140625 0.0671875 0.0375
1 0.3921875 0.565625 0.0375 0.0328125
1 0.728125 0.50546875 0.071875 0.03125
1 0.68359375 0.77890625 0.065625 0.0421875
1 0.196875 0.3078125 0.0375 0.059375
1 0.0625 0.51328125 0.05 0.0375
1 0.459375 0.48828125 0.065625 0.04375
1 0.6203125 0.340625 0.04375 0.03125
1 0.66328125 0.42265625 0.06875 0.028125
1 0.2421875 0.72578125 0.0546875 0.028125
1 0.7828125 0.55859375 0.0671875 0.025
1 0.78359375 0.64765625 0.0640625 0.040625
1 0.4984375 0.6171875 0.0328125 0.0609375
1 0.53671875 0.5578125 0.06875 0.04375
0 0.7734375 0.69296875 0.08125 0.075
0 0.5515625 0.48671875 0.1125 0.025
1 0.52890625 0.26796875 0.078125 0.0265625
0 0.3578125 0.6484375 0.1125 0.03125
1 0.5328125 0.39296875 0.05625 0.040625
1 0.271875 0.5515625 0.046875 0.040625
1 0.21015625 0.39375 0.084375 0.0390625
1 0.30234375 0.45859375 0.04375 0.0828125
0 0.3859375 0.26171875 0.0515625 0.090625