0 0.38828125 0.27734375 0.08125 0.04453125
0 0.32734375 0.3578125 0.05625 0.06796875
0 0.39296875 0.40625 0.05390625 0.0625
0 0.49921875 0.41953125 0.0890625 0.025
1 0.5015625 0.384375 0.04453125 0.034375
1 0.54765625 0.278125 0.059375 0.03046875
0 0.58828125 0.34765625 0.090625 0.02734375
0 0.56796875 0.4296875 0.0796875 0.040625
0 0.671875 0.4609375 0.04140625 0.065625
0 0.7 0.40625 0.08984375 0.03203125
0 0.7375 0.35078125 0.0640625 0.06484375
1 0.76171875 0.45546875 0.06875 0.02890625
1 0.775 0.48515625 0.06484375 0.0328125
1 0.5078125 0.94140625 0.07109375 0.0375
1 0.58671875 0.86875 0.059375 0.02890625
0 0.43125 0.88125 0.04765625 0.06328125
1 0.48203125 0.840625 0.0640625 0.0375
0 0.675 0.8578125 0.04921875 0.0625
0 0.29765625 0.846875 0.07890625 0.0375
0 0.6125 0.80078125 0.09609375 0.02734375
0 0.75078125 0.83046875 0.09375 0.04375
1 0.23203125 0.4984375 0.0484375 0.03203125
1 0.23515625 0.5515625 0.059375 0.0421875
1 0.3125 0.50078125 0.0375 0.04453125
0 0.328125 0.590625 0.06015625 0.0515625
0 0.275 0.67265625 0.03671875 0.0671875
0 0.19453125 0.6515625 0.03359375 0.06640625
0 0.21015625 0.5859375 0.07421875 0.04296875
0 0.23125 0.728125 0.059375 0.0625
1 0.41015625 0.5296875 0.06796875 0.03359375
1 0.46640625 0.5546875 0.03828125 0.04375
1 0.459375 0.63671875 0.05390625 0.0515625
1 0.38359375 0.696875 0.03671875 0.03515625
1 0.721875 0.7578125 0.06640625 0.03125
1 0.6328125 0.7203125 0.053125 0.03359375
1 0.8171875 0.584375 0.05703125 0.03671875
1 0.821875 0.63828125 0.03984375 0.03671875
1 0.6109375 0.66328125 0.05703125 0.0390625
0 0.453125 0.49921875 0.08046875 0.028125
0 0.50859375 0.63671875 0.090625 0.0390625
0 0.53203125 0.69609375 0.06171875 0.0640625
0 0.50546875 0.74921875 0.08984375 0.02734375
0 0.2703125 0.74453125 0.03203125 0.059375
0 0.34765625 0.76171875 0.04609375 0.0703125
0 0.38671875 0.778125 0.0390625 0.06875
1 0.434375 0.68984375 0.05546875 0.0265625
1 0.575 0.52109375 0.0796875 0.02890625
0 0.80546875 0.70859375 0.046875 0.06640625
0 0.60078125 0.56640625 0.03984375 0.06171875
0 0.64140625 0.5890625 0.0515625 0.0671875
0 0.71953125 0.58125 0.03828125 0.07578125
0 0.75625 0.6515625 0.03984375 0.071875
0 0.675 0.6921875 0.09140625 0.028125
0 0.81015625 0.53046875 0.0484375 0.06640625