0 0.6375 0.85234375 0.09140625 0.06484375
0 0.3 0.7453125 0.084375 0.0640625
0 0.4203125 0.66796875 0.0890625 0.0890625
0 0.4546875 0.40078125 0.08984375 0.040625
0 0.35859375 0.33125 0.10234375 0.05859375
0 0.5078125 0.7078125 0.09765625 0.05703125
0 0.23125 0.4140625 0.0546875 0.1296875
0 0.5046875 0.3046875 0.0671875 0.13828125
0 0.50390625 0.81953125 0.09765625 0.06796875
0 0.64375 0.29609375 0.04453125 0.109375
0 0.35546875 0.6125 0.1015625 0.071875
1 0.49921875 0.63046875 0.05390625 0.10859375
0 0.4265625 0.45390625 0.08984375 0.071875
0 0.371875 0.55 0.11796875 0.0375
0 0.56796875 0.590625 0.0515625 0.1109375
0 0.3703125 0.69921875 0.096875 0.0390625
0 0.51015625 0.2375 0.090625 0.05
0 0.50390625 0.1921875 0.12578125 0.0375
0 0.68984375 0.60546875 0.05 0.128125
0 0.27421875 0.753125 0.084375 0.06484375
0 0.51875 0.48046875 0.04375 0.11015625
1 0.75234375 0.821875 0.0828125 0.06484375
0 0.7578125 0.653125 0.03046875 0.12109375
0 0.2796875 0.6625 0.1046875 0.065625
0 0.21875 0.56640625 0.09453125 0.05703125
0 0.5296875 0.76796875 0.11640625 0.04453125
0 0.46953125 0.45 0.08828125 0.134375
0 0.63359375 0.50078125 0.03046875 0.15625
1 0.36484375 0.42421875 0.06328125 0.08984375
1 0.45703125 0.36171875 0.08828125 0.046875
1 0.71484375 0.73359375 0.05859375 0.10859375
0 0.55078125 0.3703125 0.03203125 0.13046875
0 0.64375 0.13046875 0.0828125 0.03671875
0 0.64609375 0.7 0.03203125 0.1234375
0 0.60078125 0.62734375 0.0296875 0.128125
1 0.6359375 0.3875 0.08828125 0.040625
0 0.37265625 0.23828125 0.07265625 0.13359375
0 0.75078125 0.45703125 0.08515625 0.07578125
1 0.3078125 0.50703125 0.08046875 0.03984375
1 0.43828125 0.840625 0.034375 0.10703125
1 0.61953125 0.15703125 0.07890625 0.0671875
0 0.6 0.246875 0.06171875 0.13828125
1 0.17578125 0.5109375 0.07109375 0.07265625
0 0.33984375 0.42890625 0.07734375 0.140625
0 0.8265625 0.60859375 0.03515625 0.13046875
0 0.40078125 0.8859375 0.03203125 0.1234375
0 0.29140625 0.40546875 0.05625 0.140625
0 0.375 0.803125 0.1265625 0.059375
1 0.68984375 0.35078125 0.07734375 0.08984375
0 0.5875 0.684375 0.0546875 0.11875
0 0.57578125 0.228125 0.06015625 0.15078125
1 0.60859375 0.3078125 0.04765625 0.09921875
0 0.7734375 0.484375 0.11875 0.09609375
0 0.41796875 0.74765625 0.12421875 0.06328125
1 0.7265625 0.5796875 0.0484375 0.103125