0 0.61875 0.5578125 0.03515625 0.0390625
1 0.70859375 0.54765625 0.015625 0.0109375
1 0.55546875 0.7015625 0.0234375 0.0109375
1 0.63828125 0.7296875 0.03046875 0.01640625
1 0.45234375 0.7578125 0.01875 0.01484375
0 0.61796875 0.7 0.02265625 0.0359375
0 0.5703125 0.6015625 0.03046875 0.03828125
0 0.52890625 0.5609375 0.05859375 0.01328125
0 0.41875 0.5796875 0.04921875 0.028125
0 0.475 0.671875 0.04921875 0.0203125
0 0.3609375 0.58359375 0.05703125 0.0125
1 0.32109375 0.640625 0.02890625 0.015625
1 0.52109375 0.6125 0.01953125 0.01796875
1 0.5796875 0.71484375 0.03046875 0.02421875
1 0.49921875 0.71015625 0.0296875 0.02109375
1 0.33125 0.7015625 0.03125 0.01953125
1 0.4921875 0.69765625 0.01796875 0.01015625
1 0.496875 0.7390625 0.01875 0.01171875
1 0.478125 0.52734375 0.0265625 0.01484375
1 0.4046875 0.565625 0.03046875 0.01328125
1 0.4921875 0.49296875 0.0203125 0.02421875
0 0.5484375 0.71328125 0.0375 0.03359375
1 0.45390625 0.7171875 0.01953125 0.0125
0 0.515625 0.74765625 0.02734375 0.03203125
0 0.3125 0.5921875 0.034375 0.03671875
0 0.55859375 0.7703125 0.04921875 0.01875
0 0.65 0.671875 0.04765625 0.02421875
0 0.61484375 0.60625 0.0234375 0.04296875
0 0.60390625 0.625 0.02265625 0.040625
1 0.66015625 0.5203125 0.034375 0.021875
1 0.3890625 0.734375 0.02265625 0.01953125
0 0.45859375 0.63203125 0.0546875 0.01875
0 0.40234375 0.62734375 0.0203125 0.0375
1 0.359375 0.6 0.0171875 0.0171875
0 0.353125 0.68671875 0.05546875 0.0125
1 0.5 0.52578125 0.02421875 0.0234375
1 0.75703125 0.615625 0.025 0.01328125
1 0.578125 0.640625 0.034375 0.0140625
1 0.56875 0.628125 0.03828125 0.01328125
1 0.5625 0.6234375 0.01015625 0.009375
1 0.640625 0.63046875 0.02890625 0.01640625
1 0.7078125 0.64296875 0.03984375 0.01484375
1 0.5484375 0.5765625 0.0296875 0.0171875
1 0.53046875 0.5921875 0.02578125 0.01796875
1 0.5390625 0.4828125 0.01953125 0.0171875
1 0.6921875 0.59140625 0.0140625 0.015625
1 0.709375 0.621875 0.02890625 0.01171875
1 0.69921875 0.5703125 0.01640625 0.01171875