1 0.5671875 0.19296875 0.046875 0.053125
0 0.21796875 0.18671875 0.0640625 0.05625
0 0.3484375 0.259375 0.0734375 0.05625
0 0.6015625 0.8421875 0.09375 0.0265625
0 0.21796875 0.47734375 0.04375 0.0703125
0 0.51484375 0.80078125 0.084375 0.04375
0 0.4984375 0.50859375 0.0421875 0.05625
0 0.58359375 0.3703125 0.034375 0.065625
1 0.52265625 0.68359375 0.046875 0.03125
1 0.51796875 0.62421875 0.065625 0.0484375
1 0.41328125 0.659375 0.1109375 0.0609375
1 0.371875 0.5875 0.0578125 0.028125
0 0.61015625 0.5515625 0.05625 0.0609375
0 0.7734375 0.403125 0.05 0.08125
0 0.70625 0.6703125 0.0953125 0.034375
0 0.72578125 0.575 0.090625 0.03125
0 0.36328125 0.4515625 0.0625 0.0640625
0 0.2671875 0.5625 0.034375 0.071875
0 0.21640625 0.62109375 0.0734375 0.05625