1 0.4484375 0.38046875 0.0484375 0.11171875
1 0.5578125 0.51484375 0.08984375 0.09296875
1 0.23046875 0.28203125 0.12109375 0.0453125
1 0.803125 0.25546875 0.059375 0.11796875
1 0.86640625 0.5046875 0.06484375 0.09140625
1 0.72421875 0.55078125 0.059375 0.11953125
1 0.5203125 0.6875 0.096875 0.04453125
1 0.41328125 0.82734375 0.09453125 0.08046875
1 0.24140625 0.46484375 0.10625 0.040625
0 0.33515625 0.64296875 0.1125 0.09140625
0 0.678125 0.121875 0.0765625 0.1078125
0 0.6203125 0.325 0.0859375 0.0890625
0 0.69140625 0.77265625 0.09765625 0.071875
1 0.38984375 0.1140625 0.184375 0.046875