0 0.7140625 0.7453125 0.0375 0.075
0 0.75234375 0.546875 0.0578125 0.0375
0 0.65859375 0.79765625 0.0359375 0.0671875
1 0.5890625 0.8078125 0.0171875 0.0375
0 0.6046875 0.7765625 0.05625 0.021875
0 0.596875 0.721875 0.0375 0.06875
1 0.54453125 0.75 0.025 0.05625
0 0.48828125 0.9359375 0.05 0.0703125
0 0.41640625 0.85234375 0.034375 0.075
0 0.45703125 0.646875 0.034375 0.078125
0 0.34375 0.8796875 0.021875 0.075
0 0.38125 0.78828125 0.0296875 0.078125
1 0.40390625 0.70234375 0.0328125 0.021875
1 0.33515625 0.66796875 0.0203125 0.034375
1 0.50234375 0.75078125 0.01875 0.078125
1 0.4875 0.65 0.015625 0.078125
0 0.503125 0.68828125 0.040625 0.06875
1 0.6484375 0.25 0.053125 0.0265625
1 0.68203125 0.1890625 0.01875 0.053125
0 0.50625 0.24921875 0.0265625 0.05
0 0.6140625 0.1625 0.0484375 0.053125
0 0.59375 0.23984375 0.04375 0.053125
0 0.7640625 0.275 0.059375 0.05
0 0.3265625 0.44609375 0.0296875 0.0765625
0 0.38515625 0.53046875 0.0234375 0.071875
1 0.53671875 0.57109375 0.0359375 0.0375
1 0.521875 0.503125 0.0359375 0.025
0 0.64765625 0.546875 0.034375 0.06875
1 0.59609375 0.50390625 0.05625 0.028125
1 0.571875 0.51875 0.05 0.0515625
1 0.634375 0.4421875 0.03125 0.0421875
1 0.46953125 0.4671875 0.040625 0.040625
1 0.4703125 0.5140625 0.053125 0.0484375
1 0.5046875 0.4171875 0.028125 0.0640625
0 0.55390625 0.69453125 0.0375 0.059375
0 0.40546875 0.6703125 0.040625 0.0625
0 0.425 0.4953125 0.05625 0.0421875
0 0.37265625 0.47109375 0.05 0.053125
0 0.40625 0.446875 0.046875 0.05625
1 0.43515625 0.4625 0.040625 0.028125
0 0.64453125 0.5890625 0.065625 0.025
0 0.6359375 0.63984375 0.046875 0.06875
0 0.7453125 0.3734375 0.04375 0.0703125
0 0.70859375 0.2203125 0.040625 0.071875
0 0.503125 0.35 0.0375 0.065625
0 0.6125 0.40234375 0.015625 0.0921875
0 0.58828125 0.359375 0.05 0.06875
0 0.659375 0.45234375 0.03125 0.071875
0 0.69296875 0.46796875 0.0703125 0.0234375
0 0.69140625 0.54765625 0.0234375 0.06875
0 0.55078125 0.28125 0.01875 0.075
0 0.53671875 0.36015625 0.0484375 0.0546875
0 0.45234375 0.43125 0.059375 0.0359375