0 0.71484375 0.55078125 0.04375 0.08125
0 0.23046875 0.70625 0.08671875 0.0484375
1 0.1765625 0.64453125 0.07421875 0.04453125
1 0.29765625 0.51953125 0.03125 0.028125
1 0.16328125 0.35078125 0.0375 0.06484375
1 0.59296875 0.3171875 0.07578125 0.03046875
1 0.2328125 0.31328125 0.06171875 0.034375
1 0.53125 0.39921875 0.059375 0.03125
0 0.2890625 0.38671875 0.10859375 0.046875
1 0.39765625 0.696875 0.04140625 0.04453125
1 0.69453125 0.76171875 0.0765625 0.0484375
1 0.33046875 0.62890625 0.05390625 0.04609375
1 0.6515625 0.41640625 0.03359375 0.03125
0 0.50625 0.31796875 0.09140625 0.040625
1 0.41640625 0.453125 0.03671875 0.03515625
0 0.79453125 0.60390625 0.0859375 0.04921875
1 0.20546875 0.23046875 0.0453125 0.0328125
1 0.28515625 0.5578125 0.03046875 0.078125
1 0.85078125 0.471875 0.06875 0.03359375
1 0.58984375 0.625 0.08984375 0.0265625
1 0.73359375 0.6734375 0.0328125 0.0453125
1 0.13125 0.4640625 0.02265625 0.06328125
0 0.50859375 0.5796875 0.05 0.0421875
1 0.55234375 0.209375 0.0453125 0.021875
1 0.65703125 0.334375 0.0671875 0.05
1 0.76796875 0.51015625 0.034375 0.0578125
0 0.78125 0.3953125 0.04140625 0.08046875
1 0.4171875 0.553125 0.0328125 0.046875
1 0.43125 0.78359375 0.0765625 0.0453125
1 0.60859375 0.45 0.06171875 0.03359375
0 0.3421875 0.26015625 0.05703125 0.0578125
0 0.56171875 0.77109375 0.09140625 0.0328125
0 0.58359375 0.49140625 0.0890625 0.04375
1 0.7046875 0.6375 0.09375 0.0390625
1 0.4046875 0.375 0.05859375 0.0203125
1 0.18046875 0.56875 0.0625 0.03671875
0 0.625 0.709375 0.11015625 0.0265625
1 0.9109375 0.5953125 0.053125 0.03828125
1 0.4640625 0.72890625 0.0203125 0.0359375
1 0.16015625 0.66640625 0.0515625 0.02421875