1 0.36171875 0.43515625 0.040625 0.078125
1 0.40546875 0.31015625 0.0734375 0.05
0 0.42890625 0.27109375 0.0859375 0.05
0 0.43125 0.42421875 0.04375 0.10625
1 0.40703125 0.6375 0.053125 0.090625
0 0.51171875 0.1765625 0.06875 0.071875
0 0.571875 0.340625 0.06875 0.04375
0 0.56484375 0.4765625 0.046875 0.0953125
0 0.63515625 0.39296875 0.03125 0.103125
1 0.603125 0.6109375 0.0375 0.078125
1 0.521875 0.3546875 0.05 0.071875
1 0.63359375 0.25625 0.03125 0.1
0 0.628125 0.525 0.0671875 0.046875
0 0.640625 0.59140625 0.046875 0.0921875
0 0.5453125 0.57109375 0.065625 0.06875
1 0.50546875 0.57421875 0.046875 0.059375