1 0.075 0.5390625 0.040625 0.0359375
1 0.24140625 0.63984375 0.0375 0.01875
1 0.35703125 0.57890625 0.0359375 0.0125
1 0.34453125 0.43984375 0.0375 0.0375
1 0.39140625 0.428125 0.04375 0.0203125
1 0.484375 0.51953125 0.046875 0.0265625
1 0.43203125 0.74296875 0.0390625 0.0234375
1 0.57109375 0.590625 0.04375 0.01875
1 0.47421875 0.69453125 0.034375 0.040625
0 0.1609375 0.5796875 0.06875 0.03125
1 0.20859375 0.6671875 0.05 0.034375
1 0.33359375 0.7109375 0.0515625 0.03125
1 0.4421875 0.5671875 0.0515625 0.025
1 0.1984375 0.475 0.040625 0.0328125
1 0.0953125 0.47734375 0.03125 0.03125
1 0.09296875 0.43515625 0.040625 0.0359375
0 0.13359375 0.3703125 0.059375 0.034375
1 0.703125 0.6203125 0.028125 0.034375
0 0.56875 0.56875 0.06875 0.0265625
0 0.21328125 0.37734375 0.040625 0.040625
0 0.26171875 0.3765625 0.05625 0.0328125
1 0.53125 0.4203125 0.0265625 0.03125
1 0.4015625 0.11796875 0.04375 0.0234375
0 0.746875 0.57421875 0.0578125 0.034375
0 0.69296875 0.52890625 0.0578125 0.01875
1 0.79140625 0.5 0.034375 0.028125
1 0.73203125 0.50859375 0.05 0.01875
1 0.6875 0.50859375 0.040625 0.0171875
0 0.7671875 0.42734375 0.0609375 0.034375
0 0.703125 0.38046875 0.028125 0.05
0 0.778125 0.3640625 0.046875 0.0375
0 0.7953125 0.334375 0.0625 0.0375
0 0.65625 0.26328125 0.03125 0.05625
1 0.72578125 0.225 0.053125 0.034375
1 0.75390625 0.31328125 0.040625 0.021875
0 0.79609375 0.2359375 0.0390625 0.046875
0 0.8515625 0.2625 0.0296875 0.05625
1 0.828125 0.26171875 0.028125 0.0328125
1 0.2515625 0.23359375 0.040625 0.025
1 0.31171875 0.2359375 0.040625 0.03125
1 0.54296875 0.29921875 0.034375 0.028125
0 0.56328125 0.434375 0.025 0.046875
0 0.365625 0.13671875 0.06875 0.0203125
0 0.37265625 0.384375 0.03125 0.046875
0 0.3796875 0.26640625 0.040625 0.0546875