0 0.5578125 0.59375 0.05625 0.0671875
0 0.62890625 0.553125 0.0546875 0.05625
0 0.4515625 0.3625 0.065625 0.04375
0 0.66796875 0.25859375 0.04375 0.08125
0 0.73046875 0.30703125 0.065625 0.053125
0 0.2921875 0.6640625 0.040625 0.078125
0 0.8234375 0.63828125 0.059375 0.046875
0 0.6734375 0.44375 0.0515625 0.059375
0 0.2921875 0.37421875 0.046875 0.0671875
0 0.225 0.4890625 0.0484375 0.0625
0 0.8078125 0.44140625 0.059375 0.059375
0 0.51953125 0.63828125 0.040625 0.08125
1 0.73203125 0.615625 0.03125 0.0453125
0 0.73828125 0.5734375 0.065625 0.053125
0 0.46484375 0.85 0.0375 0.06875
0 0.53828125 0.4703125 0.053125 0.0625
0 0.53359375 0.82734375 0.05625 0.034375
0 0.24765625 0.68203125 0.0375 0.08125
0 0.578125 0.709375 0.05 0.05625
0 0.615625 0.36484375 0.0375 0.078125
0 0.278125 0.553125 0.028125 0.090625
1 0.71796875 0.88515625 0.040625 0.046875
1 0.4890625 0.7328125 0.04375 0.040625
0 0.646875 0.62421875 0.046875 0.071875
0 0.6125 0.21796875 0.0578125 0.0328125
0 0.6796875 0.5140625 0.065625 0.0390625
1 0.384375 0.7921875 0.0375 0.0296875
1 0.51953125 0.25625 0.053125 0.040625
1 0.45234375 0.30625 0.0453125 0.04375
1 0.584375 0.753125 0.025 0.04375
1 0.2625 0.4546875 0.0265625 0.071875
1 0.84375 0.58671875 0.0359375 0.0390625
0 0.44140625 0.51328125 0.03125 0.075
1 0.61015625 0.8890625 0.04375 0.0671875
1 0.87578125 0.725 0.0296875 0.053125
1 0.75703125 0.8375 0.0359375 0.040625
1 0.3640625 0.53203125 0.040625 0.0328125
0 0.46953125 0.1875 0.06875 0.0375
1 0.79375 0.7546875 0.034375 0.034375
0 0.32265625 0.3875 0.0453125 0.065625
0 0.78515625 0.3796875 0.0671875 0.0375
0 0.4234375 0.57265625 0.0515625 0.0734375
1 0.84296875 0.54609375 0.04375 0.034375
1 0.734375 0.35 0.0328125 0.03125
1 0.4765625 0.5 0.028125 0.034375
0 0.39453125 0.39921875 0.021875 0.071875
1 0.64765625 0.87734375 0.0296875 0.0609375
1 0.71875 0.4625 0.034375 0.0359375
0 0.51796875 0.43125 0.03125 0.0765625
0 0.40703125 0.31015625 0.05 0.0703125
1 0.45859375 0.45625 0.025 0.078125
0 0.3671875 0.76640625 0.0625 0.03125
1 0.54140625 0.340625 0.03125 0.046875
0 0.31171875 0.546875 0.025 0.090625
1 0.88046875 0.6296875 0.040625 0.0421875
0 0.67578125 0.34140625 0.028125 0.08125
1 0.428125 0.4234375 0.0359375 0.06875
1 0.6859375 0.7375 0.0328125 0.0640625
1 0.34921875 0.39765625 0.034375 0.04375
1 0.61328125 0.265625 0.03125 0.0578125
1 0.79140625 0.51953125 0.034375 0.03125
0 0.38984375 0.27265625 0.0625 0.0515625
0 0.5734375 0.5421875 0.028125 0.075
1 0.640625 0.44375 0.0375 0.053125
1 0.296875 0.7484375 0.03125 0.04375
1 0.325 0.44609375 0.0265625 0.0453125
0 0.68515625 0.66484375 0.06875 0.0375
1 0.76484375 0.753125 0.0265625 0.04375
1 0.46171875 0.6890625 0.034375 0.034375
1 0.415625 0.7984375 0.03125 0.06875
0 0.36640625 0.61171875 0.025 0.09375
1 0.34765625 0.8 0.028125 0.04375
1 0.5375 0.525 0.04375 0.0375
1 0.54765625 0.71875 0.01875 0.040625