0 0.34921875 0.32578125 0.040625 0.04296875
0 0.41484375 0.3625 0.015625 0.05625
0 0.43671875 0.23125 0.04765625 0.025
0 0.509375 0.246875 0.03515625 0.04765625
0 0.5609375 0.2390625 0.0453125 0.0171875
0 0.65 0.2984375 0.04375 0.05078125
0 0.509375 0.34921875 0.03359375 0.03828125
0 0.6859375 0.35546875 0.0234375 0.04921875
0 0.58359375 0.42734375 0.04609375 0.0375
0 0.24921875 0.471875 0.04375 0.03046875
0 0.41640625 0.65703125 0.01875 0.05859375
0 0.28046875 0.68828125 0.04296875 0.03515625
0 0.49921875 0.721875 0.0515625 0.028125
0 0.4015625 0.7578125 0.02421875 0.05546875
1 0.53125 0.61328125 0.04375 0.0359375
1 0.59609375 0.703125 0.0265625 0.028125
1 0.66015625 0.453125 0.03046875 0.02890625
1 0.47109375 0.45078125 0.03125 0.028125
1 0.3328125 0.56640625 0.03046875 0.0265625
1 0.415625 0.55390625 0.0296875 0.02578125
1 0.525 0.50625 0.01796875 0.01953125
1 0.6359375 0.5453125 0.025 0.034375