1 0.61953125 0.5515625 0.1125 0.0484375
1 0.48515625 0.4421875 0.09375 0.090625
1 0.71796875 0.76953125 0.0453125 0.121875
1 0.74453125 0.196875 0.11875 0.059375
1 0.4953125 0.13359375 0.090625 0.065625
1 0.44921875 0.27578125 0.11875 0.059375
1 0.3125 0.4796875 0.04375 0.096875
1 0.17265625 0.58671875 0.08125 0.09375
1 0.53515625 0.75859375 0.040625 0.10625
0 0.35703125 0.66484375 0.090625 0.1125
0 0.878125 0.321875 0.1078125 0.0765625
0 0.675 0.3796875 0.0890625 0.0859375
0 0.22734375 0.30859375 0.071875 0.096875
1 0.8859375 0.61015625 0.046875 0.184375