1 0.8296875 0.45625 0.05 0.0546875
0 0.7515625 0.4796875 0.078125 0.0921875
1 0.70078125 0.428125 0.06875 0.1015625
1 0.7671875 0.33984375 0.071875 0.08125
0 0.6984375 0.30390625 0.0671875 0.0875
0 0.60078125 0.36328125 0.1015625 0.0484375
1 0.653125 0.41875 0.06875 0.0796875
1 0.65859375 0.51953125 0.0640625 0.0828125
1 0.61328125 0.4578125 0.053125 0.090625
1 0.67734375 0.64296875 0.05625 0.08125
1 0.63359375 0.6140625 0.059375 0.0671875
0 0.5296875 0.6390625 0.0875 0.08125
1 0.48203125 0.39453125 0.0453125 0.053125
1 0.4390625 0.4390625 0.06875 0.0734375
1 0.42890625 0.3109375 0.0421875 0.078125
1 0.55625 0.2375 0.065625 0.053125
1 0.28359375 0.478125 0.0609375 0.084375
1 0.2109375 0.59375 0.0625 0.065625
0 0.3703125 0.71640625 0.0875 0.084375
1 0.475 0.7296875 0.065625 0.05625
1 0.215625 0.7375 0.078125 0.078125
1 0.36796875 0.49765625 0.0828125 0.078125
1 0.47578125 0.234375 0.078125 0.06875
0 0.50390625 0.29921875 0.096875 0.059375
0 0.5390625 0.4484375 0.096875 0.059375
1 0.503125 0.58984375 0.0609375 0.075
1 0.52578125 0.52265625 0.0484375 0.0578125
1 0.49609375 0.771875 0.05625 0.071875
1 0.6203125 0.70234375 0.0625 0.06875
1 0.31875 0.75625 0.071875 0.053125
1 0.42109375 0.58359375 0.0578125 0.0609375
1 0.39921875 0.38046875 0.0609375 0.0984375
1 0.32578125 0.38046875 0.084375 0.0765625
1 0.24296875 0.634375 0.0703125 0.0796875
0 0.36953125 0.61484375 0.0515625 0.1234375
1 0.284375 0.58359375 0.0734375 0.121875