1 0.39296875 0.84921875 0.05625 0.028125
1 0.72578125 0.84609375 0.0390625 0.046875
0 0.19453125 0.80859375 0.0625 0.021875
0 0.62421875 0.81171875 0.0546875 0.0328125
0 0.609375 0.778125 0.0421875 0.04375
0 0.66875 0.76328125 0.034375 0.05
0 0.1625 0.78515625 0.0625 0.025
0 0.18359375 0.7640625 0.05625 0.034375
1 0.4734375 0.78515625 0.034375 0.0421875
0 0.14453125 0.61171875 0.034375 0.05
0 0.17578125 0.61484375 0.040625 0.05
0 0.22734375 0.59296875 0.046875 0.040625
1 0.05078125 0.53203125 0.0234375 0.046875
1 0.04609375 0.59375 0.025 0.05
1 0.25 0.47265625 0.03125 0.03125
0 0.27578125 0.48046875 0.05625 0.034375
0 0.27109375 0.4390625 0.05625 0.028125
0 0.31015625 0.4390625 0.034375 0.0390625
0 0.22890625 0.34453125 0.0375 0.04375
0 0.24453125 0.36484375 0.034375 0.040625
0 0.2703125 0.36640625 0.034375 0.046875
0 0.6890625 0.346875 0.034375 0.040625
1 0.709375 0.3671875 0.05 0.0328125
1 0.775 0.3578125 0.034375 0.034375
1 0.38125 0.3734375 0.0453125 0.0296875
0 0.4140625 0.3296875 0.028125 0.04375
0 0.45078125 0.334375 0.03125 0.0421875
0 0.490625 0.3234375 0.059375 0.0234375
0 0.46328125 0.37109375 0.053125 0.03125
0 0.5203125 0.36875 0.05 0.03125
1 0.51484375 0.38515625 0.046875 0.028125
0 0.5125 0.4265625 0.059375 0.021875
0 0.46875 0.47578125 0.0296875 0.046875
1 0.5 0.4609375 0.05 0.0203125
0 0.3 0.746875 0.034375 0.05
0 0.31015625 0.69453125 0.034375 0.05
0 0.69453125 0.4515625 0.0546875 0.0296875
0 0.5546875 0.465625 0.03125 0.034375
0 0.69609375 0.54296875 0.0625 0.025
0 0.6890625 0.5203125 0.0546875 0.034375
0 0.72890625 0.4953125 0.0625 0.01875
0 0.65625 0.484375 0.0578125 0.01875
1 0.7609375 0.48203125 0.0484375 0.0265625
1 0.484375 0.51328125 0.0625 0.021875
0 0.37734375 0.56796875 0.028125 0.04375
0 0.4125 0.59296875 0.0265625 0.053125
0 0.53515625 0.76328125 0.0421875 0.0390625
1 0.79765625 0.74921875 0.0375 0.04375
0 0.3984375 0.6609375 0.0375 0.0484375
0 0.553125 0.5828125 0.046875 0.0375
1 0.56484375 0.60859375 0.03125 0.0328125
1 0.60546875 0.61328125 0.0390625 0.0359375
0 0.63515625 0.6046875 0.028125 0.0484375
0 0.6890625 0.63203125 0.04375 0.04375
1 0.3609375 0.65546875 0.025 0.0359375
0 0.41015625 0.70234375 0.0390625 0.0421875
0 0.6140625 0.73203125 0.0609375 0.03125
1 0.61875 0.69765625 0.0375 0.034375
0 0.45625 0.746875 0.0625 0.021875
1 0.53515625 0.66015625 0.028125 0.046875
0 0.76953125 0.7421875 0.040625 0.04375
1 0.8234375 0.65078125 0.0875 0.0375
0 0.815625 0.61796875 0.053125 0.0375
1 0.840625 0.44453125 0.0375 0.025
1 0.45078125 0.58203125 0.034375 0.0359375
0 0.35703125 0.61953125 0.04375 0.040625