0 0.8359375 0.10078125 0.01875 0.046875
0 0.40390625 0.190625 0.034375 0.034375
0 0.29453125 0.18671875 0.025 0.04375
0 0.28671875 0.309375 0.034375 0.034375
1 0.11171875 0.4171875 0.025 0.021875
0 0.79765625 0.94921875 0.04375 0.01875
0 0.73203125 0.30546875 0.04375 0.028125
0 0.809375 0.3515625 0.0203125 0.0453125
0 0.77265625 0.34453125 0.0375 0.0265625
0 0.87421875 0.55625 0.0296875 0.03125
0 0.8046875 0.5 0.028125 0.0375
0 0.74765625 0.621875 0.0453125 0.021875
1 0.48359375 0.378125 0.021875 0.028125
0 0.26953125 0.5421875 0.034375 0.034375
0 0.303125 0.56640625 0.028125 0.0375
0 0.8640625 0.7734375 0.021875 0.04375
0 0.76875 0.73828125 0.025 0.0421875
0 0.65703125 0.665625 0.046875 0.025
0 0.6265625 0.72421875 0.028125 0.0375
0 0.69765625 0.80390625 0.03125 0.0453125
1 0.70859375 0.82109375 0.0234375 0.028125
0 0.925 0.85 0.03125 0.034375
0 0.6234375 0.88671875 0.03125 0.03125
0 0.5953125 0.8546875 0.01875 0.05
0 0.3359375 0.803125 0.034375 0.0359375
0 0.45546875 0.8625 0.04375 0.034375
0 0.403125 0.86796875 0.046875 0.01875
0 0.27734375 0.91796875 0.034375 0.0328125
0 0.22421875 0.9046875 0.0375 0.034375
0 0.15234375 0.89453125 0.05 0.01875
0 0.0734375 0.73203125 0.03125 0.0375
0 0.10625 0.68515625 0.01875 0.04375
0 0.146875 0.68125 0.034375 0.0421875
0 0.5046875 0.7078125 0.021875 0.04375
0 0.46171875 0.71328125 0.015625 0.04375
0 0.44453125 0.7109375 0.0171875 0.0484375
0 0.32890625 0.68671875 0.046875 0.01875
0 0.42265625 0.65859375 0.040625 0.0296875
0 0.3921875 0.64921875 0.0140625 0.040625
0 0.3375 0.6453125 0.046875 0.015625
0 0.2546875 0.659375 0.04375 0.025
0 0.25390625 0.81640625 0.040625 0.03125
1 0.28828125 0.80703125 0.034375 0.021875