1 0.5734375 0.146875 0.075 0.04375
1 0.43203125 0.40625 0.05 0.0640625
1 0.6265625 0.85390625 0.05625 0.0578125
1 0.5265625 0.88203125 0.0484375 0.0375
1 0.540625 0.74921875 0.0796875 0.0546875
1 0.46796875 0.61015625 0.071875 0.046875
1 0.74765625 0.596875 0.078125 0.05
1 0.63125 0.45625 0.078125 0.0328125
1 0.2671875 0.41953125 0.059375 0.0515625
0 0.72890625 0.2734375 0.0515625 0.0828125
0 0.690625 0.1890625 0.0484375 0.08125
0 0.39296875 0.70078125 0.1015625 0.05
0 0.31796875 0.59921875 0.0640625 0.0625
0 0.4015625 0.26796875 0.046875 0.08125
1 0.6796875 0.3609375 0.075 0.06875
1 0.7796875 0.45234375 0.065625 0.046875
1 0.59453125 0.5515625 0.0765625 0.040625
1 0.553125 0.5 0.0578125 0.03125
1 0.678125 0.74765625 0.103125 0.040625
1 0.44609375 0.82109375 0.1 0.040625
1 0.39609375 0.52578125 0.05 0.06875
1 0.23515625 0.6640625 0.0609375 0.0640625
1 0.57421875 0.2953125 0.06875 0.0515625
1 0.37421875 0.21875 0.05 0.04375
1 0.6015625 0.6640625 0.0625 0.04375
0 0.32109375 0.79140625 0.059375 0.078125
0 0.30546875 0.33984375 0.06875 0.065625