0 0.93046875 0.44921875 0.0265625 0.053125
0 0.859375 0.41171875 0.040625 0.04375
0 0.78828125 0.5453125 0.03125 0.053125
0 0.74296875 0.2828125 0.03125 0.05
0 0.753125 0.36015625 0.034375 0.046875
1 0.79140625 0.48515625 0.021875 0.03125
0 0.66953125 0.2140625 0.046875 0.0234375
0 0.65078125 0.2421875 0.021875 0.05
0 0.6 0.2484375 0.04375 0.034375
0 0.58125 0.2828125 0.04375 0.040625
0 0.57265625 0.36328125 0.046875 0.0296875
0 0.715625 0.5234375 0.0375 0.0375
0 0.59140625 0.50546875 0.034375 0.04375
0 0.071875 0.68046875 0.05 0.021875
0 0.08203125 0.58984375 0.05625 0.0359375
1 0.128125 0.54140625 0.0328125 0.0375
0 0.18515625 0.5890625 0.0375 0.0375
1 0.209375 0.5140625 0.03125 0.025
1 0.2453125 0.928125 0.028125 0.0453125
0 0.31796875 0.9203125 0.04375 0.0359375
0 0.4046875 0.79296875 0.0390625 0.04375
0 0.3703125 0.73125 0.0484375 0.034375
0 0.5234375 0.76171875 0.021875 0.0625
0 0.5109375 0.69296875 0.0375 0.053125
1 0.584375 0.7203125 0.028125 0.034375
0 0.665625 0.7234375 0.0265625 0.0578125
0 0.34296875 0.23984375 0.0390625 0.0375
0 0.396875 0.25546875 0.025 0.05
1 0.56015625 0.1265625 0.021875 0.03125
0 0.528125 0.184375 0.04375 0.034375
0 0.52265625 0.1640625 0.04375 0.028125
0 0.31171875 0.1125 0.0484375 0.025
0 0.2859375 0.24453125 0.01875 0.05
0 0.32890625 0.29296875 0.05625 0.025
1 0.271875 0.30078125 0.0265625 0.0375
0 0.22421875 0.59140625 0.025 0.053125
0 0.265625 0.6359375 0.046875 0.034375
0 0.29296875 0.5421875 0.0296875 0.0546875
0 0.2765625 0.43828125 0.015625 0.05625
0 0.28203125 0.47890625 0.046875 0.0296875
0 0.3203125 0.61640625 0.05 0.0234375
0 0.39140625 0.396875 0.021875 0.059375
0 0.59140625 0.66015625 0.040625 0.034375
0 0.4734375 0.7015625 0.0453125 0.03125
0 0.48828125 0.5140625 0.0265625 0.0625
0 0.60078125 0.54296875 0.025 0.053125
0 0.66796875 0.5734375 0.0390625 0.040625
1 0.41796875 0.378125 0.01875 0.040625
1 0.36171875 0.3578125 0.021875 0.034375
1 0.33984375 0.42734375 0.025 0.028125
1 0.37578125 0.4859375 0.0203125 0.040625
0 0.41796875 0.50625 0.021875 0.0578125
0 0.54453125 0.49609375 0.046875 0.034375
0 0.54453125 0.55625 0.0265625 0.05625
1 0.56015625 0.55390625 0.01875 0.03125
0 0.5859375 0.190625 0.04375 0.028125
0 0.57734375 0.17109375 0.034375 0.0390625