1 0.396875 0.3625 0.015625 0.040625
1 0.41328125 0.475 0.025 0.01875
1 0.4234375 0.5453125 0.028125 0.021875
1 0.42734375 0.63125 0.01875 0.0375
0 0.46015625 0.48515625 0.0421875 0.028125
0 0.48671875 0.328125 0.0390625 0.034375
0 0.503125 0.36640625 0.040625 0.0234375
1 0.48515625 0.58515625 0.021875 0.0421875
0 0.490625 0.66484375 0.040625 0.040625
1 0.48515625 0.7828125 0.01875 0.01875
1 0.546875 0.74140625 0.025 0.025
1 0.5375 0.6546875 0.0125 0.0203125
0 0.5265625 0.45859375 0.03125 0.046875
0 0.56640625 0.37421875 0.021875 0.059375
1 0.5109375 0.240625 0.0265625 0.0203125
1 0.5796875 0.22109375 0.025 0.0375
1 0.58515625 0.28203125 0.021875 0.025
0 0.6109375 0.36953125 0.0390625 0.046875
0 0.5921875 0.44296875 0.0375 0.0484375
1 0.61015625 0.54296875 0.025 0.021875
0 0.53984375 0.540625 0.01875 0.0578125
0 0.6265625 0.61015625 0.034375 0.0375
1 0.6265625 0.71796875 0.021875 0.0203125
0 0.69140625 0.2609375 0.015625 0.04375
0 0.653125 0.284375 0.040625 0.046875
0 0.6765625 0.39140625 0.0375 0.046875
0 0.73125 0.34921875 0.015625 0.059375
1 0.671875 0.50546875 0.025 0.01875
0 0.7421875 0.546875 0.04375 0.021875
1 0.7125 0.68125 0.015625 0.025
1 0.78203125 0.615625 0.01875 0.034375
0 0.78515625 0.45546875 0.0359375 0.046875