1 0.5765625 0.3453125 0.0375 0.059375
1 0.5578125 0.55703125 0.0265625 0.06875
1 0.50625 0.32890625 0.04375 0.040625
1 0.38125 0.321875 0.0546875 0.040625
1 0.3546875 0.353125 0.0484375 0.0375
1 0.36953125 0.634375 0.0265625 0.06875
1 0.278125 0.51171875 0.0375 0.053125
1 0.34375 0.43203125 0.0375 0.06875
1 0.296875 0.3015625 0.025 0.059375
1 0.496875 0.64140625 0.034375 0.06875
1 0.446875 0.515625 0.0296875 0.06875
0 0.25078125 0.61328125 0.05625 0.05625
1 0.25390625 0.67890625 0.046875 0.053125
1 0.2765625 0.3375 0.040625 0.0515625
1 0.33984375 0.46640625 0.040625 0.0625
1 0.47109375 0.42890625 0.04375 0.040625