1 0.43515625 0.215625 0.0796875 0.059375
1 0.23359375 0.41171875 0.059375 0.06875
1 0.59453125 0.32109375 0.0796875 0.05
1 0.57265625 0.41015625 0.08125 0.0625
1 0.6609375 0.47578125 0.065625 0.04375
1 0.8296875 0.4390625 0.053125 0.05625
1 0.7515625 0.55 0.05625 0.059375
1 0.66171875 0.6671875 0.065625 0.0375
1 0.2296875 0.5609375 0.059375 0.0578125
1 0.3875 0.42734375 0.071875 0.053125
1 0.625 0.23359375 0.05625 0.075
1 0.52734375 0.2921875 0.065625 0.0578125
1 0.36875 0.38046875 0.0671875 0.040625
1 0.52890625 0.903125 0.0734375 0.084375
1 0.64296875 0.85625 0.0625 0.0828125
1 0.19453125 0.746875 0.078125 0.084375
1 0.41875 0.77890625 0.1140625 0.059375
1 0.65 0.7515625 0.05625 0.053125
1 0.43515625 0.57734375 0.0765625 0.0375
1 0.5671875 0.54609375 0.065625 0.05
1 0.5734375 0.65625 0.0765625 0.0453125
1 0.8015625 0.653125 0.1 0.0625
0 0.825 0.30703125 0.115625 0.0515625