0 0.77109375 0.4015625 0.06875 0.0609375
0 0.56640625 0.334375 0.059375 0.059375
0 0.46484375 0.28125 0.0671875 0.053125
0 0.2828125 0.615625 0.05 0.0625
0 0.43359375 0.44609375 0.075 0.0421875
0 0.590625 0.79296875 0.0625 0.0359375
1 0.75625 0.28359375 0.034375 0.0375
1 0.46484375 0.21875 0.03125 0.04375
1 0.33671875 0.3078125 0.046875 0.03125
1 0.3171875 0.3546875 0.05 0.03125
1 0.54609375 0.4015625 0.034375 0.03125
1 0.48984375 0.4890625 0.046875 0.05625
1 0.71796875 0.56640625 0.03125 0.0375
1 0.58515625 0.54296875 0.0390625 0.03125
1 0.70546875 0.709375 0.028125 0.04375
1 0.55390625 0.68125 0.0328125 0.05
1 0.45625 0.7421875 0.0421875 0.0328125
1 0.34296875 0.66953125 0.034375 0.040625
1 0.3671875 0.60625 0.04375 0.034375
1 0.3890625 0.56953125 0.0296875 0.0359375
1 0.20546875 0.5703125 0.05 0.03125
1 0.30625 0.45859375 0.05 0.03125
1 0.23203125 0.44140625 0.040625 0.0375
1 0.63671875 0.3046875 0.053125 0.034375
1 0.43828125 0.57421875 0.034375 0.0328125