0 0.346875 0.478125 0.0609375 0.06171875
0 0.70546875 0.6265625 0.0703125 0.06015625
0 0.1765625 0.4890625 0.06640625 0.0625
0 0.19375 0.27890625 0.06171875 0.06484375
0 0.26875 0.6171875 0.0734375 0.04921875
1 0.421875 0.47890625 0.06796875 0.04921875
0 0.42265625 0.56171875 0.06484375 0.0765625
0 0.284375 0.7640625 0.0765625 0.0625
0 0.73984375 0.4171875 0.06328125 0.09140625
0 0.56015625 0.54765625 0.08046875 0.06328125
0 0.165625 0.434375 0.06171875 0.07265625
0 0.3609375 0.353125 0.0453125 0.09296875
0 0.50546875 0.5375 0.08125 0.06484375
0 0.328125 0.76875 0.07421875 0.06953125
0 0.28359375 0.46171875 0.053125 0.09921875
0 0.5140625 0.4453125 0.08984375 0.03828125
0 0.56484375 0.740625 0.0515625 0.0921875
0 0.54453125 0.2828125 0.084375 0.0453125
0 0.54296875 0.2515625 0.08203125 0.040625
0 0.359375 0.83046875 0.08359375 0.04609375
0 0.63828125 0.5625 0.084375 0.03203125
0 0.3484375 0.67109375 0.03828125 0.09453125
0 0.41796875 0.34296875 0.0859375 0.0296875
0 0.46171875 0.4203125 0.0828125 0.028125
0 0.225 0.390625 0.03671875 0.09765625
0 0.42109375 0.659375 0.04375 0.084375
0 0.53046875 0.39609375 0.0859375 0.03046875
1 0.5390625 0.503125 0.05234375 0.0375
0 0.646875 0.73125 0.04140625 0.09765625
1 0.38515625 0.20859375 0.04453125 0.04609375
0 0.62890625 0.5375 0.08046875 0.0296875
1 0.44375 0.9078125 0.04921875 0.034375
0 0.421875 0.25546875 0.08828125 0.02265625
1 0.3 0.31171875 0.053125 0.03046875
0 0.1359375 0.47421875 0.0484375 0.0765625
0 0.31796875 0.5421875 0.0359375 0.09296875
1 0.4453125 0.8296875 0.04375 0.05546875
0 0.34921875 0.5765625 0.0328125 0.115625
1 0.56484375 0.6125 0.0421875 0.053125
0 0.634375 0.4484375 0.03515625 0.1125
1 0.625 0.3140625 0.03359375 0.0921875
0 0.6796875 0.76484375 0.0625 0.0765625
0 0.54765625 0.83984375 0.04609375 0.1140625
0 0.5984375 0.4015625 0.03984375 0.103125
0 0.38828125 0.284375 0.0765625 0.03828125
0 0.28125 0.37578125 0.0265625 0.1140625
1 0.68203125 0.21484375 0.0796875 0.0328125
0 0.43203125 0.290625 0.08203125 0.05390625
0 0.37265625 0.60390625 0.0265625 0.11484375
0 0.24296875 0.53828125 0.0296875 0.11171875
0 0.4828125 0.84765625 0.03828125 0.1015625
0 0.59296875 0.28359375 0.03671875 0.103125
0 0.43671875 0.30703125 0.0671875 0.05
0 0.47890625 0.253125 0.02265625 0.1125
1 0.45390625 0.72421875 0.0296875 0.0765625
1 0.2765625 0.54140625 0.0390625 0.0359375
1 0.19609375 0.31875 0.040625 0.034375
1 0.6765625 0.66875 0.021875 0.08046875
0 0.4234375 0.74921875 0.03125 0.1078125
0 0.23671875 0.68828125 0.04609375 0.10078125
0 0.39609375 0.621875 0.0234375 0.1