0 0.528125 0.28515625 0.0671875 0.08125
0 0.46875 0.31875 0.0734375 0.08125
0 0.628125 0.55390625 0.08125 0.0609375
0 0.47265625 0.64140625 0.090625 0.05625
0 0.815625 0.40546875 0.059375 0.075
0 0.50546875 0.47109375 0.09375 0.059375
0 0.38203125 0.53359375 0.096875 0.065625
0 0.7640625 0.42421875 0.06875 0.0625
0 0.784375 0.271875 0.1078125 0.0375
0 0.44921875 0.5671875 0.065625 0.0875
0 0.43125 0.33671875 0.096875 0.05625
0 0.66171875 0.40234375 0.096875 0.05625
0 0.26484375 0.490625 0.046875 0.0828125
0 0.50546875 0.425 0.121875 0.0390625
0 0.3984375 0.58203125 0.109375 0.04375
1 0.50546875 0.37734375 0.09375 0.05
0 0.67109375 0.49765625 0.1109375 0.0234375
1 0.671875 0.3078125 0.059375 0.0421875
1 0.6890625 0.27109375 0.071875 0.0296875
0 0.746875 0.30078125 0.115625 0.0203125
0 0.6 0.540625 0.1 0.046875
0 0.4921875 0.696875 0.10625 0.0375
1 0.7984375 0.5734375 0.059375 0.040625
1 0.37265625 0.3734375 0.059375 0.04375
1 0.76171875 0.325 0.115625 0.03125
1 0.58515625 0.42265625 0.0546875 0.0390625
1 0.209375 0.521875 0.0375 0.0375
1 0.1953125 0.4640625 0.03125 0.0546875
1 0.221875 0.46015625 0.034375 0.053125
0 0.42890625 0.46875 0.04375 0.0796875