1 0.471875 0.91171875 0.071875 0.1375
1 0.55234375 0.80859375 0.084375 0.14375
1 0.7171875 0.825 0.14375 0.078125
1 0.7359375 0.665625 0.065625 0.1796875
1 0.86171875 0.61171875 0.084375 0.134375
1 0.26953125 0.75859375 0.1484375 0.1703125
1 0.39375 0.7546875 0.1078125 0.109375
1 0.48828125 0.64765625 0.134375 0.1140625
1 0.6875 0.4890625 0.075 0.153125
1 0.4046875 0.52109375 0.18125 0.115625
1 0.48828125 0.325 0.071875 0.1734375
1 0.7796875 0.30703125 0.1875 0.09375
1 0.75078125 0.2078125 0.175 0.1
1 0.55859375 0.06796875 0.1703125 0.071875
1 0.184375 0.5703125 0.06875 0.15
1 0.1359375 0.38515625 0.178125 0.0859375
1 0.21484375 0.27109375 0.0859375 0.1453125
1 0.30703125 0.18203125 0.1140625 0.146875
1 0.91171875 0.4421875 0.140625 0.0953125