0 0.6953125 0.49765625 0.034375 0.0375
0 0.3859375 0.35546875 0.0375 0.040625
0 0.3421875 0.53046875 0.028125 0.046875
0 0.38203125 0.675 0.028125 0.046875
0 0.6140625 0.37109375 0.05 0.034375
0 0.4875 0.4703125 0.034375 0.0375
0 0.40703125 0.31875 0.0203125 0.046875
0 0.43671875 0.43203125 0.01875 0.046875
0 0.8265625 0.54296875 0.025 0.04375
0 0.6390625 0.2578125 0.025 0.0484375
0 0.0890625 0.55625 0.021875 0.0453125
0 0.590625 0.41875 0.01875 0.046875
0 0.62734375 0.33203125 0.028125 0.0453125
0 0.478125 0.43125 0.0375 0.0359375
0 0.3859375 0.5234375 0.0578125 0.025
0 0.296875 0.27578125 0.0296875 0.0375
0 0.57109375 0.590625 0.03125 0.0453125
0 0.39375 0.4515625 0.05625 0.01875
0 0.5984375 0.32578125 0.021875 0.05
0 0.12265625 0.51875 0.021875 0.046875
0 0.21328125 0.49453125 0.053125 0.028125
0 0.3625 0.24375 0.0421875 0.034375
0 0.83671875 0.48671875 0.0375 0.04375
0 0.71328125 0.2328125 0.05 0.0265625
0 0.43203125 0.3015625 0.021875 0.046875
0 0.63984375 0.6234375 0.040625 0.03125
0 0.20390625 0.440625 0.0515625 0.01875
0 0.44140625 0.61171875 0.04375 0.0296875
0 0.13125 0.6703125 0.0359375 0.040625
0 0.55390625 0.275 0.05 0.034375
0 0.51328125 0.48671875 0.0203125 0.05
0 0.52734375 0.67890625 0.0421875 0.03125
0 0.73828125 0.36953125 0.053125 0.025
0 0.7328125 0.50546875 0.040625 0.03125
0 0.28671875 0.7046875 0.0578125 0.0265625
0 0.56796875 0.69296875 0.046875 0.03125
0 0.72109375 0.26484375 0.0484375 0.03125
0 0.46796875 0.5578125 0.046875 0.025
0 0.43984375 0.5046875 0.0203125 0.05
1 0.3625 0.4359375 0.0359375 0.028125
0 0.3234375 0.23671875 0.034375 0.040625
0 0.196875 0.378125 0.05 0.015625
0 0.45234375 0.3109375 0.025 0.0453125
0 0.2546875 0.5390625 0.0375 0.04375
0 0.19453125 0.33828125 0.03125 0.040625
0 0.45234375 0.26328125 0.040625 0.034375
0 0.66171875 0.53046875 0.0578125 0.01875
0 0.778125 0.49765625 0.053125 0.03125
0 0.46171875 0.48984375 0.0375 0.03125
0 0.31015625 0.5171875 0.0375 0.040625
0 0.7515625 0.55625 0.03125 0.040625
0 0.77734375 0.59921875 0.01875 0.046875
1 0.440625 0.69140625 0.0359375 0.034375
0 0.30703125 0.30078125 0.053125 0.028125
0 0.45 0.39921875 0.021875 0.04375
0 0.2734375 0.278125 0.015625 0.0453125
0 0.20078125 0.3921875 0.05625 0.0171875
1 0.6359375 0.434375 0.04375 0.021875
0 0.434375 0.22890625 0.053125 0.0171875
0 0.47109375 0.509375 0.0453125 0.028125
0 0.2171875 0.35 0.025 0.0453125
0 0.74140625 0.5734375 0.034375 0.0390625
0 0.76875 0.51328125 0.034375 0.0375
0 0.48046875 0.68515625 0.0453125 0.0328125
0 0.20859375 0.4078125 0.05 0.01875
0 0.50703125 0.51640625 0.0296875 0.0390625
0 0.4171875 0.384375 0.0234375 0.040625
0 0.16484375 0.5484375 0.053125 0.01875
0 0.52734375 0.2265625 0.05 0.021875
0 0.39609375 0.26875 0.025 0.04375
0 0.61875 0.40078125 0.0421875 0.03125
0 0.25390625 0.4328125 0.046875 0.028125
1 0.61484375 0.715625 0.0390625 0.015625
0 0.315625 0.28203125 0.04375 0.025
0 0.67421875 0.5109375 0.0453125 0.0171875
0 0.76015625 0.53125 0.05 0.0328125
0 0.7453125 0.64453125 0.046875 0.021875