0 0.5984375 0.77109375 0.0609375 0.06875
0 0.665625 0.56640625 0.059375 0.059375
0 0.71875 0.46484375 0.053125 0.0671875
0 0.384375 0.2828125 0.0625 0.05
0 0.55390625 0.43359375 0.0421875 0.075
0 0.20703125 0.590625 0.0359375 0.0625
1 0.71640625 0.75625 0.0375 0.034375
1 0.78125 0.46484375 0.04375 0.03125
1 0.6921875 0.33671875 0.03125 0.046875
1 0.6453125 0.3171875 0.03125 0.05
1 0.5984375 0.54609375 0.03125 0.034375
1 0.5109375 0.48984375 0.05625 0.046875
1 0.43359375 0.71796875 0.0375 0.03125
1 0.45703125 0.58515625 0.03125 0.0390625
1 0.290625 0.70546875 0.04375 0.028125
1 0.31875 0.55390625 0.05 0.0328125
1 0.2578125 0.45625 0.0328125 0.0421875
1 0.33046875 0.34296875 0.040625 0.034375
1 0.39375 0.3671875 0.034375 0.04375
1 0.43046875 0.3890625 0.0359375 0.0296875
1 0.4296875 0.20546875 0.03125 0.05
1 0.54140625 0.30625 0.03125 0.05
1 0.55859375 0.23203125 0.0375 0.040625
1 0.6953125 0.63671875 0.034375 0.053125
1 0.42578125 0.43828125 0.0328125 0.034375