0 0.19375 0.590625 0.046875 0.046875
0 0.32265625 0.6171875 0.065625 0.0375
1 0.49140625 0.4390625 0.04375 0.034375
0 0.321875 0.44921875 0.046875 0.04375
0 0.5734375 0.60546875 0.040625 0.046875
0 0.6453125 0.4921875 0.0375 0.05
0 0.596875 0.675 0.0421875 0.040625
0 0.81328125 0.4078125 0.065625 0.03125
0 0.74921875 0.53359375 0.04375 0.040625
0 0.3578125 0.2734375 0.03125 0.05
0 0.9109375 0.63203125 0.0625 0.03125
0 0.92265625 0.64296875 0.059375 0.0328125
0 0.15703125 0.52734375 0.065625 0.0375
0 0.32890625 0.709375 0.0625 0.04375
0 0.4890625 0.37578125 0.028125 0.0390625
0 0.2296875 0.48359375 0.0375 0.046875
0 0.68515625 0.5546875 0.0359375 0.046875
0 0.3453125 0.57109375 0.0671875 0.03125
0 0.55546875 0.3203125 0.053125 0.03125
0 0.5484375 0.24140625 0.03125 0.0453125
1 0.2875 0.33671875 0.04375 0.03125
0 0.71796875 0.7421875 0.0734375 0.03125
0 0.37890625 0.315625 0.05625 0.03125
0 0.83046875 0.58828125 0.028125 0.053125
1 0.82890625 0.71640625 0.0609375 0.034375
0 0.575 0.5484375 0.065625 0.025
0 0.26484375 0.69921875 0.0421875 0.059375
0 0.66953125 0.5734375 0.05625 0.0375
0 0.36640625 0.4734375 0.034375 0.053125
1 0.4390625 0.5484375 0.0484375 0.028125
0 0.8015625 0.346875 0.0625 0.025
0 0.48671875 0.2421875 0.0546875 0.03125
0 0.753125 0.41484375 0.059375 0.021875
0 0.4296875 0.746875 0.046875 0.0484375
0 0.746875 0.628125 0.06875 0.025
0 0.546875 0.77734375 0.071875 0.0265625
0 0.18984375 0.42578125 0.0484375 0.05
0 0.2234375 0.31953125 0.025 0.0546875
1 0.74921875 0.3859375 0.046875 0.025
0 0.88828125 0.51015625 0.065625 0.0265625
0 0.1515625 0.653125 0.06875 0.025
0 0.6390625 0.403125 0.0625 0.025
0 0.37421875 0.40390625 0.0640625 0.021875
0 0.4375 0.6203125 0.0609375 0.021875
0 0.59609375 0.62578125 0.05 0.0359375
0 0.67421875 0.496875 0.028125 0.04375