1 0.3484375 0.35234375 0.05859375 0.0609375
1 0.53359375 0.30859375 0.05078125 0.03203125
1 0.73671875 0.33203125 0.05625 0.03984375
1 0.7484375 0.47421875 0.02578125 0.034375
1 0.5640625 0.553125 0.03203125 0.028125
1 0.36015625 0.6765625 0.03984375 0.03125
0 0.29765625 0.4515625 0.0359375 0.0609375
0 0.24765625 0.528125 0.07421875 0.0296875
0 0.4125 0.6046875 0.03984375 0.07421875
0 0.253125 0.6328125 0.075 0.034375
0 0.51796875 0.68515625 0.059375 0.053125
0 0.61328125 0.60546875 0.046875 0.06875
0 0.78203125 0.6078125 0.0671875 0.04375
0 0.459375 0.4640625 0.03203125 0.06484375
0 0.59921875 0.43828125 0.0640625 0.04453125