1 0.5375 0.7203125 0.028125 0.04375
1 0.53984375 0.428125 0.03125 0.0421875
1 0.66796875 0.40546875 0.03125 0.034375
1 0.353125 0.59375 0.03125 0.059375
1 0.61015625 0.62734375 0.04375 0.0359375
0 0.6015625 0.20390625 0.0375 0.05625
0 0.55859375 0.3234375 0.0390625 0.059375
0 0.6109375 0.50546875 0.0609375 0.028125
0 0.47421875 0.6046875 0.0609375 0.04375
0 0.41640625 0.38359375 0.05 0.0453125
0 0.71953125 0.71328125 0.0328125 0.071875
0 0.396875 0.7203125 0.059375 0.0375
0 0.35546875 0.48671875 0.040625 0.0625
0 0.73984375 0.58515625 0.034375 0.071875