0 0.19609375 0.3140625 0.09453125 0.040625
0 0.18984375 0.39453125 0.096875 0.02890625
1 0.16953125 0.34296875 0.0234375 0.0421875
0 0.25625 0.45234375 0.10390625 0.02265625
0 0.27265625 0.7296875 0.071875 0.0578125
0 0.3109375 0.725 0.06328125 0.0546875
1 0.55859375 0.653125 0.03515625 0.0296875
1 0.51640625 0.6203125 0.03203125 0.0421875
1 0.60703125 0.6125 0.0953125 0.01796875
1 0.45390625 0.565625 0.05859375 0.0359375
0 0.6640625 0.63125 0.09765625 0.0171875
1 0.7609375 0.6875 0.0609375 0.015625
1 0.78828125 0.6609375 0.03828125 0.0359375
1 0.80234375 0.63203125 0.0390625 0.01875
0 0.603125 0.7296875 0.0875 0.0328125
0 0.77890625 0.5484375 0.0796875 0.0453125
0 0.74453125 0.54765625 0.08203125 0.04296875
0 0.71875 0.5859375 0.05390625 0.05859375
0 0.75703125 0.56796875 0.09609375 0.03828125
0 0.678125 0.59375 0.04765625 0.0671875
0 0.603125 0.571875 0.040625 0.05703125
0 0.55390625 0.5625 0.07109375 0.04609375
1 0.54140625 0.53671875 0.08359375 0.03046875
1 0.40234375 0.55 0.0484375 0.05859375
1 0.53203125 0.48359375 0.0296875 0.06796875
1 0.5515625 0.4890625 0.02578125 0.04296875
1 0.5703125 0.4671875 0.03046875 0.05546875
1 0.24609375 0.2765625 0.08515625 0.01953125
0 0.43046875 0.6234375 0.0703125 0.03984375
0 0.44375 0.62890625 0.0734375 0.03671875
0 0.1890625 0.53828125 0.06640625 0.0484375
0 0.27890625 0.5765625 0.04921875 0.05859375
1 0.22734375 0.56875 0.053125 0.06015625
1 0.3484375 0.55859375 0.08515625 0.0234375
1 0.21171875 0.49765625 0.08125 0.01796875
0 0.7078125 0.47578125 0.0875 0.03125
0 0.7453125 0.4515625 0.04375 0.07109375
1 0.74296875 0.40234375 0.0421875 0.05234375
0 0.66640625 0.40546875 0.08515625 0.01796875
1 0.68125 0.4203125 0.084375 0.01640625
0 0.72109375 0.37265625 0.07578125 0.05546875
0 0.90234375 0.43359375 0.06953125 0.04921875
0 0.59140625 0.453125 0.03359375 0.05
0 0.60078125 0.40625 0.06171875 0.0671875
0 0.40390625 0.303125 0.04140625 0.07109375
0 0.33671875 0.33125 0.09375 0.0421875
0 0.56953125 0.30703125 0.05078125 0.06640625
1 0.45390625 0.2703125 0.0484375 0.0390625
1 0.4453125 0.29375 0.05546875 0.02890625
0 0.46484375 0.31875 0.1 0.0359375
0 0.41796875 0.46953125 0.03203125 0.06796875
1 0.53515625 0.36015625 0.0515625 0.0328125
1 0.3703125 0.40703125 0.04609375 0.03828125
1 0.3859375 0.41875 0.03515625 0.03125
1 0.33359375 0.36953125 0.03359375 0.02578125