0 0.528125 0.71484375 0.0671875 0.08125
0 0.46875 0.68125 0.0734375 0.08125
0 0.628125 0.44609375 0.08125 0.0609375
0 0.47265625 0.35859375 0.090625 0.05625
0 0.815625 0.59453125 0.059375 0.075
0 0.50546875 0.52890625 0.09375 0.059375
0 0.38203125 0.46640625 0.096875 0.065625
0 0.7640625 0.57578125 0.06875 0.0625
0 0.784375 0.728125 0.1078125 0.0375
0 0.44921875 0.4328125 0.065625 0.0875
0 0.43125 0.66328125 0.096875 0.05625
0 0.66171875 0.59765625 0.096875 0.05625
0 0.26484375 0.509375 0.046875 0.0828125
0 0.50546875 0.575 0.121875 0.0390625
0 0.3984375 0.41796875 0.109375 0.04375
1 0.50546875 0.62265625 0.09375 0.05
0 0.67109375 0.50234375 0.1109375 0.0234375
1 0.671875 0.6921875 0.059375 0.0421875
1 0.6890625 0.72890625 0.071875 0.0296875
0 0.746875 0.69921875 0.115625 0.0203125
0 0.6 0.459375 0.1 0.046875
0 0.4921875 0.303125 0.10625 0.0375
1 0.7984375 0.4265625 0.059375 0.040625
1 0.37265625 0.6265625 0.059375 0.04375
1 0.76171875 0.675 0.115625 0.03125
1 0.58515625 0.57734375 0.0546875 0.0390625
1 0.209375 0.478125 0.0375 0.0375
1 0.1953125 0.5359375 0.03125 0.0546875
1 0.221875 0.53984375 0.034375 0.053125
0 0.42890625 0.53125 0.04375 0.0796875