0 0.41953125 0.14921875 0.053125 0.04375
0 0.34765625 0.6109375 0.05 0.05625
0 0.45390625 0.21015625 0.040625 0.06875
0 0.5765625 0.66328125 0.0421875 0.065625
0 0.65859375 0.59921875 0.034375 0.05625
1 0.50546875 0.6921875 0.046875 0.040625
0 0.303125 0.590625 0.028125 0.075
0 0.60546875 0.16953125 0.03125 0.078125
0 0.53671875 0.60546875 0.046875 0.0640625
0 0.31328125 0.3328125 0.03125 0.075
0 0.51953125 0.82265625 0.05625 0.034375
0 0.64140625 0.20078125 0.05 0.0359375
1 0.26328125 0.4796875 0.040625 0.059375
0 0.634375 0.621875 0.0359375 0.0625
1 0.67265625 0.57578125 0.034375 0.053125
1 0.4984375 0.659375 0.040625 0.034375
1 0.42109375 0.415625 0.0453125 0.0328125
0 0.50078125 0.315625 0.028125 0.078125
0 0.42578125 0.3578125 0.028125 0.071875
0 0.44609375 0.11953125 0.021875 0.0625
0 0.60546875 0.325 0.059375 0.034375
0 0.396875 0.7 0.03125 0.075
0 0.79765625 0.42265625 0.025 0.0734375
0 0.7765625 0.39375 0.021875 0.084375
0 0.4171875 0.54609375 0.0203125 0.071875
1 0.6015625 0.3703125 0.0359375 0.03125
0 0.525 0.57109375 0.0359375 0.053125
0 0.71328125 0.6546875 0.021875 0.075
0 0.3953125 0.50546875 0.0203125 0.0765625
0 0.28203125 0.79765625 0.0390625 0.040625
0 0.51484375 0.484375 0.0453125 0.0390625
1 0.73359375 0.41953125 0.0375 0.04375
1 0.56953125 0.42734375 0.028125 0.0625
1 0.33671875 0.240625 0.0234375 0.059375
1 0.72890625 0.56875 0.0390625 0.034375
0 0.3171875 0.48515625 0.025 0.0828125
1 0.534375 0.23671875 0.034375 0.040625
0 0.4265625 0.7265625 0.01875 0.0671875
0 0.425 0.47890625 0.021875 0.0703125
0 0.4609375 0.453125 0.025 0.05625
0 0.5265625 0.515625 0.03125 0.025
0 0.3578125 0.5421875 0.059375 0.0375
0 0.30546875 0.3484375 0.0328125 0.0859375
0 0.59140625 0.52578125 0.034375 0.071875
1 0.21328125 0.3421875 0.028125 0.059375
0 0.52890625 0.46015625 0.04375 0.0453125
1 0.340625 0.4578125 0.03125 0.046875
0 0.28203125 0.3328125 0.0234375 0.0546875
0 0.5 0.43828125 0.034375 0.04375
0 0.6515625 0.3578125 0.0375 0.0453125