0 0.678125 0.146875 0.0546875 0.0625
0 0.63359375 0.46328125 0.0515625 0.065625
0 0.7359375 0.56171875 0.028125 0.08125
0 0.8828125 0.68203125 0.0796875 0.01875
0 0.3390625 0.0796875 0.084375 0.0203125
0 0.4078125 0.8796875 0.03125 0.059375
0 0.30546875 0.8015625 0.2296875 0.128125
0 0.16875 0.42265625 0.028125 0.0671875
0 0.4453125 0.46015625 0.075 0.040625
0 0.4609375 0.3640625 0.0796875 0.03125
0 0.82109375 0.81015625 0.075 0.0359375
0 0.18203125 0.28359375 0.075 0.034375
0 0.25234375 0.30390625 0.021875 0.075
1 0.24765625 0.2375 0.053125 0.03125
0 0.4828125 0.65390625 0.05625 0.05
0 0.53203125 0.6046875 0.075 0.0453125
0 0.63046875 0.7328125 0.0734375 0.0265625
1 0.6515625 0.528125 0.028125 0.046875
0 0.4421875 0.29140625 0.025 0.071875
0 0.41640625 0.353125 0.025 0.06875
0 0.86484375 0.55625 0.034375 0.0671875