0 0.74296875 0.3828125 0.071875 0.05625
0 0.80703125 0.54140625 0.065625 0.0734375
0 0.415625 0.7640625 0.078125 0.0515625
0 0.45703125 0.65 0.078125 0.05625
0 0.58984375 0.7609375 0.05 0.075
1 0.8734375 0.59140625 0.0671875 0.05
0 0.321875 0.465625 0.059375 0.075
1 0.23359375 0.4515625 0.03125 0.05
0 0.71953125 0.25859375 0.115625 0.034375
0 0.22421875 0.6078125 0.090625 0.04375
0 0.84375 0.42578125 0.05 0.0828125
1 0.5640625 0.53828125 0.053125 0.0421875
0 0.7453125 0.6359375 0.1 0.0375
0 0.5609375 0.60703125 0.1 0.040625
1 0.6359375 0.4859375 0.046875 0.028125
0 0.334375 0.56484375 0.0984375 0.028125
0 0.42421875 0.43671875 0.03125 0.08125
1 0.5421875 0.409375 0.0625 0.03125
1 0.471875 0.49296875 0.078125 0.028125
0 0.34921875 0.66875 0.034375 0.084375
0 0.63359375 0.32890625 0.090625 0.04375
0 0.49140625 0.2796875 0.1125 0.034375
1 0.615625 0.3875 0.0421875 0.071875
1 0.35859375 0.32890625 0.0296875 0.05
0 0.7421875 0.71796875 0.1 0.025
1 0.815625 0.49296875 0.0765625 0.01875