1 0.38046875 0.5515625 0.1125 0.0484375
1 0.51484375 0.4421875 0.09375 0.090625
1 0.28203125 0.76953125 0.0453125 0.1203125
1 0.25546875 0.196875 0.11875 0.059375
1 0.5046875 0.13359375 0.090625 0.065625
1 0.55078125 0.27578125 0.11875 0.059375
1 0.6875 0.4796875 0.04375 0.096875
1 0.82734375 0.58671875 0.08125 0.0953125
1 0.46484375 0.75859375 0.040625 0.10625
0 0.64296875 0.66484375 0.090625 0.1125
0 0.121875 0.321875 0.1078125 0.0765625
0 0.325 0.3796875 0.0890625 0.0859375
0 0.77265625 0.30859375 0.071875 0.096875
1 0.1140625 0.61015625 0.046875 0.184375