1 0.74609375 0.87578125 0.109375 0.05
1 0.56328125 0.909375 0.1125 0.065625
1 0.38671875 0.884375 0.096875 0.0375
1 0.24296875 0.80078125 0.059375 0.034375
1 0.20078125 0.70625 0.11875 0.05
1 0.3578125 0.74609375 0.08125 0.034375
1 0.503125 0.76796875 0.1125 0.0625
1 0.83984375 0.7578125 0.0875 0.0765625
1 0.85859375 0.63125 0.0765625 0.08125
1 0.7 0.69375 0.096875 0.05625
1 0.69453125 0.59296875 0.08125 0.06875
1 0.54375 0.57265625 0.090625 0.0859375
1 0.42421875 0.5265625 0.0515625 0.0578125
1 0.36328125 0.65703125 0.115625 0.059375
1 0.296875 0.55703125 0.1125 0.05625
1 0.15546875 0.59140625 0.0953125 0.0609375
1 0.13671875 0.4953125 0.140625 0.0640625
1 0.69140625 0.78671875 0.134375 0.059375
1 0.8609375 0.5265625 0.05625 0.065625
1 0.87890625 0.39296875 0.05 0.1109375
1 0.77109375 0.4328125 0.059375 0.084375
1 0.64609375 0.465625 0.109375 0.078125
1 0.5046875 0.45546875 0.109375 0.075
1 0.82734375 0.27578125 0.0984375 0.0578125
1 0.75234375 0.33125 0.0875 0.0703125
1 0.67578125 0.2578125 0.0515625 0.0515625
1 0.51796875 0.27578125 0.10625 0.04375
1 0.50390625 0.359375 0.040625 0.065625
1 0.3515625 0.421875 0.0875 0.034375
1 0.24609375 0.41953125 0.06875 0.059375
1 0.10703125 0.39453125 0.121875 0.0453125
1 0.1 0.3015625 0.0671875 0.0625
1 0.32265625 0.35078125 0.0859375 0.0515625
1 0.228125 0.2828125 0.1125 0.0578125
1 0.34921875 0.265625 0.078125 0.046875
1 0.4328125 0.21875 0.0625 0.046875
1 0.621875 0.21875 0.0671875 0.04375
1 0.75390625 0.16875 0.103125 0.065625
1 0.6203125 0.07734375 0.11875 0.05625
1 0.46484375 0.06953125 0.103125 0.0546875
1 0.38046875 0.14609375 0.1046875 0.0359375
1 0.51328125 0.14765625 0.04375 0.0265625
1 0.2484375 0.20390625 0.1109375 0.0625