1 0.5453125 0.1921875 0.1 0.0578125
1 0.5859375 0.2859375 0.04296875 0.0828125
1 0.75625 0.36484375 0.06015625 0.078125
1 0.73671875 0.4734375 0.07109375 0.08984375
1 0.52109375 0.3828125 0.05625 0.09609375
1 0.4421875 0.7921875 0.05546875 0.0515625
1 0.47890625 0.75390625 0.05625 0.07890625
1 0.44609375 0.6671875 0.05546875 0.03984375
1 0.30234375 0.428125 0.053125 0.06640625
1 0.66640625 0.5546875 0.05703125 0.07421875
1 0.61640625 0.640625 0.10390625 0.05859375
0 0.421875 0.70234375 0.09453125 0.05
1 0.61328125 0.39296875 0.07890625 0.071875
0 0.4640625 0.33671875 0.09140625 0.06640625
1 0.56875 0.3671875 0.06484375 0.0625
0 0.5359375 0.4453125 0.0859375 0.07265625
0 0.671875 0.4375 0.06328125 0.11328125
1 0.30234375 0.53125 0.07421875 0.04921875
0 0.4 0.56953125 0.1109375 0.05
1 0.37421875 0.62265625 0.05625 0.078125
1 0.51640625 0.60234375 0.07890625 0.05625
1 0.60625 0.578125 0.07421875 0.0546875
1 0.57734375 0.69609375 0.075 0.075
1 0.6171875 0.73828125 0.10390625 0.05546875
0 0.503125 0.5390625 0.08984375 0.08359375
1 0.41484375 0.4421875 0.084375 0.0765625
1 0.36171875 0.275 0.0546875 0.07421875
1 0.77421875 0.27265625 0.06328125 0.0859375
1 0.68515625 0.628125 0.0484375 0.0890625
0 0.58515625 0.221875 0.12109375 0.0671875
0 0.6328125 0.4734375 0.09609375 0.090625
1 0.440625 0.61875 0.0671875 0.04375