0 0.9234375 0.3703125 0.040625 0.071875
0 0.78984375 0.4359375 0.0375 0.021875
0 0.7859375 0.334375 0.034375 0.03125
0 0.71953125 0.38125 0.0171875 0.040625
0 0.68046875 0.4859375 0.03125 0.034375
0 0.6921875 0.59765625 0.040625 0.01875
0 0.64609375 0.47109375 0.015625 0.0453125
0 0.64453125 0.3703125 0.01875 0.0453125
1 0.71171875 0.5765625 0.028125 0.0375
0 0.60625 0.409375 0.025 0.040625
1 0.61171875 0.36796875 0.015625 0.04375
0 0.5578125 0.43125 0.034375 0.025
0 0.5953125 0.484375 0.025 0.040625
0 0.5625 0.48359375 0.03125 0.040625
0 0.58671875 0.56640625 0.0171875 0.046875
0 0.63203125 0.56171875 0.05 0.0453125
0 0.6796875 0.56015625 0.028125 0.0609375
0 0.59375 0.26875 0.040625 0.015625
1 0.653125 0.15859375 0.01875 0.0421875
0 0.68828125 0.08671875 0.0609375 0.05
0 0.22109375 0.109375 0.021875 0.046875
0 0.62578125 0.65390625 0.021875 0.04375
0 0.60859375 0.67578125 0.03125 0.025
0 0.559375 0.62890625 0.0203125 0.046875
0 0.5140625 0.63203125 0.015625 0.04375
0 0.51328125 0.71953125 0.034375 0.028125
0 0.46328125 0.67578125 0.0140625 0.0421875
0 0.484375 0.59375 0.01875 0.046875
0 0.45390625 0.60078125 0.0234375 0.040625
0 0.4453125 0.63515625 0.0359375 0.025
0 0.4296875 0.59921875 0.0265625 0.04375
1 0.48046875 0.5484375 0.034375 0.03125
0 0.42578125 0.54765625 0.01875 0.046875
0 0.4609375 0.38515625 0.0390625 0.01875
0 0.22265625 0.696875 0.0546875 0.05
0 0.1734375 0.59375 0.05625 0.0359375
0 0.38984375 0.9 0.0296875 0.028125
0 0.40078125 0.8375 0.025 0.040625
0 0.27890625 0.7765625 0.05625 0.04375
0 0.30703125 0.540625 0.0171875 0.04375
0 0.28828125 0.47109375 0.01875 0.04375
0 0.2109375 0.43984375 0.03125 0.0671875
0 0.24453125 0.39609375 0.01875 0.065625
0 0.30546875 0.27421875 0.021875 0.075
0 0.34921875 0.21796875 0.015625 0.0453125
1 0.33046875 0.14453125 0.040625 0.0421875
0 0.37578125 0.303125 0.028125 0.0421875
0 0.4203125 0.2859375 0.015625 0.046875
0 0.36015625 0.42734375 0.025 0.0359375
0 0.38671875 0.4734375 0.04375 0.021875
0 0.33125 0.50859375 0.0328125 0.0375
0 0.34609375 0.58203125 0.034375 0.034375
0 0.37734375 0.66015625 0.034375 0.028125
0 0.44296875 0.43515625 0.03125 0.0609375
0 0.55859375 0.8578125 0.046875 0.040625
0 0.63828125 0.87109375 0.0375 0.0609375
0 0.73125 0.759375 0.05 0.04375
0 0.50625 0.2703125 0.0265625 0.0328125
1 0.53671875 0.39375 0.0171875 0.0640625
0 0.5375 0.17890625 0.015625 0.08125
0 0.45546875 0.09375 0.0359375 0.06875