0 0.53515625 0.31328125 0.08203125 0.0890625
1 0.22890625 0.340625 0.0734375 0.08203125
0 0.646875 0.44921875 0.1 0.08828125
1 0.3359375 0.40625 0.0796875 0.07265625
0 0.865625 0.3140625 0.08671875 0.10625
1 0.7328125 0.6515625 0.059375 0.115625
0 0.7609375 0.371875 0.1 0.06171875
0 0.128125 0.3640625 0.11640625 0.0984375
1 0.5890625 0.5609375 0.065625 0.1078125
1 0.55625 0.67734375 0.06171875 0.10546875
1 0.37734375 0.83828125 0.04453125 0.08671875
0 0.2765625 0.675 0.1234375 0.05078125
0 0.74296875 0.3234375 0.14140625 0.03671875
0 0.44765625 0.7390625 0.0671875 0.125
1 0.43203125 0.56484375 0.071875 0.103125
0 0.83203125 0.3265625 0.0703125 0.09609375
1 0.20078125 0.1015625 0.10546875 0.06328125
0 0.4203125 0.17421875 0.04453125 0.15703125
1 0.86796875 0.5984375 0.0984375 0.071875
0 0.48671875 0.34296875 0.0453125 0.12890625
0 0.22734375 0.55546875 0.0453125 0.1328125
0 0.6625 0.7859375 0.04375 0.16640625
0 0.3484375 0.51953125 0.10625 0.0328125
1 0.4984375 0.60234375 0.06328125 0.10859375
0 0.35 0.25234375 0.1265625 0.075
0 0.1921875 0.46171875 0.05546875 0.15234375
1 0.08828125 0.55625 0.04609375 0.109375
1 0.82109375 0.3984375 0.08984375 0.04296875
1 0.43046875 0.375 0.08203125 0.0703125
0 0.62734375 0.5546875 0.0328125 0.11796875
1 0.29375 0.46171875 0.0453125 0.10703125
1 0.2390625 0.42578125 0.046875 0.1078125
1 0.49765625 0.73125 0.0296875 0.11328125
1 0.37109375 0.34609375 0.0390625 0.1109375
0 0.46875 0.9 0.1296875 0.07734375
1 0.26953125 0.81796875 0.0890625 0.03984375