1 0.60703125 0.86640625 0.115625 0.025
1 0.90234375 0.71640625 0.05625 0.04375
1 0.74140625 0.7578125 0.065625 0.071875
1 0.51484375 0.74921875 0.065625 0.0375
1 0.3515625 0.78984375 0.059375 0.0265625
0 0.3078125 0.64765625 0.0421875 0.053125
0 0.69375 0.625 0.0828125 0.0328125
1 0.915625 0.25234375 0.053125 0.0625
1 0.98046875 0.3578125 0.0390625 0.03125
0 0.96171875 0.43515625 0.075 0.03125
1 0.87734375 0.53359375 0.040625 0.03125
1 0.34765625 0.53515625 0.0359375 0.034375
1 0.5984375 0.465625 0.03125 0.071875
1 0.346875 0.4765625 0.06875 0.034375
1 0.80546875 0.4578125 0.0875 0.021875