0 0.36953125 0.1453125 0.053125 0.0640625
0 0.3375 0.21796875 0.059375 0.0625
0 0.3921875 0.1828125 0.053125 0.065625
0 0.38515625 0.29296875 0.040625 0.075
0 0.25859375 0.2734375 0.04375 0.0671875
0 0.19140625 0.29140625 0.065625 0.05
0 0.1359375 0.34609375 0.075 0.06875
0 0.3296875 0.35078125 0.0796875 0.034375
0 0.38828125 0.375 0.0296875 0.071875
0 0.3109375 0.38671875 0.075 0.0296875
0 0.2734375 0.44375 0.084375 0.034375
0 0.4359375 0.41640625 0.0765625 0.046875
0 0.47578125 0.45234375 0.08125 0.03125
0 0.50859375 0.29453125 0.0890625 0.040625
0 0.5234375 0.184375 0.075 0.0453125
0 0.58203125 0.184375 0.071875 0.0375
0 0.58515625 0.23671875 0.075 0.0453125
0 0.6296875 0.33671875 0.084375 0.0296875
0 0.62421875 0.3796875 0.075 0.04375
0 0.57734375 0.42578125 0.06875 0.046875
0 0.62734375 0.47578125 0.075 0.040625
0 0.67109375 0.4203125 0.0640625 0.0515625
0 0.76328125 0.309375 0.05625 0.0625
0 0.81640625 0.49453125 0.075 0.0375
0 0.45625 0.78359375 0.0375 0.065625
0 0.4609375 0.7046875 0.078125 0.0390625
0 0.525 0.73515625 0.053125 0.065625
0 0.575 0.66953125 0.034375 0.071875
0 0.5484375 0.62265625 0.0421875 0.065625
0 0.60625 0.6 0.065625 0.053125
0 0.72421875 0.66015625 0.08125 0.034375
0 0.76875 0.53984375 0.0375 0.0703125
0 0.5359375 0.5359375 0.071875 0.046875
0 0.46015625 0.52734375 0.0296875 0.071875
0 0.3203125 0.51875 0.06875 0.04375
0 0.3421875 0.5671875 0.03125 0.06875
0 0.3953125 0.5921875 0.071875 0.0375
0 0.3796875 0.61484375 0.075 0.034375
0 0.18515625 0.4875 0.071875 0.046875
0 0.1640625 0.5234375 0.075 0.0421875
0 0.14921875 0.54921875 0.06875 0.046875
0 0.21875 0.5671875 0.065625 0.04375
0 0.22578125 0.6203125 0.034375 0.071875
0 0.26015625 0.63125 0.034375 0.0671875