1 0.6625 0.45546875 0.04375 0.0453125
1 0.415625 0.47265625 0.059375 0.0375
1 0.4640625 0.6484375 0.05 0.0375
1 0.40703125 0.61953125 0.0421875 0.040625
0 0.41875 0.71015625 0.053125 0.0578125
0 0.5453125 0.4484375 0.034375 0.05625
1 0.66640625 0.5234375 0.075 0.028125
1 0.3265625 0.52890625 0.05625 0.0296875
1 0.5796875 0.64296875 0.0640625 0.028125
1 0.58046875 0.59375 0.053125 0.03125
1 0.64921875 0.58125 0.0734375 0.034375
1 0.6828125 0.6078125 0.0625 0.025
1 0.33203125 0.6453125 0.0625 0.028125
0 0.60546875 0.52421875 0.0390625 0.0640625
0 0.50078125 0.55703125 0.04375 0.0609375
0 0.46484375 0.5390625 0.0375 0.059375
0 0.41328125 0.56171875 0.0625 0.053125
0 0.5171875 0.6875 0.053125 0.05