0 0.615625 0.2375 0.0203125 0.071875
1 0.59375 0.18984375 0.025 0.0453125
0 0.5859375 0.271875 0.0359375 0.0625
0 0.621875 0.36171875 0.0484375 0.0421875
0 0.609375 0.4859375 0.025 0.065625
1 0.6234375 0.575 0.025 0.053125
1 0.65859375 0.7375 0.01875 0.04375
0 0.63984375 0.72734375 0.021875 0.071875
0 0.60703125 0.71640625 0.05 0.034375
0 0.5984375 0.74609375 0.05 0.025
0 0.64453125 0.66953125 0.0390625 0.04375
1 0.590625 0.3296875 0.025 0.025
0 0.590625 0.42734375 0.028125 0.078125
0 0.6 0.525 0.025 0.06875
0 0.521875 0.228125 0.0484375 0.025
0 0.496875 0.29453125 0.0453125 0.0390625
0 0.46171875 0.24609375 0.0484375 0.0390625
0 0.4265625 0.2734375 0.0265625 0.065625
0 0.38046875 0.209375 0.0375 0.053125
0 0.36171875 0.25703125 0.04375 0.03125
0 0.32890625 0.13671875 0.0234375 0.0609375
0 0.3296875 0.2109375 0.0453125 0.0359375
0 0.26953125 0.30234375 0.04375 0.0484375
0 0.48359375 0.134375 0.0390625 0.05
0 0.46171875 0.1484375 0.0296875 0.053125
0 0.43046875 0.34609375 0.021875 0.0609375
1 0.40859375 0.265625 0.021875 0.03125
1 0.0875 0.534375 0.025 0.09375
0 0.15703125 0.35703125 0.01875 0.065625
0 0.21015625 0.40546875 0.034375 0.053125
0 0.18671875 0.43359375 0.05 0.03125
1 0.51796875 0.4171875 0.028125 0.0375
0 0.56640625 0.46640625 0.0234375 0.065625
0 0.54140625 0.45078125 0.034375 0.059375
0 0.51015625 0.47734375 0.025 0.0625
0 0.475 0.45078125 0.0390625 0.0421875
0 0.45859375 0.425 0.046875 0.04375
1 0.49453125 0.5296875 0.040625 0.0328125
1 0.44296875 0.52265625 0.046875 0.0796875
0 0.37890625 0.45 0.025 0.0640625
1 0.3578125 0.4328125 0.0140625 0.053125
1 0.3453125 0.409375 0.025 0.046875
1 0.32109375 0.41875 0.028125 0.03125
1 0.33359375 0.58125 0.021875 0.04375
0 0.3515625 0.515625 0.0453125 0.0421875
0 0.3484375 0.4703125 0.046875 0.021875
1 0.18828125 0.465625 0.0234375 0.0375
1 0.20546875 0.4921875 0.0234375 0.028125
1 0.26640625 0.46796875 0.05 0.06875
1 0.27734375 0.45 0.028125 0.0359375
1 0.3109375 0.46171875 0.0359375 0.028125
0 0.29296875 0.43125 0.053125 0.040625
1 0.30859375 0.36171875 0.0265625 0.028125
0 0.28828125 0.371875 0.01875 0.065625
1 0.27265625 0.353125 0.015625 0.0546875
1 0.25625 0.35703125 0.025 0.065625
0 0.57890625 0.52109375 0.01875 0.059375
0 0.5890625 0.60234375 0.01875 0.0609375
1 0.58125 0.56796875 0.01875 0.03125
1 0.490625 0.603125 0.0203125 0.0359375
0 0.4890625 0.65234375 0.04375 0.040625
1 0.53515625 0.67890625 0.05625 0.025
1 0.5546875 0.7375 0.0265625 0.0328125
1 0.53515625 0.725 0.03125 0.0328125
1 0.5359375 0.76796875 0.040625 0.04375
1 0.51015625 0.78046875 0.01875 0.034375
0 0.51484375 0.825 0.0375 0.0515625
0 0.48828125 0.76484375 0.0296875 0.0625
1 0.471875 0.51953125 0.0171875 0.025
0 0.41796875 0.71484375 0.040625 0.046875
0 0.4015625 0.64296875 0.040625 0.04375
0 0.36953125 0.6421875 0.03125 0.0609375
0 0.3796875 0.675 0.05 0.028125
0 0.37890625 0.70625 0.028125 0.03125
1 0.3875 0.73671875 0.025 0.0453125
1 0.36953125 0.73671875 0.03125 0.046875
0 0.17578125 0.69609375 0.025 0.065625
1 0.30234375 0.5859375 0.025 0.040625
1 0.3 0.7421875 0.01875 0.0375
1 0.2890625 0.69765625 0.0234375 0.0453125
0 0.26640625 0.6875 0.01875 0.0625
0 0.30546875 0.675 0.0453125 0.04375