1 0.146875 0.4265625 0.04296875 0.07421875
1 0.40625 0.56796875 0.0640625 0.05
1 0.85390625 0.3734375 0.0578125 0.05625
1 0.88203125 0.4734375 0.03828125 0.0484375
1 0.74921875 0.459375 0.0546875 0.0796875
1 0.61015625 0.53203125 0.04765625 0.071875
1 0.596875 0.25234375 0.05 0.078125
1 0.45625 0.36875 0.0328125 0.07734375
1 0.41953125 0.7328125 0.0515625 0.06015625
0 0.2734375 0.27109375 0.0828125 0.0515625
0 0.1890625 0.309375 0.08046875 0.0484375
0 0.70078125 0.60703125 0.05078125 0.1015625
0 0.59921875 0.68203125 0.06328125 0.0640625
0 0.26796875 0.5984375 0.08046875 0.046875
1 0.3609375 0.3203125 0.06875 0.07421875
1 0.45234375 0.2203125 0.046875 0.06484375
1 0.5515625 0.40546875 0.03984375 0.0765625
1 0.5 0.446875 0.03125 0.0578125
1 0.74765625 0.321875 0.04140625 0.10390625
1 0.82109375 0.55390625 0.040625 0.09921875
1 0.52578125 0.60390625 0.06796875 0.05078125
1 0.6640625 0.76484375 0.0640625 0.0609375
1 0.2953125 0.42578125 0.0515625 0.06953125
1 0.21875 0.62578125 0.04296875 0.05078125
1 0.6640625 0.3984375 0.04296875 0.06171875
0 0.79140625 0.67890625 0.078125 0.05859375
0 0.33984375 0.69453125 0.06484375 0.06875