0 0.2671875 0.63046875 0.0375 0.04375
0 0.32109375 0.4828125 0.046875 0.0421875
0 0.41875 0.4875 0.021875 0.0546875
0 0.553125 0.48359375 0.0515625 0.025
0 0.6375 0.44140625 0.03125 0.04375
0 0.36953125 0.3828125 0.04375 0.034375
0 0.5 0.71015625 0.046875 0.0171875
0 0.48984375 0.58046875 0.0453125 0.03125
1 0.41484375 0.72890625 0.0421875 0.0296875
0 0.6078125 0.70078125 0.040625 0.0359375
0 0.62890625 0.58046875 0.0453125 0.034375
0 0.50390625 0.39296875 0.0171875 0.053125
0 0.378125 0.5703125 0.015625 0.046875
0 0.61875 0.3703125 0.034375 0.046875