0 0.19609375 0.6859375 0.09375 0.040625
0 0.18984375 0.60546875 0.096875 0.028125
1 0.16953125 0.65703125 0.0234375 0.0421875
0 0.25625 0.54765625 0.103125 0.021875
0 0.27265625 0.2703125 0.071875 0.0578125
0 0.3109375 0.275 0.0625 0.0546875
1 0.55859375 0.346875 0.034375 0.0296875
1 0.51640625 0.3796875 0.03125 0.0421875
1 0.60703125 0.3875 0.0953125 0.01875
1 0.45390625 0.434375 0.059375 0.0359375
0 0.6640625 0.36875 0.096875 0.0171875
1 0.7609375 0.3125 0.0609375 0.015625
1 0.78828125 0.3390625 0.0375 0.0359375
1 0.80234375 0.36796875 0.0390625 0.01875
0 0.603125 0.2703125 0.0875 0.0328125
0 0.77890625 0.4515625 0.0796875 0.0453125
0 0.74453125 0.45234375 0.08125 0.04375
0 0.71875 0.4140625 0.053125 0.059375
0 0.75703125 0.43203125 0.096875 0.0375
0 0.678125 0.40625 0.046875 0.0671875
0 0.603125 0.428125 0.040625 0.05625
0 0.55390625 0.4375 0.071875 0.046875
1 0.54140625 0.46328125 0.084375 0.03125
1 0.40234375 0.45 0.0484375 0.059375
1 0.53203125 0.51640625 0.0296875 0.06875
1 0.5515625 0.5109375 0.025 0.04375
1 0.5703125 0.5328125 0.03125 0.05625
1 0.24609375 0.7234375 0.084375 0.01875
0 0.43046875 0.3765625 0.0703125 0.040625
0 0.44375 0.37109375 0.0734375 0.0375
0 0.1890625 0.46171875 0.065625 0.0484375
0 0.27890625 0.4234375 0.05 0.059375
1 0.22734375 0.43125 0.053125 0.059375
1 0.3484375 0.44140625 0.084375 0.0234375
1 0.21171875 0.50234375 0.08125 0.01875
0 0.7078125 0.52421875 0.0875 0.03125
0 0.7453125 0.5484375 0.04375 0.071875
1 0.74296875 0.59765625 0.0421875 0.053125
0 0.66640625 0.59453125 0.084375 0.01875
1 0.68125 0.5796875 0.084375 0.015625
0 0.72109375 0.62734375 0.075 0.05625
0 0.90234375 0.56640625 0.06875 0.05
0 0.59140625 0.546875 0.034375 0.05
0 0.60078125 0.59375 0.0625 0.0671875
0 0.40390625 0.696875 0.040625 0.071875
0 0.33671875 0.66875 0.09375 0.0421875
0 0.56953125 0.69296875 0.05 0.065625
1 0.45390625 0.7296875 0.0484375 0.0390625
1 0.4453125 0.70625 0.05625 0.028125
0 0.46484375 0.68125 0.1 0.0359375
0 0.41796875 0.53046875 0.03125 0.06875
1 0.53515625 0.63984375 0.0515625 0.0328125
1 0.3703125 0.59296875 0.046875 0.0375
1 0.3859375 0.58125 0.034375 0.03125
1 0.33359375 0.63046875 0.034375 0.025