1 0.6734375 0.83046875 0.0765625 0.0546875
1 0.66796875 0.56171875 0.025 0.103125
1 0.66328125 0.36484375 0.06875 0.021875
1 0.5421875 0.21640625 0.05 0.09375
1 0.43046875 0.13828125 0.046875 0.103125
1 0.4515625 0.3265625 0.021875 0.090625
1 0.409375 0.66953125 0.03125 0.1078125
1 0.2953125 0.2578125 0.05625 0.1
1 0.30078125 0.66796875 0.0609375 0.046875
1 0.30234375 0.82578125 0.053125 0.053125
1 0.30859375 0.7765625 0.04375 0.0671875
1 0.34375 0.8875 0.075 0.028125
0 0.61328125 0.3578125 0.0234375 0.115625
0 0.26796875 0.74140625 0.0765625 0.053125
0 0.4125 0.23359375 0.071875 0.0328125
1 0.6171875 0.69453125 0.05625 0.040625
0 0.55546875 0.80546875 0.0265625 0.109375
1 0.53203125 0.6390625 0.0375 0.071875
1 0.58125 0.58359375 0.053125 0.053125
1 0.50859375 0.2421875 0.025 0.0859375
0 0.36328125 0.86171875 0.06875 0.0359375
1 0.33828125 0.27421875 0.06875 0.034375
1 0.6484375 0.5625 0.025 0.06875
1 0.46171875 0.89921875 0.040625 0.0453125
0 0.45390625 0.79453125 0.0265625 0.1
1 0.5796875 0.50703125 0.0453125 0.06875
0 0.40390625 0.58828125 0.0234375 0.128125
0 0.2984375 0.46171875 0.0453125 0.11875
0 0.40546875 0.403125 0.0625 0.0828125
1 0.40625 0.35859375 0.034375 0.053125
1 0.5375 0.35390625 0.03125 0.08125
1 0.48671875 0.66796875 0.040625 0.0734375
1 0.378125 0.91640625 0.04375 0.0296875
1 0.3328125 0.47109375 0.05625 0.046875
1 0.3515625 0.50234375 0.071875 0.0265625
1 0.5203125 0.5484375 0.0625 0.025
1 0.453125 0.60703125 0.065625 0.0453125
1 0.43671875 0.5015625 0.0546875 0.05625
1 0.42890625 0.78125 0.028125 0.078125
0 0.6328125 0.45546875 0.06875 0.034375
0 0.47890625 0.44453125 0.04375 0.08125