0 0.3609375 0.375 0.046875 0.078125
0 0.4765625 0.7234375 0.075 0.0375
0 0.41484375 0.765625 0.065625 0.0453125
0 0.478125 0.5546875 0.0671875 0.05
1 0.49921875 0.4171875 0.0390625 0.05
1 0.37265625 0.2375 0.053125 0.0328125
1 0.63671875 0.325 0.028125 0.059375
1 0.75859375 0.35703125 0.0296875 0.04375
1 0.696875 0.2671875 0.028125 0.04375
1 0.7 0.6578125 0.0265625 0.040625
1 0.25234375 0.6734375 0.0546875 0.05625
1 0.271875 0.46875 0.0359375 0.04375
0 0.35546875 0.575 0.065625 0.059375
1 0.46640625 0.3765625 0.03125 0.04375
1 0.55390625 0.20859375 0.0375 0.05
1 0.525 0.82421875 0.0421875 0.04375
1 0.69453125 0.56796875 0.025 0.0515625
1 0.78125 0.478125 0.025 0.046875
0 0.59296875 0.4640625 0.025 0.06875
0 0.56875 0.6765625 0.040625 0.065625
0 0.6328125 0.62421875 0.0734375 0.034375
0 0.76875 0.56484375 0.0390625 0.075
0 0.50234375 0.228125 0.059375 0.028125