0 0.27578125 0.4125 0.05625 0.040625
1 0.27109375 0.546875 0.028125 0.046875
0 0.35546875 0.57890625 0.028125 0.0609375
0 0.39296875 0.54609375 0.040625 0.059375
1 0.36875 0.42265625 0.0359375 0.059375
0 0.39609375 0.409375 0.021875 0.06875
0 0.4171875 0.29140625 0.025 0.06875
0 0.44375 0.40625 0.028125 0.0671875
0 0.41875 0.71328125 0.040625 0.053125
0 0.4234375 0.671875 0.04375 0.05
1 0.43828125 0.64921875 0.0234375 0.046875
1 0.44140625 0.60390625 0.03125 0.04375
0 0.46875 0.76640625 0.03125 0.065625
1 0.45625 0.709375 0.0296875 0.034375
1 0.5078125 0.74296875 0.03125 0.046875
1 0.5125 0.67734375 0.021875 0.03125
1 0.584375 0.8265625 0.021875 0.0484375
1 0.48515625 0.52890625 0.025 0.040625
1 0.51015625 0.55625 0.0328125 0.0359375
0 0.5421875 0.58828125 0.034375 0.059375
1 0.5640625 0.6375 0.03125 0.025
0 0.6046875 0.65546875 0.046875 0.05625
1 0.51484375 0.48515625 0.0375 0.034375
0 0.47734375 0.4171875 0.0359375 0.053125
1 0.48046875 0.38515625 0.028125 0.04375
0 0.46796875 0.31484375 0.04375 0.0578125
1 0.4671875 0.24921875 0.0359375 0.03125
0 0.575 0.58125 0.025 0.071875
0 0.59140625 0.528125 0.0546875 0.028125
1 0.609375 0.49453125 0.03125 0.040625
1 0.63984375 0.4953125 0.025 0.034375
0 0.69765625 0.56953125 0.0375 0.06875
0 0.5484375 0.37734375 0.053125 0.03125
1 0.5578125 0.2921875 0.028125 0.0296875
0 0.540625 0.2484375 0.046875 0.040625
0 0.62734375 0.27578125 0.05 0.034375
0 0.63203125 0.36171875 0.0265625 0.0734375
1 0.72578125 0.48828125 0.025 0.05625
0 0.69609375 0.4078125 0.028125 0.071875
1 0.66796875 0.36484375 0.040625 0.028125
1 0.6828125 0.33046875 0.028125 0.028125