1 0.3640625 0.72421875 0.0375 0.065625
1 0.3609375 0.5796875 0.0328125 0.0625
1 0.35078125 0.40390625 0.034375 0.05625
1 0.440625 0.33359375 0.0421875 0.03125
1 0.471875 0.43984375 0.05 0.046875
1 0.54609375 0.53515625 0.025 0.059375
1 0.4640625 0.5703125 0.0265625 0.05625
1 0.4265625 0.68359375 0.034375 0.04375
1 0.575 0.43125 0.0375 0.05
1 0.59921875 0.33671875 0.0390625 0.03125
1 0.53203125 0.28046875 0.046875 0.05
1 0.67890625 0.38203125 0.025 0.05625
1 0.72265625 0.596875 0.04375 0.0375
1 0.78359375 0.5 0.0421875 0.05
1 0.73125 0.73203125 0.025 0.04375
1 0.64453125 0.67265625 0.0375 0.0359375
1 0.61015625 0.75859375 0.04375 0.053125
1 0.52734375 0.68203125 0.040625 0.05625
1 0.62109375 0.51875 0.059375 0.04375
1 0.81640625 0.61171875 0.046875 0.040625
0 0.5078125 0.83125 0.065625 0.034375
0 0.74609375 0.3234375 0.0625 0.040625