0 0.59765625 0.60546875 0.06875 0.0671875
0 0.40625 0.68046875 0.184375 0.05
0 0.11953125 0.6015625 0.059375 0.0734375
1 0.14765625 0.4890625 0.05 0.059375
0 0.36171875 0.54453125 0.178125 0.046875
0 0.74375 0.61171875 0.1609375 0.025
0 0.8671875 0.3765625 0.09375 0.0671875
0 0.56796875 0.39140625 0.140625 0.04375
0 0.234375 0.3859375 0.1390625 0.0265625
1 0.709375 0.33203125 0.1453125 0.021875
1 0.478125 0.46171875 0.125 0.028125
0 0.3515625 0.33671875 0.125 0.071875
0 0.74140625 0.48671875 0.121875 0.05625
0 0.88359375 0.54140625 0.11875 0.046875
1 0.525 0.3015625 0.121875 0.053125