0 0.05546875 0.5546875 0.0609375 0.05
0 0.20625 0.61953125 0.071875 0.028125
0 0.18515625 0.371875 0.075 0.034375
0 0.15703125 0.43359375 0.034375 0.0625
0 0.23671875 0.82578125 0.0546875 0.0578125
1 0.2046875 0.4234375 0.0421875 0.021875
1 0.271875 0.2609375 0.03125 0.03125
0 0.3171875 0.21796875 0.0265625 0.053125
1 0.26328125 0.09921875 0.03125 0.028125
1 0.3765625 0.325 0.034375 0.0203125
1 0.35625 0.4671875 0.0328125 0.021875
0 0.30546875 0.47109375 0.059375 0.053125
0 0.3859375 0.53203125 0.0640625 0.046875
0 0.47265625 0.2640625 0.053125 0.05625
0 0.48671875 0.33984375 0.075 0.0328125
0 0.5328125 0.396875 0.075 0.025
1 0.55078125 0.35390625 0.0484375 0.0234375
0 0.609375 0.5109375 0.028125 0.065625
0 0.1421875 0.74375 0.078125 0.025
0 0.1359375 0.8625 0.053125 0.05
0 0.071875 0.75546875 0.0453125 0.04375
1 0.33125 0.74140625 0.0375 0.0296875
0 0.29609375 0.70234375 0.0734375 0.046875
0 0.35859375 0.6359375 0.075 0.0375
0 0.5875 0.58046875 0.040625 0.0546875
1 0.61875 0.61953125 0.028125 0.0296875
0 0.74296875 0.628125 0.059375 0.04375
0 0.79921875 0.70625 0.08125 0.0296875
0 0.52109375 0.81171875 0.046875 0.0625
1 0.4765625 0.87578125 0.0375 0.05625
0 0.80234375 0.87578125 0.053125 0.05625
0 0.884375 0.46171875 0.034375 0.046875
1 0.74765625 0.82578125 0.040625 0.025
1 0.675 0.77578125 0.034375 0.025
1 0.6296875 0.77109375 0.0390625 0.03125
1 0.58359375 0.71640625 0.03125 0.028125
1 0.5296875 0.7203125 0.0328125 0.0296875
0 0.60078125 0.74296875 0.075 0.021875
0 0.53828125 0.65625 0.071875 0.034375
1 0.5625 0.62734375 0.046875 0.0328125
0 0.871875 0.69609375 0.071875 0.0390625
0 0.78671875 0.6625 0.034375 0.0625
1 0.759375 0.5765625 0.034375 0.028125
0 0.79140625 0.5796875 0.0484375 0.053125
1 0.83359375 0.5515625 0.0265625 0.025
1 0.9578125 0.45546875 0.034375 0.01875
0 0.75859375 0.40703125 0.040625 0.05
0 0.72421875 0.3390625 0.034375 0.0578125