0 0.521875 0.346875 0.0625 0.0609375
0 0.3734375 0.70546875 0.059375 0.0703125
0 0.5109375 0.1765625 0.0625 0.065625
0 0.72109375 0.19375 0.065625 0.0625
0 0.3828125 0.26875 0.05 0.0734375
1 0.52109375 0.421875 0.05 0.06875
0 0.43828125 0.42265625 0.0765625 0.065625
0 0.2359375 0.284375 0.0625 0.0765625
0 0.5828125 0.73984375 0.090625 0.0625
0 0.45234375 0.56015625 0.0625 0.08125
0 0.565625 0.165625 0.071875 0.0625
0 0.646875 0.3609375 0.09375 0.0453125
0 0.4625 0.50546875 0.065625 0.08125
0 0.23125 0.328125 0.06875 0.075
0 0.53828125 0.28359375 0.1 0.053125
0 0.5546875 0.5140625 0.0375 0.090625
0 0.259375 0.56484375 0.0921875 0.0515625
0 0.7171875 0.54453125 0.0453125 0.084375
0 0.7484375 0.54296875 0.040625 0.08125
0 0.16953125 0.359375 0.046875 0.084375
0 0.4375 0.63828125 0.03125 0.084375
0 0.32890625 0.3484375 0.09375 0.0375
0 0.65703125 0.41796875 0.0296875 0.0859375
0 0.5796875 0.46171875 0.028125 0.0828125
0 0.609375 0.225 0.096875 0.0375
0 0.340625 0.42109375 0.084375 0.04375
0 0.60390625 0.53046875 0.03125 0.0859375
1 0.496875 0.5390625 0.0375 0.053125
0 0.26875 0.646875 0.096875 0.040625
1 0.79140625 0.38515625 0.046875 0.04375
0 0.4625 0.62890625 0.0296875 0.08125
1 0.0921875 0.44375 0.034375 0.05
0 0.74453125 0.421875 0.021875 0.0875
1 0.68828125 0.3 0.03125 0.053125
0 0.52578125 0.1359375 0.0765625 0.0484375
0 0.4578125 0.31796875 0.09375 0.0359375
1 0.1703125 0.4453125 0.05625 0.04375
0 0.4234375 0.34921875 0.115625 0.0328125
1 0.3875 0.56484375 0.053125 0.0421875
0 0.5515625 0.634375 0.1125 0.034375
1 0.6859375 0.625 0.0921875 0.034375
0 0.23515625 0.6796875 0.0765625 0.0625
0 0.16015625 0.54765625 0.1140625 0.046875
0 0.5984375 0.5984375 0.103125 0.040625
0 0.715625 0.38828125 0.0375 0.0765625
0 0.62421875 0.28125 0.1140625 0.0265625
1 0.78515625 0.68203125 0.0328125 0.0796875
0 0.709375 0.43203125 0.053125 0.08125
0 0.39609375 0.37265625 0.115625 0.0265625
0 0.46171875 0.24296875 0.1125 0.0296875
0 0.15234375 0.4828125 0.1015625 0.0375
0 0.71640625 0.59296875 0.103125 0.0375
0 0.69296875 0.43671875 0.05 0.0671875
0 0.746875 0.47890625 0.1125 0.021875
1 0.27578125 0.45390625 0.0765625 0.0296875
1 0.45859375 0.2765625 0.0359375 0.0390625
1 0.68125 0.19609375 0.034375 0.040625
1 0.33125 0.6765625 0.08125 0.021875
0 0.25078125 0.4234375 0.1078125 0.03125
0 0.31171875 0.23671875 0.1 0.046875
0 0.378125 0.39609375 0.1 0.0234375