1 0.21328125 0.84921875 0.028125 0.034375
1 0.2828125 0.7578125 0.021875 0.03125
1 0.32421875 0.89296875 0.01875 0.025
1 0.35 0.834375 0.0171875 0.04375
1 0.3515625 0.90625 0.01875 0.0375
1 0.3234375 0.44453125 0.01875 0.04375
1 0.28671875 0.3921875 0.0171875 0.0359375
1 0.2515625 0.54375 0.025 0.03125
1 0.77578125 0.84453125 0.015625 0.034375
1 0.36328125 0.2765625 0.025 0.0375
1 0.40625 0.2734375 0.021875 0.034375
1 0.49140625 0.39296875 0.028125 0.0390625
1 0.65 0.475 0.015625 0.0375
0 0.540625 0.62890625 0.028125 0.05
1 0.38828125 0.934375 0.021875 0.0421875
1 0.3953125 0.77265625 0.028125 0.0671875
0 0.5296875 0.465625 0.03125 0.053125
1 0.47265625 0.834375 0.01875 0.0359375
1 0.42265625 0.5921875 0.0171875 0.0328125
0 0.5671875 0.84609375 0.03125 0.0265625
1 0.6109375 0.98671875 0.0125 0.0265625