1 0.66171875 0.63515625 0.0734375 0.04375
1 0.63046875 0.68828125 0.053125 0.0515625
1 0.5125 0.6734375 0.05625 0.059375
1 0.4421875 0.6796875 0.05 0.06875
1 0.39375 0.28125 0.065625 0.071875
1 0.50390625 0.50859375 0.0546875 0.05625
1 0.38359375 0.465625 0.05625 0.05625
1 0.35234375 0.42734375 0.040625 0.078125
1 0.28515625 0.5125 0.065625 0.05
1 0.30625 0.69453125 0.0390625 0.084375
1 0.4921875 0.584375 0.065625 0.0578125
1 0.56015625 0.36015625 0.0625 0.059375
1 0.45859375 0.28984375 0.040625 0.0703125
1 0.4046875 0.80625 0.0578125 0.0578125
1 0.53046875 0.78828125 0.071875 0.0734375
1 0.6 0.58203125 0.053125 0.0609375
1 0.3921875 0.64765625 0.04375 0.05625
1 0.32578125 0.59296875 0.05625 0.078125
1 0.46015625 0.565625 0.053125 0.0859375
0 0.428125 0.3609375 0.103125 0.059375
0 0.553125 0.434375 0.096875 0.0453125
0 0.58984375 0.52109375 0.071875 0.1
0 0.58515625 0.73359375 0.0359375 0.109375
0 0.5421875 0.65078125 0.090625 0.0921875
0 0.48359375 0.725 0.10625 0.05
0 0.4078125 0.578125 0.071875 0.084375