1 0.240625 0.13828125 0.1515625 0.12421875
1 0.45 0.0984375 0.16328125 0.13046875
1 0.65234375 0.1359375 0.18046875 0.1015625
1 0.81640625 0.1 0.10859375 0.13515625
1 0.14296875 0.359375 0.140625 0.15625
1 0.1140625 0.5453125 0.11875 0.1390625
1 0.36484375 0.4359375 0.15859375 0.07421875
1 0.25234375 0.64296875 0.14296875 0.15
1 0.3265625 0.80703125 0.10859375 0.096875
1 0.40859375 0.6390625 0.115625 0.11796875
1 0.5 0.47734375 0.115625 0.08515625
1 0.6171875 0.609375 0.14921875 0.07421875
1 0.50703125 0.7828125 0.1484375 0.134375
1 0.60546875 0.9 0.1640625 0.10625
1 0.7625 0.64296875 0.15 0.1234375
1 0.9171875 0.75859375 0.0515625 0.13984375
1 0.9359375 0.5109375 0.1234375 0.15859375
1 0.68671875 0.48671875 0.1296875 0.1109375
1 0.659375 0.33984375 0.1125 0.1203125
1 0.76328125 0.33203125 0.0875 0.19375
1 0.90078125 0.290625 0.15234375 0.128125
1 0.77890625 0.80546875 0.103125 0.17421875
1 0.45859375 0.26640625 0.16875 0.08125