0 0.1890625 0.46484375 0.05390625 0.05
0 0.28671875 0.43984375 0.06953125 0.040625
0 0.45859375 0.42265625 0.08046875 0.0375
1 0.33359375 0.50390625 0.0578125 0.03828125
1 0.1484375 0.5734375 0.05390625 0.03828125
1 0.14921875 0.62578125 0.08046875 0.0453125
1 0.45078125 0.475 0.05 0.04296875
0 0.44140625 0.5375 0.075 0.02734375
0 0.32578125 0.5734375 0.08515625 0.0234375
1 0.64296875 0.53515625 0.0578125 0.03046875
1 0.74765625 0.58203125 0.05 0.03203125
0 0.39765625 0.60625 0.0359375 0.053125
1 0.43046875 0.61484375 0.03046875 0.0609375
1 0.58046875 0.59375 0.03203125 0.046875
1 0.53125 0.61640625 0.04765625 0.0375
1 0.225 0.67890625 0.05078125 0.04609375
0 0.159375 0.74921875 0.04609375 0.05234375
1 0.34453125 0.82578125 0.03984375 0.0375
0 0.4171875 0.7390625 0.04140625 0.05078125
0 0.5578125 0.70390625 0.03984375 0.06015625
1 0.5234375 0.7640625 0.0484375 0.034375
0 0.49765625 0.8140625 0.07421875 0.02890625
0 0.6125 0.809375 0.040625 0.0546875
0 0.7171875 0.665625 0.034375 0.0609375
0 0.7875 0.63828125 0.04453125 0.05625
1 0.77421875 0.74453125 0.0296875 0.040625