0 0.23515625 0.56328125 0.0734375 0.059375
1 0.51875 0.86875 0.065625 0.075
0 0.38125 0.1140625 0.084375 0.075
0 0.46796875 0.27578125 0.08125 0.053125
1 0.64140625 0.259375 0.05625 0.0765625
1 0.196875 0.7484375 0.06875 0.059375
1 0.24375 0.8703125 0.090625 0.05
0 0.15546875 0.6640625 0.1 0.04375
0 0.559375 0.08828125 0.1 0.0328125
1 0.3828125 0.253125 0.08125 0.0515625
0 0.36171875 0.878125 0.090625 0.04375
0 0.53046875 0.28203125 0.0390625 0.0859375
1 0.3328125 0.3640625 0.0890625 0.05
0 0.48203125 0.56875 0.096875 0.0375
0 0.60625 0.765625 0.096875 0.0578125
0 0.38828125 0.66875 0.0390625 0.08125
0 0.5140625 0.6703125 0.04375 0.084375
0 0.75859375 0.64140625 0.046875 0.0875
0 0.49296875 0.4015625 0.078125 0.053125
1 0.1734375 0.17734375 0.075 0.059375
1 0.5328125 0.78125 0.059375 0.0765625
1 0.74765625 0.50390625 0.053125 0.065625
1 0.56796875 0.48671875 0.0671875 0.0375
1 0.3875 0.48828125 0.0328125 0.06875
1 0.64609375 0.85234375 0.06875 0.059375
0 0.8109375 0.8578125 0.0421875 0.078125
0 0.89296875 0.67734375 0.0671875 0.078125
1 0.27734375 0.72734375 0.06875 0.0515625
0 0.26640625 0.4828125 0.0875 0.05625
1 0.6328125 0.4609375 0.034375 0.06875
1 0.3328125 0.75859375 0.05 0.0703125
0 0.6671875 0.6671875 0.034375 0.084375
1 0.41640625 0.91796875 0.0359375 0.084375
1 0.70625 0.3609375 0.040625 0.065625