1 0.225 0.23671875 0.021875 0.0625
1 0.275 0.0859375 0.021875 0.046875
1 0.31328125 0.1328125 0.0296875 0.040625
1 0.28046875 0.321875 0.021875 0.04375
1 0.29609375 0.33359375 0.021875 0.05625
1 0.20625 0.65625 0.0265625 0.0375
1 0.31015625 0.7171875 0.03125 0.0375
1 0.44609375 0.13828125 0.01875 0.0515625
1 0.46328125 0.0859375 0.025 0.0375
1 0.3578125 0.39453125 0.0265625 0.0453125
1 0.3796875 0.44140625 0.01875 0.05
1 0.684375 0.1140625 0.021875 0.0453125
1 0.546875 0.3109375 0.0171875 0.046875
1 0.5703125 0.32890625 0.01875 0.0390625
1 0.440625 0.509375 0.01875 0.040625
1 0.45859375 0.49765625 0.0171875 0.040625
1 0.621875 0.5125 0.025 0.0375
1 0.52890625 0.546875 0.01875 0.0609375
1 0.440625 0.746875 0.021875 0.0453125
1 0.428125 0.86875 0.0203125 0.034375
1 0.509375 0.82109375 0.021875 0.0515625
0 0.3265625 0.20703125 0.021875 0.075
0 0.4828125 0.38515625 0.0375 0.0578125
0 0.38203125 0.56875 0.028125 0.075
0 0.41953125 0.7296875 0.01875 0.078125