1 0.384375 0.375 0.03359375 0.0765625
1 0.415625 0.528125 0.0359375 0.05859375
0 0.553125 0.33046875 0.03671875 0.0640625
0 0.57109375 0.45859375 0.05 0.06328125
0 0.49375 0.56171875 0.025 0.0703125
0 0.58125 0.5578125 0.040625 0.05703125
0 0.59765625 0.65546875 0.05859375 0.05390625
0 0.32265625 0.5125 0.0609375 0.05703125
0 0.34296875 0.58984375 0.07421875 0.03671875
0 0.67109375 0.47109375 0.03984375 0.06171875
0 0.62578125 0.66328125 0.046875 0.0609375
0 0.43828125 0.67265625 0.03046875 0.0703125