1 0.60703125 0.15078125 0.05625 0.028125
1 0.27421875 0.15390625 0.0390625 0.046875
0 0.80546875 0.19140625 0.0625 0.021875
0 0.37578125 0.18828125 0.0546875 0.0328125
0 0.390625 0.221875 0.0421875 0.04375
0 0.33125 0.23671875 0.034375 0.05
0 0.8375 0.21484375 0.0625 0.025
0 0.81640625 0.2359375 0.05625 0.034375
1 0.5265625 0.21484375 0.034375 0.0421875
0 0.85546875 0.38828125 0.034375 0.05
0 0.82421875 0.38515625 0.040625 0.05
0 0.77265625 0.40703125 0.046875 0.040625
1 0.94921875 0.46796875 0.021875 0.046875
1 0.95390625 0.40625 0.025 0.05
1 0.75 0.52734375 0.03125 0.03125
0 0.72421875 0.51953125 0.05625 0.034375
0 0.72890625 0.5609375 0.05625 0.028125
0 0.68984375 0.5609375 0.034375 0.0390625
0 0.77109375 0.65546875 0.0375 0.04375
0 0.75546875 0.63515625 0.034375 0.040625
0 0.7296875 0.63359375 0.034375 0.046875
0 0.3109375 0.653125 0.034375 0.040625
1 0.290625 0.6328125 0.05 0.0328125
1 0.225 0.6421875 0.034375 0.034375
1 0.61875 0.6265625 0.0453125 0.0296875
0 0.5859375 0.6703125 0.028125 0.04375
0 0.54921875 0.665625 0.03125 0.0421875
0 0.509375 0.6765625 0.059375 0.0234375
0 0.53671875 0.62890625 0.053125 0.03125
0 0.4796875 0.63125 0.05 0.03125
1 0.48515625 0.61484375 0.046875 0.028125
0 0.4875 0.5734375 0.059375 0.021875
0 0.53125 0.52421875 0.0296875 0.046875
1 0.5 0.5390625 0.05 0.0203125
0 0.7 0.253125 0.034375 0.05
0 0.68984375 0.30546875 0.034375 0.05
0 0.30546875 0.5484375 0.0546875 0.0296875
0 0.4453125 0.534375 0.03125 0.034375
0 0.30390625 0.45703125 0.0625 0.025
0 0.3109375 0.4796875 0.0546875 0.034375
0 0.27109375 0.5046875 0.0625 0.01875
0 0.34375 0.515625 0.0578125 0.01875
1 0.2390625 0.51796875 0.0484375 0.0265625
1 0.515625 0.48671875 0.0625 0.021875
0 0.62265625 0.43203125 0.028125 0.04375
0 0.5875 0.40703125 0.0265625 0.053125
0 0.46484375 0.23671875 0.0421875 0.0390625
1 0.20234375 0.25078125 0.0375 0.04375
0 0.6015625 0.3390625 0.0375 0.0484375
0 0.446875 0.4171875 0.046875 0.0375
1 0.43515625 0.39140625 0.03125 0.0328125
1 0.39453125 0.38671875 0.0390625 0.0359375
0 0.36484375 0.3953125 0.028125 0.0484375
0 0.3109375 0.36796875 0.04375 0.04375
1 0.6390625 0.34453125 0.025 0.0359375
0 0.58984375 0.29765625 0.0390625 0.0421875
0 0.3859375 0.26796875 0.0609375 0.03125
1 0.38125 0.30234375 0.0390625 0.034375
0 0.54375 0.253125 0.0625 0.021875
1 0.46484375 0.33984375 0.028125 0.046875
0 0.23046875 0.2578125 0.040625 0.04375
1 0.1765625 0.34921875 0.0875 0.0375
0 0.184375 0.38203125 0.053125 0.0375
1 0.159375 0.55546875 0.0375 0.025
1 0.54921875 0.41796875 0.034375 0.0359375
0 0.64296875 0.38046875 0.04375 0.040625