0 0.153125 0.71015625 0.05 0.0609375
0 0.17265625 0.69609375 0.0546875 0.06875
0 0.20703125 0.78046875 0.05 0.0421875
0 0.23828125 0.75 0.0671875 0.034375
0 0.24375 0.82265625 0.028125 0.065625
0 0.2671875 0.81875 0.025 0.0671875
0 0.29140625 0.83125 0.025 0.0671875
1 0.31875 0.7953125 0.025 0.05
1 0.28515625 0.7515625 0.0328125 0.0421875
0 0.38125 0.84765625 0.0421875 0.059375
0 0.2859375 0.678125 0.05625 0.046875
0 0.26640625 0.63984375 0.0296875 0.084375
1 0.39140625 0.76875 0.040625 0.0390625
0 0.4390625 0.81953125 0.0375 0.0671875
0 0.5015625 0.84296875 0.053125 0.059375
0 0.48203125 0.821875 0.05625 0.0375
0 0.4765625 0.8 0.0625 0.040625
1 0.55546875 0.7859375 0.0390625 0.040625
0 0.5359375 0.76328125 0.053125 0.05625
0 0.45546875 0.74453125 0.065625 0.03125
1 0.4703125 0.703125 0.05 0.0375
1 0.8953125 0.66953125 0.0421875 0.0359375
1 0.78203125 0.65390625 0.025 0.0375
0 0.77734375 0.578125 0.028125 0.06875
0 0.478125 0.6546875 0.040625 0.0625
0 0.49921875 0.5921875 0.0625 0.0421875
0 0.4171875 0.6859375 0.053125 0.04375
0 0.51640625 0.62890625 0.0625 0.0265625
0 0.46796875 0.59765625 0.04375 0.0484375
0 0.653125 0.6328125 0.03125 0.06875
0 0.66171875 0.5640625 0.0359375 0.0703125
0 0.71328125 0.5640625 0.03125 0.065625
1 0.61171875 0.61875 0.03125 0.03125
0 0.59375 0.56953125 0.059375 0.0375
1 0.54375 0.6046875 0.04375 0.046875
0 0.50703125 0.56640625 0.0671875 0.0359375
0 0.75703125 0.40859375 0.0625 0.0359375
0 0.72265625 0.44765625 0.03125 0.0703125
0 0.6359375 0.4796875 0.0265625 0.0703125
1 0.71875 0.35859375 0.040625 0.03125
0 0.53671875 0.31328125 0.0640625 0.046875
1 0.56953125 0.51328125 0.0328125 0.046875
1 0.59609375 0.48515625 0.04375 0.05625
0 0.740625 0.30078125 0.028125 0.071875
0 0.6953125 0.42890625 0.025 0.0703125
0 0.59765625 0.3578125 0.05625 0.025
0 0.5578125 0.45625 0.034375 0.078125
0 0.51484375 0.478125 0.059375 0.05
1 0.50390625 0.4390625 0.046875 0.0296875
1 0.4265625 0.515625 0.034375 0.040625
1 0.39765625 0.63203125 0.03125 0.034375
1 0.35859375 0.59140625 0.0265625 0.0375
0 0.57890625 0.33359375 0.06875 0.034375
1 0.228125 0.5578125 0.034375 0.034375
1 0.1703125 0.5109375 0.040625 0.0390625
0 0.22265625 0.51796875 0.059375 0.046875
1 0.22265625 0.4765625 0.0359375 0.0515625
0 0.2453125 0.36796875 0.065625 0.0453125
0 0.30703125 0.19609375 0.065625 0.0359375
0 0.33046875 0.559375 0.059375 0.0375
0 0.37265625 0.4625 0.065625 0.05
0 0.38515625 0.31328125 0.05625 0.053125
0 0.26328125 0.48046875 0.053125 0.046875
1 0.28125 0.50390625 0.046875 0.046875
1 0.309375 0.528125 0.028125 0.0328125
0 0.35703125 0.509375 0.0375 0.06875
0 0.33046875 0.346875 0.0390625 0.059375
0 0.51796875 0.23359375 0.059375 0.053125
1 0.4484375 0.425 0.034375 0.0375
1 0.5125 0.27578125 0.0328125 0.05625
1 0.49765625 0.34296875 0.03125 0.040625
0 0.5390625 0.36328125 0.0578125 0.046875
1 0.48203125 0.39453125 0.0265625 0.0359375
1 0.45546875 0.3859375 0.0328125 0.0359375
1 0.4390625 0.353125 0.0328125 0.040625
1 0.38046875 0.56171875 0.034375 0.03125
1 0.4515625 0.290625 0.040625 0.06875
1 0.47109375 0.209375 0.0203125 0.0296875