0 0.36796875 0.50703125 0.078125 0.05
0 0.33984375 0.26015625 0.0484375 0.05078125
0 0.10625 0.4171875 0.05625 0.05078125
1 0.09375 0.46875 0.040625 0.028125
1 0.5203125 0.4078125 0.03515625 0.0265625
0 0.8078125 0.2078125 0.06953125 0.0375
0 0.5953125 0.2296875 0.03984375 0.04921875
1 0.5484375 0.221875 0.0421875 0.03125
1 0.50859375 0.79140625 0.03828125 0.0328125
0 0.16171875 0.58125 0.0609375 0.04375
0 0.178125 0.65234375 0.0578125 0.04375
0 0.3109375 0.7125 0.0875 0.02109375
0 0.34453125 0.6875 0.04453125 0.04296875
0 0.4390625 0.6828125 0.0828125 0.02890625
0 0.475 0.6515625 0.07890625 0.0359375
0 0.49296875 0.578125 0.0828125 0.025
0 0.56640625 0.73984375 0.07734375 0.0296875
0 0.81015625 0.675 0.0484375 0.04453125
0 0.90703125 0.68984375 0.07109375 0.03203125
0 0.93125 0.6421875 0.09921875 0.021875
0 0.9578125 0.796875 0.084375 0.01875
0 0.4640625 0.734375 0.07578125 0.02734375
0 0.5875 0.77109375 0.0578125 0.0421875
0 0.478125 0.75078125 0.0625 0.034375
0 0.96171875 0.10078125 0.0765625 0.0296875
0 0.8671875 0.259375 0.084375 0.0296875
0 0.6265625 0.28203125 0.05703125 0.05078125
0 0.953125 0.359375 0.08671875 0.02109375
0 0.3609375 0.33828125 0.0828125 0.0265625
0 0.45078125 0.41875 0.04140625 0.0453125
0 0.4640625 0.453125 0.0609375 0.0390625
0 0.546875 0.46171875 0.0875 0.02890625
0 0.653125 0.44609375 0.046875 0.05703125
0 0.77578125 0.4546875 0.03984375 0.05078125
0 0.94765625 0.83828125 0.05625 0.05234375
0 0.8234375 0.55078125 0.0421875 0.05390625
1 0.7734375 0.5671875 0.03515625 0.03671875
1 0.91484375 0.52421875 0.05703125 0.021875
1 0.853125 0.4734375 0.0375 0.03359375
1 0.9859375 0.42734375 0.02734375 0.040625
1 0.87421875 0.5859375 0.04375 0.0296875
0 0.2390625 0.43671875 0.07265625 0.03125
0 0.61171875 0.31328125 0.08359375 0.02421875
0 0.6890625 0.284375 0.0703125 0.034375