1 0.6703125 0.41328125 0.0359375 0.0390625
1 0.69609375 0.5390625 0.046875 0.0328125
1 0.68359375 0.34296875 0.0359375 0.028125
1 0.88125 0.459375 0.0375 0.034375
1 0.30390625 0.17734375 0.046875 0.0328125
1 0.25234375 0.4640625 0.0484375 0.028125
1 0.51171875 0.5046875 0.025 0.046875
1 0.35859375 0.51328125 0.025 0.03125
1 0.8140625 0.32109375 0.040625 0.0328125
1 0.80390625 0.421875 0.034375 0.0453125
1 0.3921875 0.45625 0.0328125 0.034375
1 0.690625 0.46953125 0.034375 0.03125
1 0.30390625 0.61953125 0.0265625 0.028125
1 0.36484375 0.3015625 0.0234375 0.0421875
1 0.596875 0.5234375 0.046875 0.034375
1 0.4328125 0.6171875 0.0453125 0.028125
1 0.196875 0.4046875 0.0296875 0.040625
0 0.1953125 0.27734375 0.021875 0.059375
1 0.56484375 0.62578125 0.03125 0.028125
1 0.4875 0.375 0.021875 0.0375
1 0.4921875 0.68046875 0.028125 0.0171875
1 0.575 0.27734375 0.034375 0.0296875
1 0.721875 0.3125 0.025 0.028125
1 0.3671875 0.3984375 0.025 0.053125
1 0.553125 0.415625 0.021875 0.05625
1 0.46171875 0.221875 0.0234375 0.034375
1 0.2796875 0.53984375 0.021875 0.0265625
1 0.73984375 0.40234375 0.021875 0.034375
1 0.31484375 0.42890625 0.01875 0.025
1 0.8078125 0.4875 0.021875 0.0375
1 0.3015625 0.3140625 0.0203125 0.015625
1 0.6765625 0.2703125 0.021875 0.05625
1 0.7515625 0.4921875 0.0328125 0.04375