0 0.25703125 0.6171875 0.07265625 0.05546875
0 0.19296875 0.45859375 0.06640625 0.0734375
0 0.584375 0.2359375 0.078125 0.0515625
0 0.54296875 0.35 0.07890625 0.05546875
0 0.41015625 0.2390625 0.05 0.07578125
1 0.1265625 0.40859375 0.0671875 0.05078125
0 0.678125 0.534375 0.059375 0.075
1 0.76640625 0.5484375 0.03125 0.05078125
0 0.28046875 0.74140625 0.11484375 0.034375
0 0.77578125 0.3921875 0.09140625 0.04453125
0 0.15625 0.57421875 0.05 0.0828125
1 0.4359375 0.46171875 0.053125 0.0421875
0 0.2546875 0.3640625 0.10078125 0.03671875
0 0.4390625 0.39296875 0.09921875 0.03984375
1 0.3640625 0.5140625 0.046875 0.02734375
0 0.665625 0.43515625 0.0984375 0.028125
0 0.57578125 0.56328125 0.03125 0.08125
1 0.4578125 0.590625 0.06328125 0.03125
1 0.528125 0.50703125 0.07890625 0.02734375
0 0.65078125 0.33125 0.03515625 0.084375
0 0.36640625 0.67109375 0.08984375 0.04453125
0 0.50859375 0.7203125 0.11171875 0.03359375
1 0.384375 0.6125 0.0421875 0.071875
1 0.64140625 0.67109375 0.0296875 0.05
0 0.2578125 0.28203125 0.1 0.02578125
1 0.184375 0.50703125 0.0765625 0.01796875