1 0.73984375 0.19609375 0.040625 0.0578125
1 0.63203125 0.103125 0.0390625 0.04375
0 0.35 0.7375 0.071875 0.046875
1 0.48828125 0.58203125 0.03125 0.0625
1 0.365625 0.54921875 0.0421875 0.075
0 0.66484375 0.42890625 0.0625 0.075
1 0.44375 0.8515625 0.0375 0.065625
1 0.5203125 0.790625 0.0390625 0.04375
1 0.1859375 0.72265625 0.0484375 0.0375
1 0.6625 0.6203125 0.0359375 0.05
1 0.43984375 0.6171875 0.0484375 0.0359375
1 0.2171875 0.59921875 0.065625 0.04375
1 0.434375 0.44453125 0.06875 0.0546875
1 0.325 0.41328125 0.05625 0.0484375
1 0.55078125 0.34609375 0.0484375 0.0515625
1 0.45546875 0.1828125 0.059375 0.0375
1 0.50703125 0.25625 0.046875 0.0359375
1 0.309375 0.23828125 0.046875 0.0375