1 0.1703125 0.45625 0.05 0.0546875
0 0.2484375 0.4796875 0.078125 0.0921875
1 0.29921875 0.428125 0.06875 0.1015625
1 0.2328125 0.33984375 0.071875 0.08125
0 0.3015625 0.30390625 0.0671875 0.0875
0 0.39921875 0.36328125 0.1015625 0.0484375
1 0.346875 0.41875 0.06875 0.0796875
1 0.34140625 0.51953125 0.0640625 0.0828125
1 0.38671875 0.4578125 0.053125 0.090625
1 0.32265625 0.64296875 0.05625 0.08125
1 0.36640625 0.6140625 0.059375 0.0671875
0 0.4703125 0.6390625 0.0875 0.08125
1 0.51796875 0.39453125 0.0453125 0.053125
1 0.5609375 0.4390625 0.06875 0.0734375
1 0.57109375 0.3109375 0.0421875 0.078125
1 0.44375 0.2375 0.065625 0.053125
1 0.71640625 0.478125 0.0609375 0.084375
1 0.7890625 0.59375 0.0625 0.065625
0 0.6296875 0.71640625 0.0875 0.084375
1 0.525 0.7296875 0.065625 0.05625
1 0.784375 0.7375 0.078125 0.078125
1 0.63203125 0.49765625 0.0828125 0.078125
1 0.52421875 0.234375 0.078125 0.06875
0 0.49609375 0.29921875 0.096875 0.059375
0 0.4609375 0.4484375 0.096875 0.059375
1 0.496875 0.58984375 0.0609375 0.075
1 0.47421875 0.52265625 0.0484375 0.0578125
1 0.50390625 0.771875 0.05625 0.071875
1 0.3796875 0.70234375 0.0625 0.06875
1 0.68125 0.75625 0.071875 0.053125
1 0.57890625 0.58359375 0.0578125 0.0609375
1 0.60078125 0.38046875 0.0609375 0.0984375
1 0.67421875 0.38046875 0.084375 0.0765625
1 0.75703125 0.634375 0.0703125 0.0796875
0 0.63046875 0.61484375 0.0515625 0.1234375
1 0.715625 0.58359375 0.0734375 0.121875