1 0.33828125 0.36484375 0.0734375 0.04375
1 0.36953125 0.31171875 0.053125 0.0515625
1 0.4875 0.3265625 0.05546875 0.059375
1 0.5578125 0.3203125 0.04921875 0.06953125
1 0.60625 0.71875 0.06484375 0.07109375
1 0.49609375 0.49140625 0.0546875 0.05703125
1 0.61640625 0.534375 0.05625 0.05546875
1 0.64765625 0.57265625 0.04140625 0.078125
1 0.71484375 0.4875 0.06640625 0.05078125
1 0.69375 0.30546875 0.0390625 0.084375
1 0.5078125 0.415625 0.065625 0.0578125
1 0.43984375 0.63984375 0.06171875 0.06015625
1 0.54140625 0.71015625 0.040625 0.0703125
1 0.5953125 0.19375 0.05859375 0.0578125
1 0.46953125 0.21171875 0.07109375 0.0734375
1 0.4 0.41796875 0.05234375 0.0609375
1 0.6078125 0.35234375 0.04453125 0.05703125
1 0.67421875 0.40703125 0.05703125 0.078125
1 0.53984375 0.434375 0.05234375 0.0859375
0 0.571875 0.6390625 0.10234375 0.05859375
0 0.446875 0.565625 0.09765625 0.0453125
0 0.41015625 0.47890625 0.071875 0.10078125
0 0.41484375 0.26640625 0.0359375 0.11015625
0 0.4578125 0.34921875 0.090625 0.0921875
0 0.51640625 0.275 0.10546875 0.04921875
0 0.5921875 0.421875 0.07109375 0.08515625