0 0.7453125 0.2859375 0.075 0.0375
0 0.546875 0.24765625 0.0375 0.0578125
0 0.79765625 0.34140625 0.0671875 0.0359375
1 0.8078125 0.4109375 0.0375 0.0171875
0 0.7765625 0.3953125 0.021875 0.05625
0 0.721875 0.403125 0.06875 0.0375
1 0.75 0.45546875 0.05625 0.025
0 0.9359375 0.51171875 0.0703125 0.05
0 0.85234375 0.58359375 0.075 0.034375
0 0.646875 0.54296875 0.078125 0.034375
0 0.8796875 0.65625 0.075 0.021875
0 0.78828125 0.61875 0.078125 0.0296875
1 0.70234375 0.59609375 0.021875 0.0328125
1 0.66796875 0.66484375 0.034375 0.0203125
1 0.75078125 0.49765625 0.078125 0.01875
1 0.65 0.5125 0.078125 0.015625
0 0.68828125 0.496875 0.06875 0.040625
1 0.25 0.3515625 0.0265625 0.053125
1 0.1890625 0.31796875 0.053125 0.01875
0 0.24921875 0.49375 0.05 0.0265625
0 0.1625 0.3859375 0.053125 0.0484375
0 0.23984375 0.40625 0.053125 0.04375
0 0.275 0.2359375 0.05 0.059375
0 0.44609375 0.6734375 0.0765625 0.0296875
0 0.53046875 0.61484375 0.071875 0.0234375
1 0.57109375 0.46328125 0.0375 0.0359375
1 0.503125 0.478125 0.025 0.0359375
0 0.546875 0.35234375 0.06875 0.034375
1 0.50390625 0.40390625 0.028125 0.05625
1 0.51875 0.428125 0.0515625 0.05
1 0.4421875 0.365625 0.0421875 0.03125
1 0.4671875 0.53046875 0.040625 0.040625
1 0.5140625 0.5296875 0.0484375 0.053125
1 0.4171875 0.4953125 0.0640625 0.028125
0 0.69453125 0.44609375 0.059375 0.0375
0 0.6703125 0.59453125 0.0625 0.040625
0 0.4953125 0.575 0.0421875 0.05625
0 0.47109375 0.62734375 0.053125 0.05
0 0.446875 0.59375 0.05625 0.046875
1 0.4625 0.56484375 0.028125 0.040625
0 0.5890625 0.35546875 0.025 0.065625
0 0.63984375 0.3640625 0.06875 0.046875
0 0.3734375 0.2546875 0.0703125 0.04375
0 0.2203125 0.29140625 0.071875 0.040625
0 0.35 0.496875 0.065625 0.0375
0 0.40234375 0.3875 0.0921875 0.015625
0 0.359375 0.41171875 0.06875 0.05
0 0.45234375 0.340625 0.071875 0.03125
0 0.46796875 0.30703125 0.0234375 0.0703125
0 0.54765625 0.30859375 0.06875 0.0234375
0 0.28125 0.44921875 0.075 0.01875
0 0.36015625 0.46328125 0.0546875 0.0484375
0 0.43125 0.54765625 0.0359375 0.059375