0 0.3765625 0.37421875 0.096875 0.0875
0 0.66875 0.6671875 0.071875 0.071875
0 0.73984375 0.24140625 0.071875 0.090625
1 0.653125 0.44375 0.0625 0.0875
1 0.69921875 0.23203125 0.071875 0.08125
0 0.74296875 0.6046875 0.065625 0.09375
0 0.86953125 0.553125 0.078125 0.084375
1 0.8484375 0.37890625 0.08125 0.0625
0 0.375 0.5921875 0.065625 0.09375
0 0.3734375 0.23828125 0.0734375 0.103125
1 0.221875 0.65234375 0.046875 0.06875
1 0.17421875 0.403125 0.065625 0.078125
1 0.42734375 0.66171875 0.05 0.0828125
1 0.4828125 0.77890625 0.04375 0.0796875
0 0.66015625 0.559375 0.06875 0.096875
0 0.6078125 0.78984375 0.096875 0.05625
0 0.8140625 0.4125 0.1 0.05625
0 0.20390625 0.475 0.1125 0.0453125
0 0.278125 0.39140625 0.059375 0.096875
1 0.28828125 0.615625 0.075 0.06875
0 0.2546875 0.54296875 0.084375 0.0890625
0 0.82578125 0.59140625 0.0953125 0.059375
1 0.5796875 0.459375 0.0578125 0.08125
1 0.41015625 0.446875 0.084375 0.065625
0 0.51171875 0.53671875 0.046875 0.10625
1 0.57265625 0.36875 0.0390625 0.0625
0 0.31640625 0.25078125 0.05 0.10625
1 0.78359375 0.328125 0.059375 0.1
0 0.41328125 0.49765625 0.0953125 0.06875
1 0.43359375 0.2546875 0.078125 0.053125
0 0.5265625 0.77265625 0.05625 0.09375
0 0.30390625 0.82265625 0.1171875 0.04375
1 0.73359375 0.378125 0.0375 0.140625
1 0.2015625 0.21328125 0.078125 0.0484375
0 0.196875 0.32421875 0.08125 0.096875
1 0.58515625 0.73828125 0.053125 0.0796875
0 0.47109375 0.4 0.046875 0.109375
0 0.609375 0.59140625 0.0390625 0.14375
1 0.62265625 0.359375 0.0671875 0.0875
0 0.11640625 0.57890625 0.046875 0.0984375
0 0.93046875 0.559375 0.06875 0.08125
1 0.5578125 0.51015625 0.084375 0.053125
1 0.31640625 0.7640625 0.0625 0.071875