1 0.43515625 0.63828125 0.078125 0.040625
1 0.31015625 0.59453125 0.05 0.0734375
0 0.27109375 0.57109375 0.05 0.0859375
0 0.42421875 0.56875 0.10625 0.04375
1 0.6375 0.59296875 0.090625 0.053125
0 0.1765625 0.48828125 0.071875 0.06875
0 0.340625 0.428125 0.04375 0.06875
0 0.4765625 0.43515625 0.0953125 0.046875
0 0.39296875 0.36484375 0.103125 0.03125
1 0.6109375 0.396875 0.078125 0.0375
1 0.3546875 0.478125 0.071875 0.05
1 0.25625 0.36640625 0.1 0.03125
0 0.525 0.371875 0.046875 0.0671875
0 0.59140625 0.359375 0.0921875 0.046875
0 0.57109375 0.4546875 0.06875 0.065625
1 0.57421875 0.49453125 0.059375 0.046875