0 0.85078125 0.58046875 0.04375 0.05234375
0 0.3890625 0.65234375 0.05625 0.04921875
0 0.78984375 0.54609375 0.06796875 0.03984375
0 0.33671875 0.4234375 0.06484375 0.0421875
0 0.40078125 0.34140625 0.05703125 0.03359375
1 0.3078125 0.49453125 0.04140625 0.04765625
0 0.409375 0.696875 0.07421875 0.02734375
0 0.83046875 0.39453125 0.07734375 0.03125
0 0.39453125 0.46328125 0.0640625 0.04609375
0 0.6671875 0.68671875 0.07421875 0.03203125
0 0.17734375 0.48046875 0.03515625 0.05546875
0 0.79921875 0.35859375 0.0359375 0.05078125
1 0.5203125 0.73671875 0.05859375 0.040625
0 0.378125 0.365625 0.06171875 0.0359375
1 0.42421875 0.32734375 0.05390625 0.03359375
1 0.340625 0.5015625 0.03515625 0.040625
1 0.584375 0.57890625 0.0328125 0.0453125
0 0.684375 0.49921875 0.07734375 0.028125
0 0.6421875 0.57421875 0.07265625 0.02890625
0 0.88046875 0.55390625 0.0625 0.02109375
0 0.675 0.39453125 0.03359375 0.059375
0 0.3 0.603125 0.07578125 0.03203125
0 0.57734375 0.20234375 0.0734375 0.02421875
0 0.60625 0.2234375 0.08515625 0.021875
0 0.45390625 0.5828125 0.071875 0.0203125
1 0.6296875 0.3984375 0.03203125 0.0359375
0 0.42890625 0.475 0.053125 0.0359375
0 0.3453125 0.28671875 0.07421875 0.02109375
0 0.49453125 0.6046875 0.0765625 0.0203125
0 0.20234375 0.71796875 0.04140625 0.0390625
0 0.515625 0.48515625 0.0390625 0.0453125
1 0.58046875 0.26640625 0.04296875 0.03828125
1 0.57265625 0.43046875 0.06328125 0.028125
1 0.759375 0.66328125 0.059375 0.0234375
1 0.43125 0.27109375 0.03515625 0.0390625
0 0.51484375 0.6828125 0.0828125 0.02578125
1 0.76328125 0.465625 0.03984375 0.034375
0 0.2734375 0.5734375 0.0671875 0.01875
0 0.52109375 0.575 0.0703125 0.021875
0 0.546875 0.5390625 0.05703125 0.025
0 0.484375 0.4734375 0.02578125 0.03203125
0 0.4578125 0.6421875 0.03671875 0.06015625
0 0.6515625 0.69453125 0.0859375 0.0328125
0 0.47421875 0.40859375 0.07265625 0.03359375
1 0.6578125 0.78671875 0.05859375 0.02734375
0 0.53984375 0.47109375 0.0453125 0.04453125
1 0.5421875 0.659375 0.04765625 0.03125
0 0.6671875 0.71796875 0.0546875 0.0234375
0 0.56171875 0.5 0.04375 0.03515625
0 0.6421875 0.3484375 0.0453125 0.03828125