0 0.86171875 0.51875 0.0453125 0.1015625
0 0.85703125 0.296875 0.053125 0.109375
0 0.13828125 0.528125 0.040625 0.1015625
0 0.23046875 0.39453125 0.04375 0.084375
0 0.6453125 0.690625 0.0640625 0.109375
0 0.678125 0.5140625 0.1078125 0.04375
0 0.68984375 0.40546875 0.10625 0.040625
0 0.53515625 0.3984375 0.059375 0.0875
0 0.490625 0.51328125 0.05625 0.1078125
0 0.47265625 0.74609375 0.0796875 0.0703125
0 0.28984375 0.5609375 0.0609375 0.0875
1 0.16484375 0.3484375 0.05625 0.0625
0 0.37578125 0.40703125 0.0828125 0.09375