0 0.653125 0.16875 0.0359375 0.03515625
1 0.63984375 0.24375 0.0296875 0.0359375
1 0.46640625 0.22421875 0.02734375 0.0359375
1 0.5875 0.66875 0.03203125 0.01640625
0 0.55546875 0.25859375 0.0265625 0.034375
0 0.46875 0.271875 0.03515625 0.040625
0 0.6328125 0.29375 0.0546875 0.02578125
0 0.6453125 0.34453125 0.05703125 0.0234375
1 0.50546875 0.303125 0.0453125 0.0203125
1 0.5359375 0.3703125 0.0421875 0.01640625
0 0.62109375 0.371875 0.0546875 0.0171875
0 0.63515625 0.3890625 0.0546875 0.021875
0 0.52578125 0.39296875 0.0265625 0.04140625
0 0.7703125 0.3890625 0.03828125 0.03515625
0 0.84296875 0.565625 0.04375 0.0328125
1 0.91328125 0.52578125 0.0234375 0.02578125
0 0.6546875 0.50234375 0.025 0.03828125
0 0.6828125 0.54453125 0.0296875 0.03828125
0 0.77109375 0.63515625 0.0515625 0.02578125
0 0.25625 0.25 0.05390625 0.0296875
0 0.21953125 0.2703125 0.025 0.04609375
1 0.24765625 0.28125 0.03359375 0.03359375
1 0.296875 0.3234375 0.02578125 0.03125
1 0.278125 0.26796875 0.02421875 0.02890625
0 0.3515625 0.3578125 0.04609375 0.02421875
1 0.41484375 0.38125 0.05234375 0.01953125
1 0.43828125 0.38984375 0.02265625 0.02890625
0 0.45078125 0.44453125 0.02421875 0.04140625
1 0.43046875 0.4625 0.03046875 0.03515625
0 0.1703125 0.36328125 0.0359375 0.03828125
0 0.20234375 0.371875 0.02734375 0.03828125
1 0.62578125 0.50546875 0.025 0.03828125
1 0.628125 0.56640625 0.05078125 0.02265625
1 0.590625 0.59140625 0.02265625 0.0265625
1 0.303125 0.4203125 0.05390625 0.0171875
0 0.35546875 0.4453125 0.05390625 0.01875
0 0.071875 0.43359375 0.0328125 0.04140625
0 0.09765625 0.4078125 0.03984375 0.034375
0 0.16796875 0.40546875 0.0484375 0.03359375
0 0.184375 0.4640625 0.05625 0.0203125
0 0.2359375 0.465625 0.053125 0.01796875
0 0.32109375 0.5078125 0.03125 0.03828125
0 0.35 0.51484375 0.03984375 0.0296875
1 0.37421875 0.53046875 0.03515625 0.02890625
1 0.10390625 0.31328125 0.0328125 0.0265625
0 0.1765625 0.5203125 0.05625 0.01796875
0 0.16484375 0.578125 0.03046875 0.03984375
0 0.1296875 0.5859375 0.03671875 0.03359375
0 0.10234375 0.61640625 0.0515625 0.02265625
1 0.06484375 0.62578125 0.03046875 0.0375
0 0.52578125 0.6125 0.02421875 0.03828125
0 0.4484375 0.57421875 0.0546875 0.01796875
0 0.43125 0.65078125 0.03203125 0.0375
1 0.46796875 0.6796875 0.04296875 0.01875
0 0.48828125 0.77109375 0.0234375 0.03828125
0 0.46953125 0.7875 0.03125 0.0375
0 0.31015625 0.7390625 0.0515625 0.01875
0 0.31796875 0.70546875 0.0421875 0.025
0 0.33515625 0.6421875 0.053125 0.01875
1 0.28046875 0.6625 0.0234375 0.034375
0 0.4484375 0.54453125 0.04296875 0.0234375
1 0.48203125 0.52890625 0.05625 0.01640625
1 0.44453125 0.49140625 0.0421875 0.01875
0 0.7171875 0.5765625 0.04765625 0.0203125
0 0.27265625 0.38984375 0.0421875 0.0296875