0 0.49296875 0.63203125 0.05 0.078125
0 0.73984375 0.66015625 0.05 0.0484375
0 0.5828125 0.89375 0.05 0.05625
1 0.53125 0.90625 0.028125 0.040625
1 0.5921875 0.4796875 0.0265625 0.034375
0 0.7921875 0.1921875 0.0375 0.06875
0 0.7703125 0.4046875 0.05 0.040625
1 0.778125 0.4515625 0.03125 0.0421875
1 0.20859375 0.49140625 0.0328125 0.0375
0 0.41875 0.83828125 0.04375 0.0609375
0 0.34765625 0.821875 0.04375 0.0578125
0 0.2875 0.6890625 0.021875 0.0875
0 0.3125 0.65546875 0.04375 0.04375
0 0.3171875 0.5609375 0.028125 0.0828125
0 0.3484375 0.525 0.0359375 0.078125
0 0.421875 0.50703125 0.025 0.0828125
0 0.26015625 0.43359375 0.0296875 0.078125
0 0.325 0.18984375 0.04375 0.0484375
0 0.31015625 0.09296875 0.03125 0.071875
0 0.3578125 0.06875 0.021875 0.1
0 0.203125 0.0421875 0.01875 0.084375
0 0.265625 0.5359375 0.028125 0.075
0 0.22890625 0.4125 0.0421875 0.0578125
0 0.24921875 0.521875 0.034375 0.0625
0 0.89921875 0.03828125 0.0296875 0.0765625
0 0.740625 0.1328125 0.0296875 0.084375
0 0.71796875 0.3734375 0.05 0.05625
0 0.640625 0.046875 0.021875 0.0875
0 0.66171875 0.6390625 0.0265625 0.0828125
0 0.58125 0.54921875 0.0453125 0.040625
0 0.546875 0.5359375 0.0390625 0.0609375
0 0.53828125 0.453125 0.028125 0.0875
0 0.55390625 0.346875 0.05625 0.046875
0 0.5453125 0.22421875 0.05 0.040625
0 0.16171875 0.05234375 0.053125 0.05625
0 0.44921875 0.1765625 0.053125 0.0421875
1 0.4328125 0.2265625 0.0375 0.034375
1 0.47578125 0.08515625 0.021875 0.05625
1 0.5265625 0.146875 0.034375 0.0375
1 0.57265625 0.0140625 0.040625 0.028125
1 0.4140625 0.12578125 0.0296875 0.04375
0 0.56328125 0.7609375 0.03125 0.071875
0 0.68671875 0.38828125 0.025 0.084375
0 0.715625 0.3109375 0.034375 0.0703125