1 0.203125 0.5421875 0.0296875 0.0703125
1 0.2625 0.76953125 0.040625 0.078125
1 0.23046875 0.39453125 0.034375 0.071875
1 0.28359375 0.265625 0.046875 0.05
1 0.378125 0.4796875 0.040625 0.05
0 0.42421875 0.3265625 0.075 0.0453125
1 0.4046875 0.18828125 0.028125 0.05
0 0.46484375 0.128125 0.065625 0.0953125
1 0.35859375 0.7578125 0.040625 0.05625
1 0.46875 0.83046875 0.04375 0.078125
1 0.434375 0.6546875 0.0515625 0.053125
1 0.509375 0.5375 0.028125 0.0671875
1 0.52890625 0.37421875 0.05 0.06875
1 0.6890625 0.878125 0.053125 0.08125
1 0.6640625 0.6984375 0.0265625 0.0640625
1 0.69609375 0.54765625 0.034375 0.05625
1 0.740625 0.42421875 0.0421875 0.0515625
1 0.7046875 0.3203125 0.05 0.04375
1 0.765625 0.73671875 0.05 0.071875
1 0.8234375 0.50234375 0.05 0.075
1 0.82265625 0.61953125 0.034375 0.040625
0 0.55546875 0.72421875 0.025 0.10625
0 0.571875 0.85546875 0.0734375 0.04375
1 0.61015625 0.61328125 0.04375 0.078125
0 0.61328125 0.44296875 0.0625 0.046875
0 0.58359375 0.22265625 0.06875 0.0546875
0 0.28984375 0.58984375 0.0296875 0.11875