1 0.3546875 0.209375 0.0515625 0.059375
0 0.4734375 0.2078125 0.109375 0.04375
1 0.59765625 0.290625 0.075 0.040625
0 0.55234375 0.2609375 0.084375 0.071875
0 0.6328125 0.36875 0.04375 0.075
0 0.4484375 0.3609375 0.08125 0.0703125
0 0.4734375 0.5328125 0.040625 0.071875
0 0.725 0.5125 0.0703125 0.0671875
1 0.81953125 0.51640625 0.04375 0.053125
1 0.32890625 0.47578125 0.08125 0.03125
1 0.27421875 0.38125 0.075 0.0484375
0 0.340625 0.53984375 0.0828125 0.0453125
1 0.884375 0.41796875 0.08125 0.0421875
1 0.7046875 0.3796875 0.0484375 0.065625
1 0.65859375 0.428125 0.071875 0.040625
1 0.64453125 0.5203125 0.065625 0.046875
1 0.5734375 0.59375 0.065625 0.034375
0 0.76328125 0.53515625 0.065625 0.078125
0 0.378125 0.38828125 0.1140625 0.05