1 0.21953125 0.34375 0.0203125 0.03125
1 0.2140625 0.15390625 0.028125 0.0328125
1 0.28984375 0.07265625 0.0234375 0.03125
1 0.3265625 0.22109375 0.021875 0.028125
1 0.35546875 0.1671875 0.01875 0.04375
1 0.79296875 0.2609375 0.015625 0.034375
1 0.3171875 0.4375 0.0234375 0.0375
1 0.31796875 0.35234375 0.01875 0.034375
1 0.3546875 0.24140625 0.0171875 0.034375
1 0.69140625 0.41875 0.0140625 0.0375
1 0.40625 0.35546875 0.0203125 0.028125
1 0.59296875 0.43515625 0.0125 0.0484375
1 0.6171875 0.38359375 0.0140625 0.0453125
1 0.6046875 0.60234375 0.021875 0.028125
0 0.63359375 0.5765625 0.025 0.0484375
0 0.69921875 0.45703125 0.028125 0.0390625
1 0.3921875 0.2765625 0.0234375 0.0375
1 0.48203125 0.19140625 0.01875 0.0359375
0 0.57578125 0.56015625 0.03125 0.0390625
0 0.57890625 0.221875 0.0328125 0.03125
1 0.565625 0.00859375 0.0203125 0.0171875