0 0.38515625 0.73046875 0.14140625 0.06875
0 0.43125 0.5296875 0.18515625 0.06484375
0 0.36015625 0.12265625 0.18046875 0.04609375
0 0.52578125 0.3125 0.1296875 0.09375
0 0.1734375 0.340625 0.16875 0.05078125
0 0.8578125 0.6984375 0.14375 0.07265625
0 0.3015625 0.42109375 0.16953125 0.03828125
0 0.57109375 0.484375 0.12890625 0.07578125
0 0.8640625 0.54609375 0.175 0.040625
0 0.871875 0.4625 0.10234375 0.0953125
0 0.7125 0.51640625 0.078125 0.09921875
0 0.5484375 0.61796875 0.175 0.0546875
0 0.7578125 0.64765625 0.1578125 0.0375
0 0.3234375 0.58984375 0.16953125 0.03671875
0 0.8421875 0.240625 0.12421875 0.09296875
0 0.5484375 0.203125 0.165625 0.05859375
0 0.63203125 0.80703125 0.1390625 0.07578125