1 0.13828125 0.240625 0.125 0.1515625
1 0.0984375 0.45 0.13125 0.1625
1 0.1359375 0.65234375 0.1015625 0.18125
1 0.1 0.81640625 0.134375 0.109375
1 0.359375 0.14296875 0.15625 0.140625
1 0.5453125 0.1140625 0.1390625 0.11875
1 0.4359375 0.36484375 0.075 0.159375
1 0.64296875 0.25234375 0.15 0.14375
1 0.80703125 0.3265625 0.096875 0.109375
1 0.6390625 0.40859375 0.11875 0.115625
1 0.47734375 0.5 0.084375 0.115625
1 0.609375 0.6171875 0.075 0.15
1 0.7828125 0.50703125 0.134375 0.1484375
1 0.9 0.60546875 0.10625 0.1640625
1 0.64296875 0.7625 0.1234375 0.15
1 0.75859375 0.9171875 0.140625 0.0515625
1 0.5109375 0.9359375 0.159375 0.1234375
1 0.48671875 0.68671875 0.1109375 0.1296875
1 0.33984375 0.659375 0.1203125 0.1125
1 0.33203125 0.76328125 0.19375 0.0875
1 0.290625 0.90078125 0.128125 0.153125
1 0.80546875 0.77890625 0.175 0.103125
1 0.26640625 0.45859375 0.08125 0.16875