0 0.48125 0.13828125 0.1015625 0.0453125
0 0.703125 0.14296875 0.109375 0.053125
0 0.471875 0.86171875 0.1015625 0.040625
0 0.60546875 0.76953125 0.084375 0.04375
0 0.309375 0.3546875 0.10859375 0.0640625
0 0.4859375 0.321875 0.04453125 0.1078125
0 0.59453125 0.31015625 0.040625 0.10546875
0 0.6015625 0.46484375 0.0875 0.059375
0 0.48671875 0.509375 0.1078125 0.05703125
0 0.25390625 0.52734375 0.0703125 0.0796875
0 0.4390625 0.71015625 0.08828125 0.0609375
1 0.6515625 0.83515625 0.0625 0.05625
0 0.59296875 0.62421875 0.09296875 0.0828125