1 0.12421875 0.284375 0.0296875 0.1125
1 0.24453125 0.1953125 0.0390625 0.065625
1 0.23203125 0.42421875 0.0765625 0.06875
1 0.271875 0.58828125 0.04375 0.059375
1 0.20703125 0.0296875 0.028125 0.059375
1 0.16796875 0.88671875 0.021875 0.05625
0 0.22265625 0.8703125 0.0234375 0.084375
0 0.30859375 0.90703125 0.0390625 0.0671875
0 0.33671875 0.7765625 0.04375 0.0578125
0 0.45546875 0.7109375 0.034375 0.071875
1 0.3953125 0.9546875 0.0375 0.090625
1 0.5171875 0.92890625 0.05 0.09375
1 0.6 0.784375 0.0328125 0.0984375
1 0.653125 0.70390625 0.0625 0.1
1 0.746875 0.61015625 0.0625 0.0578125
1 0.6328125 0.85 0.0265625 0.046875
1 0.46171875 0.565625 0.0296875 0.0421875
0 0.3703125 0.3796875 0.034375 0.090625
0 0.45546875 0.3125 0.0453125 0.065625
0 0.45703125 0.1328125 0.0390625 0.084375
1 0.465625 0.02734375 0.0359375 0.0421875
1 0.53828125 0.496875 0.025 0.0875
1 0.5328125 0.28671875 0.0734375 0.03125
1 0.525 0.034375 0.0375 0.06875
0 0.75859375 0.8203125 0.05 0.04375
0 0.86796875 0.81953125 0.053125 0.04375