1 0.21484375 0.3109375 0.04296875 0.06796875
1 0.303125 0.3234375 0.03046875 0.04453125
1 0.3046875 0.359375 0.0359375 0.04296875
1 0.39140625 0.31171875 0.0609375 0.0203125
1 0.39921875 0.3375 0.0546875 0.02734375
1 0.490625 0.2625 0.0890625 0.028125
1 0.64765625 0.18671875 0.08125 0.02734375
1 0.60234375 0.2671875 0.02890625 0.06171875
1 0.6265625 0.24453125 0.025 0.071875
1 0.6328125 0.321875 0.02421875 0.06796875
1 0.68203125 0.3328125 0.040625 0.03984375
1 0.7359375 0.3171875 0.02109375 0.0671875
1 0.75625 0.31953125 0.0234375 0.05
1 0.778125 0.3078125 0.0265625 0.0484375
1 0.8125 0.32109375 0.03046875 0.0453125
1 0.74140625 0.35859375 0.0875 0.03515625
1 0.84375 0.4078125 0.04609375 0.03046875
1 0.8515625 0.4390625 0.05546875 0.02890625
1 0.91640625 0.4796875 0.08125 0.025
1 0.83046875 0.465625 0.03359375 0.0421875
1 0.846875 0.4734375 0.0609375 0.04453125
1 0.87421875 0.475 0.06484375 0.05078125
1 0.79453125 0.57734375 0.0515625 0.0453125
1 0.72421875 0.61875 0.05859375 0.01796875
1 0.76953125 0.63359375 0.04453125 0.0328125
1 0.7375 0.6359375 0.04765625 0.02421875
1 0.78671875 0.6984375 0.034375 0.01875
1 0.6859375 0.503125 0.05546875 0.0265625
1 0.5953125 0.35546875 0.03515625 0.0671875
1 0.653125 0.40234375 0.04140625 0.03515625
1 0.64609375 0.4328125 0.04453125 0.03671875
1 0.6828125 0.5671875 0.03046875 0.04375
1 0.6109375 0.51484375 0.05703125 0.02734375
1 0.6046875 0.559375 0.03203125 0.0421875
1 0.63359375 0.64921875 0.03125 0.04140625
1 0.55234375 0.69140625 0.0375 0.05859375
1 0.71640625 0.765625 0.06875 0.03359375
1 0.421875 0.8484375 0.02265625 0.04375
1 0.5203125 0.71953125 0.02265625 0.0625
1 0.453125 0.36640625 0.08046875 0.03359375
1 0.51015625 0.40234375 0.06015625 0.01953125
1 0.55390625 0.3875 0.0359375 0.04375
1 0.16953125 0.44921875 0.028125 0.04609375
1 0.328125 0.42421875 0.034375 0.01796875
1 0.36796875 0.71796875 0.02265625 0.046875
1 0.29140625 0.71875 0.0734375 0.034375
1 0.29765625 0.6859375 0.0515625 0.028125
1 0.434375 0.6953125 0.04765625 0.0578125
1 0.43671875 0.66171875 0.04296875 0.0390625
1 0.4515625 0.61484375 0.05 0.0375
1 0.471875 0.6265625 0.03515625 0.04375
1 0.44765625 0.64609375 0.046875 0.03046875
1 0.484375 0.646875 0.0296875 0.04375
1 0.28125 0.48359375 0.03359375 0.04375
1 0.23203125 0.5046875 0.0484375 0.03515625
1 0.20234375 0.5125 0.04921875 0.03359375
1 0.3046875 0.52578125 0.025 0.0453125
1 0.340625 0.54140625 0.05859375 0.0203125
1 0.3296875 0.62890625 0.03515625 0.0421875
1 0.23203125 0.65078125 0.04375 0.03984375
1 0.1359375 0.58984375 0.05234375 0.02890625
1 0.17421875 0.54921875 0.03671875 0.040625
1 0.35546875 0.46484375 0.05234375 0.0625
1 0.384375 0.46484375 0.0515625 0.05859375
1 0.4328125 0.575 0.02265625 0.06875
1 0.4671875 0.42421875 0.06015625 0.0203125
1 0.4578125 0.4625 0.059375 0.02109375
1 0.45859375 0.48203125 0.059375 0.0171875
1 0.06328125 0.50234375 0.06796875 0.03984375