0 0.40625 0.5578125 0.0671875 0.05625
0 0.446875 0.62890625 0.05625 0.0546875
0 0.6375 0.4515625 0.04453125 0.06640625
0 0.74140625 0.66796875 0.08125 0.04453125
0 0.69296875 0.73046875 0.05234375 0.06484375
0 0.3359375 0.2921875 0.07890625 0.03984375
0 0.36171875 0.8234375 0.046875 0.059375
0 0.55625 0.6734375 0.05859375 0.0515625
0 0.62578125 0.2921875 0.0671875 0.04609375
0 0.5109375 0.225 0.06171875 0.0484375
0 0.55859375 0.8078125 0.05859375 0.05859375
0 0.36171875 0.51953125 0.08046875 0.040625
1 0.384375 0.73203125 0.0453125 0.03046875
0 0.4265625 0.73828125 0.05390625 0.06484375
0 0.15 0.46484375 0.06796875 0.0375
0 0.5296875 0.53828125 0.06171875 0.05234375
0 0.17265625 0.53359375 0.034375 0.05546875
0 0.31796875 0.24765625 0.08125 0.03671875
0 0.290625 0.578125 0.05703125 0.05078125
0 0.63515625 0.615625 0.07890625 0.03671875
0 0.446875 0.278125 0.08984375 0.02890625
1 0.11484375 0.71796875 0.046875 0.04140625
1 0.2671875 0.4890625 0.03984375 0.04296875
0 0.37578125 0.646875 0.07109375 0.04609375
0 0.78203125 0.6125 0.0328125 0.0578125
0 0.4859375 0.6796875 0.0390625 0.06640625
1 0.2078125 0.384375 0.0296875 0.03671875
1 0.74375 0.51953125 0.04140625 0.053125
1 0.69375 0.45234375 0.04296875 0.0453125
1 0.246875 0.584375 0.04375 0.02578125
1 0.5453125 0.2625 0.07109375 0.0265625
1 0.41328125 0.84375 0.0390625 0.0359375
0 0.48671875 0.44140625 0.07578125 0.03046875
1 0.1109375 0.61015625 0.0671875 0.04453125
1 0.275 0.87578125 0.053125 0.0296875
1 0.1625 0.75703125 0.04140625 0.0359375
1 0.46796875 0.3640625 0.0328125 0.04140625
0 0.8125 0.46953125 0.03828125 0.06796875
1 0.2453125 0.79375 0.034375 0.03515625
0 0.6125 0.32265625 0.06640625 0.0453125
0 0.6203125 0.78515625 0.0375 0.0671875
0 0.42734375 0.4234375 0.0734375 0.0515625
1 0.45390625 0.84296875 0.03359375 0.04296875
1 0.65 0.734375 0.03203125 0.0328125
1 0.5 0.4765625 0.03359375 0.028125
0 0.60078125 0.39453125 0.071875 0.02265625
1 0.12265625 0.64765625 0.0609375 0.0296875
1 0.5375 0.71875 0.0359375 0.03515625
0 0.56875 0.51796875 0.0765625 0.03046875
0 0.68984375 0.40703125 0.0703125 0.05
1 0.54375 0.45859375 0.07734375 0.02578125
0 0.23359375 0.3671875 0.03046875 0.06328125
1 0.659375 0.54140625 0.04765625 0.03125
0 0.453125 0.31171875 0.09140625 0.02578125
1 0.3703125 0.88046875 0.0421875 0.03984375
0 0.65859375 0.67578125 0.08125 0.028125
1 0.5765625 0.428125 0.06796875 0.0359375
1 0.2625 0.6859375 0.0640625 0.0328125
1 0.60234375 0.34921875 0.04375 0.034375
1 0.734375 0.61328125 0.0578125 0.03046875
1 0.48046875 0.79140625 0.03125 0.03515625
0 0.72734375 0.38984375 0.0515625 0.0625
0 0.4578125 0.5734375 0.07421875 0.028125
1 0.55625 0.640625 0.05234375 0.03671875
1 0.2515625 0.296875 0.04453125 0.03046875
1 0.55390625 0.325 0.0453125 0.0265625
0 0.33515625 0.68515625 0.03671875 0.06796875
1 0.246875 0.76484375 0.04375 0.0265625
1 0.3109375 0.46171875 0.03515625 0.03359375
1 0.2015625 0.415625 0.06796875 0.03046875
0 0.38828125 0.36640625 0.09296875 0.02421875
1 0.2 0.34765625 0.04375 0.02734375
1 0.475 0.5375 0.03828125 0.04453125
1 0.28125 0.54765625 0.04140625 0.01953125