1 0.471875 0.08828125 0.07109375 0.13828125
1 0.55234375 0.19140625 0.084375 0.14453125
1 0.7171875 0.175 0.14296875 0.078125
1 0.7359375 0.334375 0.06484375 0.1796875
1 0.86171875 0.38828125 0.084375 0.134375
1 0.26953125 0.24140625 0.1484375 0.1703125
1 0.39375 0.2453125 0.10859375 0.109375
1 0.48828125 0.35234375 0.13359375 0.1140625
1 0.6875 0.5109375 0.075 0.153125
1 0.4046875 0.47890625 0.18046875 0.11640625
1 0.48828125 0.675 0.07109375 0.1734375
1 0.7796875 0.69296875 0.18828125 0.09375
1 0.75078125 0.7921875 0.17421875 0.09921875
1 0.55859375 0.93203125 0.1703125 0.07109375
1 0.184375 0.4296875 0.06953125 0.14921875
1 0.1359375 0.61484375 0.178125 0.0859375
1 0.21484375 0.72890625 0.08515625 0.1453125
1 0.30703125 0.81796875 0.1140625 0.14765625
1 0.91171875 0.5578125 0.14140625 0.09453125