1 0.19296875 0.4328125 0.053125 0.046875
0 0.18671875 0.78203125 0.05625 0.0640625
0 0.259375 0.6515625 0.05625 0.0734375
0 0.8421875 0.3984375 0.0265625 0.09375
0 0.47734375 0.78203125 0.0703125 0.04375
0 0.80078125 0.48515625 0.04375 0.084375
0 0.50859375 0.5015625 0.05625 0.0421875
0 0.3703125 0.41640625 0.065625 0.034375
1 0.68359375 0.47734375 0.03125 0.046875
1 0.62421875 0.48203125 0.0484375 0.065625
1 0.659375 0.58671875 0.0609375 0.1109375
1 0.5875 0.628125 0.028125 0.0578125
0 0.5515625 0.38984375 0.0609375 0.05625
0 0.403125 0.2265625 0.08125 0.05
0 0.6703125 0.29375 0.034375 0.0953125
0 0.575 0.27421875 0.03125 0.090625
0 0.4515625 0.63671875 0.0640625 0.0625
0 0.5625 0.7328125 0.071875 0.034375
0 0.62109375 0.78359375 0.05625 0.075