1 0.30703125 0.1859375 0.03828125 0.06875
1 0.68359375 0.26875 0.046875 0.05390625
0 0.46640625 0.3140625 0.1078125 0.0421875
1 0.4921875 0.3578125 0.084375 0.046875
0 0.3796875 0.43515625 0.1015625 0.04453125
1 0.6859375 0.38984375 0.06796875 0.0453125
1 0.23359375 0.2734375 0.06328125 0.0453125
1 0.5078125 0.18046875 0.04765625 0.078125
1 0.71328125 0.7421875 0.06171875 0.06484375
1 0.42578125 0.79609375 0.0515625 0.06328125
1 0.56640625 0.7015625 0.03984375 0.071875
1 0.521875 0.5921875 0.0484375 0.06640625
1 0.30390625 0.5890625 0.03828125 0.0640625
1 0.2578125 0.58984375 0.0578125 0.04375
1 0.79921875 0.56484375 0.053125 0.06796875
1 0.6703125 0.45 0.07734375 0.04921875
0 0.325 0.39765625 0.05859375 0.08359375
0 0.46484375 0.50078125 0.0421875 0.09453125
0 0.8546875 0.52265625 0.04765625 0.096875
0 0.609375 0.76171875 0.05 0.09296875