0 0.146875 0.321875 0.0625 0.0546875
0 0.46328125 0.36640625 0.06484375 0.0515625
0 0.56171875 0.2640625 0.08046875 0.02734375
0 0.68203125 0.1171875 0.01796875 0.0796875
0 0.0796875 0.6609375 0.0203125 0.08515625
0 0.8796875 0.5921875 0.05859375 0.03046875
0 0.8015625 0.69453125 0.12734375 0.2296875
0 0.42265625 0.83125 0.0671875 0.02734375
0 0.46015625 0.5546875 0.040625 0.07421875
0 0.3640625 0.5390625 0.03125 0.0796875
0 0.81015625 0.17890625 0.03515625 0.07421875
0 0.28359375 0.81796875 0.034375 0.075
0 0.30390625 0.74765625 0.07421875 0.021875
1 0.2375 0.75234375 0.03203125 0.053125
0 0.65390625 0.5171875 0.04921875 0.05546875
0 0.6046875 0.46796875 0.0453125 0.07578125
0 0.7328125 0.36953125 0.0265625 0.0734375
1 0.528125 0.3484375 0.04609375 0.028125
0 0.29140625 0.5578125 0.071875 0.02578125
0 0.353125 0.58359375 0.06796875 0.02578125
0 0.55625 0.13515625 0.0671875 0.034375