1 0.65625 0.21953125 0.03046875 0.0203125
1 0.84609375 0.2140625 0.0328125 0.02890625
1 0.92734375 0.28984375 0.03125 0.0234375
1 0.77890625 0.3265625 0.028125 0.02109375
1 0.8328125 0.35546875 0.04375 0.01796875
1 0.7390625 0.79296875 0.034375 0.015625
1 0.5625 0.3171875 0.03671875 0.0234375
1 0.64765625 0.31796875 0.03359375 0.01953125
1 0.75859375 0.3546875 0.03515625 0.0171875
1 0.58125 0.69140625 0.0375 0.0140625
1 0.64453125 0.40625 0.028125 0.0203125
1 0.56484375 0.59296875 0.0484375 0.0125
1 0.61640625 0.6171875 0.0453125 0.0140625
1 0.39765625 0.6046875 0.02890625 0.021875
0 0.4234375 0.63359375 0.0484375 0.02421875
0 0.54296875 0.69921875 0.0390625 0.028125
1 0.7234375 0.3921875 0.03671875 0.0234375
1 0.80859375 0.48203125 0.0359375 0.01953125
0 0.43984375 0.57578125 0.0390625 0.03203125
0 0.778125 0.57890625 0.03046875 0.0328125
1 0.99140625 0.565625 0.0171875 0.0203125