0 0.67421875 0.34921875 0.04375 0.040625
0 0.6375 0.41484375 0.05625 0.015625
0 0.76875 0.43671875 0.025 0.046875
0 0.753125 0.509375 0.046875 0.034375
0 0.7609375 0.5609375 0.0171875 0.0453125
0 0.7015625 0.65 0.05 0.04375
0 0.65078125 0.509375 0.0375 0.034375
0 0.64453125 0.6859375 0.05 0.0234375
0 0.57265625 0.58359375 0.0375 0.046875
0 0.528125 0.24921875 0.03125 0.04375
0 0.34296875 0.41640625 0.059375 0.01875
0 0.31171875 0.28046875 0.034375 0.04375
0 0.278125 0.49921875 0.028125 0.0515625
0 0.2421875 0.4015625 0.05625 0.025
1 0.38671875 0.53125 0.0359375 0.04375
1 0.296875 0.59609375 0.028125 0.0265625
1 0.546875 0.66015625 0.028125 0.03125
1 0.54921875 0.47109375 0.028125 0.03125
1 0.43359375 0.3328125 0.0265625 0.03125
1 0.44609375 0.415625 0.025 0.0296875
1 0.49375 0.525 0.01875 0.01875
1 0.4546875 0.6359375 0.034375 0.025