0 0.85234375 0.3625 0.065625 0.090625
0 0.7453125 0.7 0.0640625 0.084375
0 0.66796875 0.5796875 0.0890625 0.0890625
0 0.40078125 0.5453125 0.040625 0.090625
0 0.33125 0.64140625 0.059375 0.103125
0 0.7078125 0.4921875 0.05625 0.096875
0 0.4140625 0.76875 0.1296875 0.0546875
0 0.3046875 0.4953125 0.1375 0.0671875
0 0.81953125 0.49609375 0.06875 0.096875
0 0.29609375 0.35625 0.109375 0.04375
0 0.6125 0.64453125 0.071875 0.1015625
1 0.63046875 0.50078125 0.109375 0.053125
0 0.45390625 0.5734375 0.071875 0.090625
0 0.55 0.628125 0.0375 0.11875
0 0.590625 0.43203125 0.1109375 0.0515625
0 0.69921875 0.6296875 0.0390625 0.096875
0 0.2375 0.48984375 0.05 0.090625
0 0.1921875 0.49609375 0.0375 0.125
0 0.60546875 0.31015625 0.128125 0.05
0 0.753125 0.72578125 0.065625 0.084375
0 0.48046875 0.48125 0.109375 0.04375
1 0.821875 0.24765625 0.065625 0.0828125
0 0.653125 0.2421875 0.121875 0.03125
0 0.6625 0.7203125 0.065625 0.1046875
0 0.56640625 0.78125 0.05625 0.09375
0 0.76796875 0.4703125 0.04375 0.115625
0 0.45 0.53046875 0.134375 0.0875
0 0.50078125 0.36640625 0.15625 0.03125
1 0.42421875 0.63515625 0.090625 0.0625
1 0.36171875 0.54296875 0.046875 0.0875
1 0.73359375 0.28515625 0.109375 0.059375
0 0.3703125 0.44921875 0.13125 0.03125
0 0.13046875 0.35625 0.0375 0.0828125
0 0.7 0.35390625 0.1234375 0.03125
0 0.62734375 0.39921875 0.128125 0.0296875
1 0.3875 0.3640625 0.040625 0.0875
0 0.23828125 0.62734375 0.134375 0.071875
0 0.45703125 0.24921875 0.075 0.084375
1 0.50703125 0.6921875 0.040625 0.08125
1 0.840625 0.56171875 0.10625 0.034375
1 0.15703125 0.38046875 0.0671875 0.078125
0 0.246875 0.4 0.1375 0.0625
1 0.5109375 0.82421875 0.071875 0.071875
0 0.42890625 0.66015625 0.140625 0.078125
0 0.60859375 0.1734375 0.13125 0.034375
0 0.8859375 0.59921875 0.1234375 0.0328125
0 0.40546875 0.70859375 0.140625 0.05625
0 0.803125 0.625 0.059375 0.1265625
1 0.35078125 0.31015625 0.090625 0.078125
0 0.684375 0.4125 0.11875 0.0546875
0 0.228125 0.42421875 0.15 0.059375
1 0.3078125 0.39140625 0.1 0.046875
0 0.484375 0.2265625 0.096875 0.11875
0 0.74765625 0.58203125 0.0625 0.125
1 0.5796875 0.2734375 0.103125 0.0484375