0 0.43671875 0.40703125 0.0703125 0.08125
0 0.23515625 0.4515625 0.0734375 0.0640625
0 0.63203125 0.71796875 0.0640625 0.090625
0 0.19140625 0.7796875 0.0703125 0.078125
0 0.38359375 0.17578125 0.05625 0.09375
0 0.5203125 0.85390625 0.0671875 0.071875
0 0.60703125 0.471875 0.0578125 0.0890625
0 0.2203125 0.684375 0.071875 0.0640625
0 0.1265625 0.56640625 0.059375 0.084375
1 0.26796875 0.94765625 0.0484375 0.05
1 0.2390625 0.86484375 0.046875 0.05
0 0.5421875 0.24140625 0.034375 0.1015625
0 0.7671875 0.21796875 0.075 0.040625
0 0.47578125 0.47734375 0.071875 0.065625
1 0.20234375 0.58515625 0.053125 0.0484375
1 0.446875 0.8453125 0.05 0.0328125
0 0.340625 0.628125 0.075 0.078125
0 0.16484375 0.2828125 0.078125 0.0328125
1 0.39921875 0.6890625 0.053125 0.034375
1 0.50078125 0.5734375 0.040625 0.059375
1 0.73671875 0.5203125 0.021875 0.065625
0 0.3328125 0.28828125 0.0625 0.071875
0 0.65 0.41953125 0.071875 0.0875
0 0.42265625 0.9484375 0.08125 0.0515625
0 0.73125 0.3734375 0.046875 0.109375
0 0.65234375 0.125 0.078125 0.034375
0 0.834375 0.615625 0.0359375 0.1125
0 0.18671875 0.49453125 0.034375 0.1046875
0 0.24375 0.5265625 0.078125 0.0578125
0 0.24921875 0.2703125 0.021875 0.115625