0 0.44375 0.72734375 0.04375 0.034375
0 0.27578125 0.6046875 0.053125 0.034375
0 0.559375 0.596875 0.0453125 0.0375
0 0.83671875 0.63125 0.040625 0.0453125
0 0.421875 0.49453125 0.0375 0.0421875
0 0.48359375 0.68828125 0.046875 0.0375
0 0.6859375 0.75859375 0.0390625 0.040625
1 0.38359375 0.584375 0.025 0.0265625
0 0.1578125 0.62421875 0.028125 0.04375
1 0.671875 0.5265625 0.0375 0.03125
0 0.3703125 0.51875 0.0609375 0.021875
1 0.33515625 0.328125 0.040625 0.03125
0 0.51875 0.69375 0.04375 0.0359375
0 0.7046875 0.69375 0.040625 0.040625
1 0.19140625 0.6171875 0.040625 0.021875
1 0.3078125 0.49375 0.034375 0.0296875
0 0.38203125 0.64765625 0.0296875 0.040625
0 0.72890625 0.3625 0.0375 0.040625
1 0.4546875 0.5640625 0.025 0.03125
0 0.37890625 0.7875 0.0625 0.025
0 0.5 0.5109375 0.028125 0.046875
0 0.50859375 0.7953125 0.03125 0.046875
1 0.24921875 0.4890625 0.0421875 0.01875
1 0.27421875 0.7328125 0.0484375 0.021875
0 0.77890625 0.45625 0.03125 0.0453125
1 0.87734375 0.5046875 0.03125 0.040625
0 0.3234375 0.41328125 0.053125 0.0359375
1 0.59375 0.40234375 0.05 0.021875
0 0.5296875 0.54453125 0.0625 0.0234375
0 0.3109375 0.5625 0.0375 0.040625
0 0.17578125 0.6796875 0.0265625 0.046875
0 0.4734375 0.790625 0.040625 0.034375
0 0.6234375 0.68203125 0.03125 0.040625
0 0.54296875 0.61484375 0.025 0.040625
1 0.64609375 0.47578125 0.04375 0.034375
1 0.69296875 0.58828125 0.0375 0.03125
1 0.25625 0.66640625 0.0265625 0.0296875
1 0.346875 0.66484375 0.03125 0.028125
0 0.79375 0.728125 0.065625 0.01875
1 0.4703125 0.3953125 0.046875 0.028125