0 0.34140625 0.65703125 0.084375 0.0546875
0 0.41640625 0.4515625 0.1 0.0453125
0 0.46953125 0.71953125 0.078125 0.040625
0 0.5671875 0.77578125 0.04375 0.075
0 0.5 0.5546875 0.084375 0.028125
0 0.684375 0.6171875 0.09375 0.04375
0 0.80078125 0.51640625 0.075 0.0578125
0 0.70390625 0.41328125 0.0875 0.05
0 0.721875 0.2421875 0.0625 0.065625
1 0.25625 0.43828125 0.0609375 0.0375
0 0.70703125 0.78046875 0.0515625 0.075
1 0.62890625 0.4578125 0.0375 0.03125
1 0.77421875 0.6765625 0.0375 0.040625
1 0.40390625 0.29765625 0.059375 0.05
1 0.540625 0.265625 0.046875 0.0265625