1 0.24609375 0.27734375 0.05078125 0.02109375
1 0.29453125 0.3171875 0.0390625 0.03046875
1 0.403125 0.22734375 0.06171875 0.021875
1 0.48671875 0.28515625 0.04375 0.021875
1 0.49921875 0.3 0.05859375 0.0203125
1 0.55859375 0.3640625 0.046875 0.0265625
1 0.60390625 0.38515625 0.05234375 0.01953125
0 0.73515625 0.3875 0.07890625 0.02890625
0 0.36875 0.33125 0.0765625 0.02109375
1 0.8296875 0.209375 0.03359375 0.0265625
1 0.8875 0.315625 0.0390625 0.03125
0 0.1328125 0.41640625 0.0703125 0.02734375
1 0.2421875 0.46953125 0.03984375 0.025
1 0.29609375 0.45234375 0.0546875 0.01875
1 0.265625 0.69296875 0.0453125 0.02421875
1 0.46640625 0.55390625 0.04765625 0.0171875
1 0.4859375 0.578125 0.04140625 0.01875
1 0.66796875 0.63125 0.04140625 0.02421875
1 0.9140625 0.44765625 0.04453125 0.02265625
1 0.97890625 0.5171875 0.04140625 0.02265625
1 0.70703125 0.5375 0.0625 0.0203125
1 0.671875 0.44765625 0.03984375 0.0171875
1 0.65859375 0.465625 0.04453125 0.0171875
0 0.896875 0.42578125 0.078125 0.01875
0 0.5453125 0.490625 0.05625 0.03828125