0 0.58046875 0.7375 0.071875 0.08515625
0 0.14140625 0.33515625 0.08125 0.0859375
0 0.43828125 0.59453125 0.065625 0.08984375
1 0.49453125 0.4703125 0.03984375 0.08359375
0 0.41640625 0.28671875 0.12109375 0.0609375
0 0.7890625 0.68984375 0.0578125 0.07265625
0 0.60234375 0.26484375 0.0625 0.0859375
0 0.3671875 0.70546875 0.08671875 0.07734375
0 0.234375 0.56015625 0.04453125 0.08828125
0 0.63515625 0.4046875 0.1203125 0.025
0 0.91015625 0.58359375 0.03515625 0.09921875
1 0.24296875 0.34375 0.04921875 0.0421875
1 0.5296875 0.81640625 0.03828125 0.0734375
0 0.41328125 0.48359375 0.05703125 0.09140625
0 0.2609375 0.5546875 0.0421875 0.0890625
1 0.35703125 0.82734375 0.05078125 0.028125
0 0.3203125 0.63359375 0.0546875 0.0875
0 0.19140625 0.696875 0.1140625 0.0328125
1 0.3953125 0.7421875 0.03203125 0.08359375
1 0.240625 0.44921875 0.08515625 0.0328125
0 0.73125 0.471875 0.05625 0.0890625
0 0.3265625 0.7890625 0.1140625 0.03203125
0 0.4984375 0.34453125 0.103125 0.046875
1 0.775 0.54609375 0.0765625 0.075
1 0.70546875 0.8078125 0.08203125 0.04921875
0 0.82578125 0.428125 0.05625 0.0859375
1 0.53984375 0.63125 0.05703125 0.0703125
0 0.465625 0.39453125 0.1328125 0.04453125
0 0.703125 0.26875 0.1171875 0.05
0 0.0875 0.41484375 0.12109375 0.02734375
1 0.19609375 0.56484375 0.034375 0.0796875
1 0.26640625 0.8359375 0.075 0.021875
1 0.50546875 0.68203125 0.0890625 0.0734375
1 0.8171875 0.46875 0.046875 0.07421875
0 0.86796875 0.47734375 0.03359375 0.10234375