0 0.5796875 0.534375 0.05 0.034375
0 0.21953125 0.2046875 0.05 0.03125
0 0.25625 0.7296875 0.0359375 0.04375
0 0.19140625 0.2375 0.034375 0.040625
0 0.31796875 0.65234375 0.0375 0.04375
0 0.28515625 0.5328125 0.05 0.028125
0 0.2984375 0.75546875 0.040625 0.04375
0 0.42734375 0.365625 0.0375 0.0375
0 0.384375 0.55 0.053125 0.021875
0 0.27109375 0.2375 0.0296875 0.05
0 0.27734375 0.58359375 0.046875 0.028125
0 0.35078125 0.61171875 0.0546875 0.0234375
0 0.734375 0.83359375 0.046875 0.046875
0 0.5046875 0.73046875 0.046875 0.0234375
0 0.36015625 0.1734375 0.05 0.028125
0 0.275 0.4046875 0.040625 0.04375
0 0.23828125 0.4734375 0.040625 0.04375
0 0.15703125 0.70859375 0.0515625 0.028125
0 0.13984375 0.4375 0.04375 0.0328125
0 0.65703125 0.34140625 0.05 0.0328125
0 0.39140625 0.48515625 0.046875 0.034375
0 0.74140625 0.16171875 0.0484375 0.028125
0 0.18125 0.46640625 0.0515625 0.025
1 0.5328125 0.3640625 0.0375 0.0375
0 0.490625 0.45859375 0.025 0.053125
0 0.6671875 0.60078125 0.05 0.0234375
0 0.4 0.1203125 0.040625 0.0328125
0 0.3234375 0.32734375 0.04375 0.0375
0 0.775 0.55703125 0.053125 0.028125
1 0.74140625 0.39921875 0.034375 0.025
0 0.3140625 0.82890625 0.05 0.021875
0 0.59765625 0.74296875 0.01875 0.05625
0 0.81796875 0.3359375 0.053125 0.025
0 0.1765625 0.38828125 0.0484375 0.01875
1 0.3015625 0.2328125 0.0328125 0.040625
0 0.5109375 0.8328125 0.0265625 0.0515625
0 0.4203125 0.34296875 0.040625 0.0265625
0 0.56875 0.4234375 0.046875 0.025
0 0.55078125 0.33359375 0.053125 0.025
0 0.20859375 0.21953125 0.04375 0.028125
0 0.43359375 0.6515625 0.028125 0.053125
0 0.82109375 0.459375 0.053125 0.0265625
0 0.72421875 0.44375 0.021875 0.05625
0 0.6515625 0.25546875 0.04375 0.0375
0 0.221875 0.6671875 0.0484375 0.034375
0 0.23515625 0.3546875 0.0375 0.0375
0 0.16328125 0.52421875 0.03125 0.05625
0 0.546875 0.790625 0.0203125 0.059375
0 0.40703125 0.09921875 0.04375 0.03125
0 0.32109375 0.1578125 0.0390625 0.0328125
0 0.35625 0.78046875 0.025 0.053125
0 0.63984375 0.73828125 0.025 0.05625
0 0.47734375 0.5 0.034375 0.0421875
0 0.48515625 0.653125 0.034375 0.040625
1 0.2015625 0.52109375 0.021875 0.028125
0 0.1984375 0.29453125 0.01875 0.05
0 0.0328125 0.4078125 0.025 0.046875
0 0.44140625 0.7484375 0.034375 0.046875
0 0.7234375 0.8703125 0.0484375 0.034375
0 0.3 0.425 0.015625 0.053125
0 0.171875 0.659375 0.0390625 0.046875
1 0.384375 0.065625 0.0578125 0.0265625
0 0.2828125 0.1875 0.0453125 0.028125
0 0.75078125 0.19765625 0.04375 0.034375
0 0.325 0.20234375 0.046875 0.0234375
0 0.46953125 0.38203125 0.05 0.028125
0 0.634375 0.27421875 0.04375 0.0375
0 0.7140625 0.53671875 0.025 0.0515625
0 0.57265625 0.83515625 0.0265625 0.059375
0 0.6671875 0.82890625 0.025 0.05625
1 0.3546875 0.2171875 0.025 0.03125
0 0.2671875 0.34296875 0.021875 0.05
1 0.42421875 0.8953125 0.065625 0.01875
0 0.4625 0.72109375 0.0421875 0.03125
0 0.2765625 0.4609375 0.028125 0.040625
0 0.64140625 0.353125 0.046875 0.025
0 0.75 0.26953125 0.040625 0.04375
1 0.5609375 0.54609375 0.0375 0.04375
0 0.2609375 0.7546875 0.0390625 0.040625
0 0.47421875 0.634375 0.040625 0.040625
1 0.53828125 0.571875 0.01875 0.0265625
0 0.571875 0.29453125 0.0421875 0.0328125
0 0.74296875 0.653125 0.028125 0.0484375
1 0.39765625 0.7625 0.0625 0.04375
0 0.58515625 0.6203125 0.0234375 0.04375
0 0.41953125 0.2 0.05 0.01875
0 0.63984375 0.82578125 0.01875 0.059375
0 0.5578125 0.24296875 0.04375 0.0328125
0 0.13203125 0.38359375 0.0390625 0.0203125
0 0.534375 0.26328125 0.028125 0.05625
0 0.65546875 0.10625 0.05 0.028125
0 0.53125 0.81171875 0.0234375 0.059375
0 0.684375 0.71171875 0.028125 0.0515625
0 0.5734375 0.0625 0.01875 0.05
1 0.45546875 0.7546875 0.03125 0.025
0 0.58203125 0.8765625 0.053125 0.021875
0 0.7578125 0.6796875 0.034375 0.046875
0 0.3453125 0.41171875 0.0375 0.078125
1 0.40859375 0.5921875 0.0390625 0.025
0 0.14140625 0.51640625 0.0375 0.046875
0 0.5546875 0.7171875 0.040625 0.028125
0 0.49453125 0.165625 0.0171875 0.05
0 0.61015625 0.6078125 0.0296875 0.05
1 0.565625 0.89921875 0.0375 0.028125
0 0.47421875 0.64765625 0.0390625 0.0359375
0 0.40625 0.11171875 0.04375 0.0328125
1 0.61171875 0.890625 0.034375 0.0359375
1 0.8515625 0.78984375 0.0515625 0.0203125
0 0.38828125 0.13671875 0.021875 0.0375
0 0.36640625 0.14609375 0.0328125 0.0375
0 0.3859375 0.19609375 0.025 0.0421875