0 0.2015625 0.36171875 0.04375 0.03125
0 0.23671875 0.4640625 0.034375 0.05625
0 0.2625 0.459375 0.040625 0.05
0 0.29765625 0.6171875 0.03125 0.0609375
0 0.28203125 0.71953125 0.04375 0.040625
0 0.3359375 0.74765625 0.040625 0.04375
0 0.32890625 0.678125 0.0453125 0.04375
0 0.36953125 0.703125 0.04375 0.0296875
0 0.34453125 0.63046875 0.05 0.03125
0 0.334375 0.590625 0.03125 0.065625
0 0.378125 0.56171875 0.034375 0.053125
0 0.28125 0.278125 0.0453125 0.025
0 0.31484375 0.30078125 0.05 0.0296875
0 0.33984375 0.2734375 0.0546875 0.0421875
0 0.303125 0.16875 0.046875 0.025
0 0.3421875 0.18671875 0.046875 0.0265625
1 0.25234375 0.11171875 0.0265625 0.0375
1 0.32578125 0.10703125 0.021875 0.0390625
1 0.33984375 0.14609375 0.025 0.028125
1 0.29609375 0.21875 0.0375 0.0421875
1 0.275 0.253125 0.028125 0.025
1 0.28359375 0.31953125 0.0234375 0.0328125
1 0.26328125 0.378125 0.0265625 0.025
1 0.31328125 0.42421875 0.021875 0.034375
0 0.38046875 0.35859375 0.0375 0.04375
0 0.365625 0.13515625 0.04375 0.04375
0 0.440625 0.07109375 0.03125 0.0578125
0 0.50859375 0.0515625 0.046875 0.028125
0 0.46484375 0.19296875 0.034375 0.046875
0 0.496875 0.25 0.0328125 0.053125
0 0.46953125 0.33671875 0.040625 0.040625
0 0.44921875 0.1328125 0.0421875 0.034375
0 0.41640625 0.30078125 0.0453125 0.028125
0 0.40234375 0.33203125 0.046875 0.03125
0 0.42109375 0.35625 0.046875 0.025
0 0.5953125 0.1890625 0.025 0.0625
0 0.6078125 0.21640625 0.0265625 0.05625
0 0.665625 0.2734375 0.040625 0.03125
0 0.6453125 0.40078125 0.03125 0.053125
0 0.625 0.55703125 0.0421875 0.046875
1 0.45625 0.221875 0.0375 0.028125
1 0.4703125 0.271875 0.021875 0.034375
0 0.4453125 0.37734375 0.04375 0.03125
1 0.46796875 0.071875 0.028125 0.025
0 0.6765625 0.69609375 0.05 0.025
1 0.69296875 0.65859375 0.025 0.034375
1 0.71328125 0.6359375 0.021875 0.04375
1 0.5703125 0.4890625 0.0203125 0.03125
1 0.590625 0.49609375 0.021875 0.03125
0 0.6125 0.52734375 0.015625 0.053125
0 0.5453125 0.68359375 0.040625 0.046875
0 0.5546875 0.74765625 0.04375 0.0265625
0 0.5609375 0.64140625 0.03125 0.053125
0 0.575 0.72265625 0.025 0.059375
0 0.4984375 0.803125 0.046875 0.0421875
0 0.4921875 0.8515625 0.0296875 0.0625
0 0.4734375 0.52890625 0.05 0.0265625
0 0.48828125 0.57890625 0.034375 0.053125
1 0.42578125 0.81875 0.0421875 0.034375
1 0.44765625 0.84375 0.03125 0.0421875
1 0.4328125 0.56171875 0.0234375 0.034375
1 0.484375 0.4859375 0.028125 0.028125
1 0.665625 0.30625 0.025 0.0265625
1 0.39140625 0.52109375 0.03125 0.025
1 0.44765625 0.65703125 0.0234375 0.028125
1 0.55078125 0.1234375 0.0265625 0.03125
1 0.53515625 0.23828125 0.028125 0.034375
1 0.68828125 0.34375 0.021875 0.0390625
1 0.64140625 0.35390625 0.0203125 0.0265625
1 0.62109375 0.359375 0.021875 0.028125
0 0.59140625 0.353125 0.025 0.05625
0 0.56953125 0.33828125 0.04375 0.021875
0 0.403125 0.49765625 0.040625 0.05
0 0.55859375 0.30390625 0.046875 0.025
0 0.621875 0.41015625 0.028125 0.05
0 0.5171875 0.63203125 0.040625 0.040625
1 0.51640625 0.3546875 0.03125 0.021875
1 0.53515625 0.37890625 0.0234375 0.0375
1 0.5515625 0.36171875 0.0234375 0.025
1 0.57734375 0.38984375 0.028125 0.040625
1 0.60625 0.39765625 0.025 0.034375
1 0.5125 0.6078125 0.03125 0.0375
1 0.28046875 0.82109375 0.0296875 0.0546875