0 0.89921875 0.8359375 0.046875 0.01875
0 0.809375 0.40390625 0.034375 0.034375
0 0.81328125 0.29453125 0.04375 0.025
0 0.690625 0.28671875 0.034375 0.034375
1 0.5828125 0.11171875 0.021875 0.025
0 0.05078125 0.79765625 0.01875 0.04375
0 0.69453125 0.73203125 0.028125 0.04375
0 0.6484375 0.809375 0.0453125 0.0203125
0 0.65546875 0.77265625 0.0265625 0.0375
0 0.44375 0.87421875 0.03125 0.0296875
0 0.5 0.8046875 0.0375 0.028125
0 0.378125 0.74765625 0.021875 0.0453125
1 0.621875 0.48359375 0.028125 0.021875
0 0.4578125 0.26953125 0.034375 0.034375
0 0.43359375 0.303125 0.0375 0.028125
0 0.2265625 0.8640625 0.04375 0.021875
0 0.26171875 0.76875 0.0421875 0.025
0 0.334375 0.65703125 0.025 0.046875
0 0.27578125 0.6265625 0.0375 0.028125
0 0.19609375 0.69765625 0.0453125 0.03125
1 0.17890625 0.70859375 0.028125 0.0234375
0 0.15 0.925 0.034375 0.03125
0 0.11328125 0.6234375 0.03125 0.03125
0 0.1453125 0.5953125 0.05 0.01875
0 0.196875 0.3359375 0.0359375 0.034375
0 0.1375 0.45546875 0.034375 0.04375
0 0.13203125 0.403125 0.01875 0.046875
0 0.08203125 0.27734375 0.0328125 0.034375
0 0.0953125 0.22421875 0.034375 0.0375
0 0.10546875 0.15234375 0.01875 0.05
0 0.26796875 0.0734375 0.0375 0.03125
0 0.31484375 0.10625 0.04375 0.01875
0 0.31875 0.146875 0.0421875 0.034375
0 0.2921875 0.5046875 0.04375 0.021875
0 0.28671875 0.46171875 0.04375 0.015625
0 0.2890625 0.44453125 0.0484375 0.0171875
0 0.31328125 0.32890625 0.01875 0.046875
0 0.34140625 0.42265625 0.0296875 0.040625
0 0.35078125 0.3921875 0.040625 0.0140625
0 0.3546875 0.3375 0.015625 0.046875
0 0.340625 0.2546875 0.025 0.04375
0 0.18359375 0.25390625 0.03125 0.040625
1 0.19296875 0.28828125 0.021875 0.034375