0 0.290625 0.61328125 0.0515625 0.053125
0 0.134375 0.509375 0.046875 0.0578125
0 0.7375 0.340625 0.06640625 0.059375
0 0.56328125 0.68671875 0.06796875 0.05703125
0 0.84296875 0.446875 0.04140625 0.06640625
0 0.2453125 0.165625 0.0734375 0.0515625
0 0.29609375 0.246875 0.065625 0.04453125
0 0.503125 0.3890625 0.040625 0.0625
0 0.66796875 0.65625 0.09609375 0.01796875
0 0.8078125 0.59140625 0.08828125 0.01796875
0 0.21171875 0.29453125 0.0453125 0.06875
0 0.34921875 0.68671875 0.08359375 0.0421875
0 0.61328125 0.55390625 0.09296875 0.01796875
0 0.8625 0.35 0.0265625 0.07890625
0 0.4921875 0.16484375 0.0390625 0.0640625
0 0.44921875 0.703125 0.08203125 0.02109375
0 0.26875 0.459375 0.028125 0.0625
0 0.153125 0.42890625 0.0875 0.0171875
0 0.2703125 0.3734375 0.02265625 0.065625
0 0.08046875 0.359375 0.02578125 0.0609375
0 0.3796875 0.33984375 0.025 0.06875
0 0.5890625 0.20625 0.04140625 0.0703125
0 0.62265625 0.38046875 0.03828125 0.06640625
0 0.55390625 0.46796875 0.09296875 0.021875
0 0.4125 0.2265625 0.0921875 0.0203125
0 0.45 0.528125 0.0375 0.0671875
0 0.65703125 0.26640625 0.02890625 0.07109375
0 0.49375 0.5953125 0.03359375 0.0546875
0 0.703125 0.46875 0.04765625 0.05390625
0 0.43203125 0.41171875 0.09140625 0.021875
0 0.53203125 0.2859375 0.08125 0.04609375
0 0.45859375 0.48984375 0.078125 0.0203125
0 0.34453125 0.48515625 0.02265625 0.0671875
0 0.18671875 0.63515625 0.02265625 0.06953125