0 0.23046875 0.51875 0.053125 0.05
0 0.353125 0.55625 0.084375 0.0421875
0 0.50078125 0.4375 0.0546875 0.05
1 0.48671875 0.490625 0.0375 0.0328125
0 0.54375 0.6046875 0.0625 0.046875
0 0.55703125 0.6765625 0.0484375 0.05
0 0.63515625 0.46015625 0.075 0.0328125
0 0.88046875 0.609375 0.0890625 0.0296875
0 0.8609375 0.68359375 0.084375 0.034375
0 0.6875 0.74296875 0.0875 0.0234375
0 0.7234375 0.71875 0.0390625 0.046875
0 0.821875 0.71484375 0.0890625 0.03125
0 0.94765625 0.7765625 0.0875 0.03125
0 0.96484375 0.809375 0.065625 0.0421875
0 0.8453125 0.76875 0.078125 0.0265625
0 0.859375 0.7875 0.078125 0.0359375
1 0.88125 0.828125 0.040625 0.03125
0 0.85 0.4453125 0.04375 0.05
0 0.86640625 0.48125 0.071875 0.0375
0 0.946875 0.490625 0.096875 0.03125
0 0.96015625 0.434375 0.05 0.046875
1 0.9265625 0.4375 0.0421875 0.028125
0 0.7484375 0.28125 0.0515625 0.0546875
1 0.96875 0.24375 0.04375 0.034375
0 0.76640625 0.36171875 0.0875 0.028125