0 0.43828125 0.2859375 0.04609375 0.0265625
0 0.6703125 0.415625 0.0484375 0.0328125
0 0.39921875 0.42578125 0.0171875 0.04296875
0 0.646875 0.309375 0.04375 0.03203125
0 0.66015625 0.60234375 0.03671875 0.04140625
0 0.53671875 0.5828125 0.01953125 0.04765625
0 0.27890625 0.37265625 0.04140625 0.03984375
0 0.52109375 0.41640625 0.04921875 0.028125
0 0.53125 0.3015625 0.05 0.01484375
0 0.3421875 0.50390625 0.04296875 0.03828125
0 0.446875 0.49921875 0.0203125 0.04921875
0 0.5890625 0.50234375 0.05625 0.02265625
0 0.68046875 0.5390625 0.0359375 0.0390625
0 0.3921875 0.59296875 0.046875 0.03203125