1 0.42890625 0.0328125 0.06875 0.02890625
1 0.55 0.0390625 0.0765625 0.03125
1 0.64140625 0.05078125 0.0640625 0.03828125
1 0.5671875 0.128125 0.046875 0.03125
1 0.63828125 0.2 0.04609375 0.028125
1 0.665625 0.23125 0.03359375 0.0421875
1 0.703125 0.25390625 0.04375 0.040625
1 0.4875 0.12578125 0.06328125 0.06328125
1 0.38671875 0.10703125 0.05703125 0.08125
1 0.42421875 0.1140625 0.0546875 0.05546875
1 0.5765625 0.21015625 0.04375 0.0296875
1 0.70546875 0.3171875 0.05546875 0.053125
1 0.69765625 0.3359375 0.04296875 0.0390625
1 0.7109375 0.36953125 0.059375 0.04921875
1 0.6296875 0.36875 0.0375 0.04609375
1 0.65625 0.421875 0.01953125 0.0625
1 0.671875 0.43203125 0.02578125 0.0609375
1 0.68203125 0.48046875 0.04765625 0.02578125
1 0.75703125 0.48359375 0.01953125 0.06015625
1 0.4 0.1984375 0.03671875 0.04609375
1 0.43046875 0.24921875 0.04765625 0.0796875
1 0.46171875 0.2703125 0.06328125 0.03125
1 0.3578125 0.234375 0.05703125 0.06953125
1 0.39140625 0.2546875 0.02421875 0.0921875
1 0.44453125 0.32890625 0.040625 0.08671875
1 0.4984375 0.3453125 0.02265625 0.06640625
1 0.56796875 0.36328125 0.02421875 0.06640625
1 0.54765625 0.38984375 0.02421875 0.07578125
1 0.71328125 0.39921875 0.05703125 0.07109375
1 0.7796875 0.63828125 0.028125 0.04296875
1 0.7203125 0.55859375 0.0421875 0.0421875
1 0.75625 0.5953125 0.03203125 0.0515625
1 0.721875 0.5953125 0.0296875 0.0546875
1 0.60546875 0.51328125 0.0421875 0.028125
1 0.63828125 0.63515625 0.03515625 0.05234375
1 0.66875 0.62109375 0.01953125 0.059375
1 0.66171875 0.6796875 0.03125 0.05625
1 0.66875 0.7046875 0.04453125 0.08125
1 0.6328125 0.7546875 0.0296875 0.05859375
1 0.64921875 0.803125 0.03203125 0.0515625
1 0.6390625 0.86796875 0.0484375 0.03515625
1 0.534375 0.78203125 0.03515625 0.0546875
1 0.55390625 0.76015625 0.03203125 0.05
1 0.55859375 0.80859375 0.0375 0.05
1 0.59765625 0.63671875 0.0265625 0.06171875
1 0.56640625 0.6625 0.0390625 0.0453125
1 0.58125 0.6921875 0.03515625 0.04375
1 0.50234375 0.86015625 0.01953125 0.0640625
1 0.4375 0.86328125 0.0703125 0.0265625
1 0.4046875 0.92578125 0.02578125 0.09375
1 0.44921875 0.3796875 0.02734375 0.05703125
1 0.43359375 0.390625 0.0296875 0.0578125
1 0.52890625 0.4453125 0.02265625 0.0671875
1 0.5109375 0.46796875 0.0265625 0.03046875
1 0.46484375 0.48671875 0.0421875 0.04296875
1 0.46015625 0.50390625 0.040625 0.04453125
1 0.51796875 0.55078125 0.0421875 0.040625
1 0.5140625 0.56875 0.04375 0.03984375
1 0.29765625 0.2203125 0.03984375 0.05859375
1 0.31875 0.30078125 0.07265625 0.0359375
1 0.36640625 0.31953125 0.028125 0.02578125
1 0.3640625 0.3546875 0.0484375 0.040625
1 0.35 0.46953125 0.0234375 0.06640625
1 0.37265625 0.47578125 0.03359375 0.059375
1 0.44453125 0.66484375 0.040625 0.04921875
1 0.39296875 0.5234375 0.04296875 0.04375
1 0.265625 0.25703125 0.021875 0.065625
1 0.2140625 0.265625 0.03359375 0.06015625
1 0.2296875 0.29765625 0.0203125 0.06484375
1 0.27578125 0.33046875 0.071875 0.02734375
1 0.1703125 0.3640625 0.0828125 0.0375
1 0.20234375 0.3859375 0.07109375 0.04453125
1 0.21640625 0.41328125 0.06796875 0.0515625
1 0.178125 0.47421875 0.025 0.10390625
1 0.215625 0.546875 0.07734375 0.03515625
1 0.08515625 0.5546875 0.02890625 0.10234375
1 0.26484375 0.53515625 0.03515625 0.059375
1 0.2828125 0.52421875 0.0453125 0.04375
1 0.32734375 0.5265625 0.03203125 0.06015625
1 0.30859375 0.56484375 0.07265625 0.034375
1 0.35859375 0.55390625 0.04296875 0.02734375
1 0.359375 0.57890625 0.06796875 0.02578125
1 0.3921875 0.55 0.05703125 0.0625
1 0.1640625 0.7984375 0.03515625 0.08671875
1 0.20546875 0.7890625 0.01875 0.09609375
1 0.2484375 0.7484375 0.02578125 0.1015625
1 0.33046875 0.87421875 0.04375 0.08203125
1 0.3703125 0.8046875 0.06171875 0.04453125
1 0.3125 0.70625 0.02265625 0.06640625
1 0.36484375 0.75234375 0.04609375 0.0390625
1 0.37890625 0.73671875 0.04375 0.04140625
1 0.4171875 0.753125 0.04453125 0.0734375