0 0.3046875 0.49765625 0.034375 0.0375
0 0.6140625 0.35546875 0.0375 0.040625
0 0.6578125 0.53046875 0.028125 0.046875
0 0.61796875 0.675 0.028125 0.046875
0 0.3859375 0.37109375 0.05 0.034375
0 0.5125 0.4703125 0.034375 0.0375
0 0.59296875 0.31875 0.0203125 0.046875
0 0.56328125 0.43203125 0.01875 0.046875
0 0.1734375 0.54296875 0.025 0.04375
0 0.3609375 0.2578125 0.025 0.0484375
0 0.9109375 0.55625 0.021875 0.0453125
0 0.409375 0.41875 0.01875 0.046875
0 0.37265625 0.33203125 0.028125 0.0453125
0 0.521875 0.43125 0.0375 0.0359375
0 0.6140625 0.5234375 0.0578125 0.025
0 0.703125 0.27578125 0.0296875 0.0375
0 0.42890625 0.590625 0.03125 0.0453125
0 0.60625 0.4515625 0.05625 0.01875
0 0.4015625 0.32578125 0.021875 0.05
0 0.87734375 0.51875 0.021875 0.046875
0 0.78671875 0.49453125 0.053125 0.028125
0 0.6375 0.24375 0.0421875 0.034375
0 0.16328125 0.48671875 0.0375 0.04375
0 0.28671875 0.2328125 0.05 0.0265625
0 0.56796875 0.3015625 0.021875 0.046875
0 0.36015625 0.6234375 0.040625 0.03125
0 0.79609375 0.440625 0.0515625 0.01875
0 0.55859375 0.61171875 0.04375 0.0296875
0 0.86875 0.6703125 0.0359375 0.040625
0 0.44609375 0.275 0.05 0.034375
0 0.48671875 0.48671875 0.0203125 0.05
0 0.47265625 0.67890625 0.0421875 0.03125
0 0.26171875 0.36953125 0.053125 0.025
0 0.2671875 0.50546875 0.040625 0.03125
0 0.71328125 0.7046875 0.0578125 0.0265625
0 0.43203125 0.69296875 0.046875 0.03125
0 0.27890625 0.26484375 0.0484375 0.03125
0 0.53203125 0.5578125 0.046875 0.025
0 0.56015625 0.5046875 0.0203125 0.05
1 0.6375 0.4359375 0.0359375 0.028125
0 0.6765625 0.23671875 0.034375 0.040625
0 0.803125 0.378125 0.05 0.015625
0 0.54765625 0.3109375 0.025 0.0453125
0 0.7453125 0.5390625 0.0375 0.04375
0 0.80546875 0.33828125 0.03125 0.040625
0 0.54765625 0.26328125 0.040625 0.034375
0 0.33828125 0.53046875 0.0578125 0.01875
0 0.221875 0.49765625 0.053125 0.03125
0 0.53828125 0.48984375 0.0375 0.03125
0 0.68984375 0.5171875 0.0375 0.040625
0 0.2484375 0.55625 0.03125 0.040625
0 0.22265625 0.59921875 0.01875 0.046875
1 0.559375 0.69140625 0.0359375 0.034375
0 0.69296875 0.30078125 0.053125 0.028125
0 0.55 0.39921875 0.021875 0.04375
0 0.7265625 0.278125 0.015625 0.0453125
0 0.79921875 0.3921875 0.05625 0.0171875
1 0.3640625 0.434375 0.04375 0.021875
0 0.565625 0.22890625 0.053125 0.0171875
0 0.52890625 0.509375 0.0453125 0.028125
0 0.7828125 0.35 0.025 0.0453125
0 0.25859375 0.5734375 0.034375 0.0390625
0 0.23125 0.51328125 0.034375 0.0375
0 0.51953125 0.68515625 0.0453125 0.0328125
0 0.79140625 0.4078125 0.05 0.01875
0 0.49296875 0.51640625 0.0296875 0.0390625
0 0.5828125 0.384375 0.0234375 0.040625
0 0.83515625 0.5484375 0.053125 0.01875
0 0.47265625 0.2265625 0.05 0.021875
0 0.60390625 0.26875 0.025 0.04375
0 0.38125 0.40078125 0.0421875 0.03125
0 0.74609375 0.4328125 0.046875 0.028125
1 0.38515625 0.715625 0.0390625 0.015625
0 0.684375 0.28203125 0.04375 0.025
0 0.32578125 0.5109375 0.0453125 0.0171875
0 0.23984375 0.53125 0.05 0.0328125
0 0.2546875 0.64453125 0.046875 0.021875