0 0.68671875 0.53515625 0.0890625 0.08125
1 0.659375 0.22890625 0.08125 0.0734375
0 0.55078125 0.646875 0.0875 0.1
1 0.59375 0.3359375 0.071875 0.0796875
0 0.6859375 0.865625 0.10625 0.0875
1 0.3484375 0.7328125 0.115625 0.059375
0 0.628125 0.7609375 0.0625 0.1
0 0.6359375 0.128125 0.0984375 0.115625
1 0.4390625 0.5890625 0.1078125 0.065625
1 0.32265625 0.55625 0.10625 0.0625
1 0.16171875 0.37734375 0.0875 0.04375
0 0.325 0.2765625 0.05 0.1234375
0 0.6765625 0.74296875 0.0375 0.1421875
0 0.2609375 0.44765625 0.125 0.0671875
1 0.43515625 0.43203125 0.103125 0.071875
0 0.6734375 0.83203125 0.096875 0.0703125
1 0.8984375 0.20078125 0.0625 0.10625
0 0.82578125 0.4203125 0.15625 0.04375
1 0.4015625 0.86796875 0.071875 0.0984375
0 0.65703125 0.48671875 0.128125 0.0453125
0 0.44453125 0.22734375 0.1328125 0.0453125
0 0.2140625 0.6625 0.165625 0.04375
0 0.48046875 0.3484375 0.0328125 0.10625
1 0.39765625 0.4984375 0.109375 0.0625
0 0.74765625 0.35 0.075 0.1265625
0 0.53828125 0.1921875 0.153125 0.05625
1 0.44375 0.08828125 0.109375 0.046875
1 0.6015625 0.82109375 0.04375 0.090625
1 0.625 0.43046875 0.0703125 0.08125
0 0.4453125 0.62734375 0.11875 0.0328125
1 0.53828125 0.29375 0.10625 0.0453125
1 0.57421875 0.2390625 0.1078125 0.046875
1 0.26875 0.49765625 0.1125 0.0296875
1 0.65390625 0.37109375 0.1109375 0.0390625
0 0.1 0.46875 0.078125 0.1296875
1 0.18203125 0.26953125 0.040625 0.0890625