0 0.4203125 0.54765625 0.028125 0.0375
0 0.50234375 0.38828125 0.015625 0.04375
1 0.63203125 0.28515625 0.01875 0.0375
0 0.66015625 0.4703125 0.053125 0.028125
0 0.36953125 0.4671875 0.0296875 0.0375
0 0.40234375 0.453125 0.0515625 0.01875
0 0.44921875 0.2421875 0.01875 0.04375
0 0.5046875 0.25234375 0.046875 0.01875
0 0.55390625 0.28671875 0.0328125 0.034375
0 0.696875 0.396875 0.0625 0.0125
0 0.56640625 0.425 0.046875 0.025
0 0.5765625 0.43203125 0.04375 0.025
0 0.52109375 0.44296875 0.028125 0.0375
0 0.4359375 0.428125 0.05625 0.015625
0 0.43359375 0.39921875 0.05625 0.0171875
0 0.27578125 0.3546875 0.053125 0.0171875
0 0.309375 0.4234375 0.059375 0.015625
0 0.46484375 0.4796875 0.025 0.034375
0 0.63515625 0.39765625 0.05625 0.01875
0 0.7 0.34765625 0.053125 0.015625
0 0.65078125 0.3625 0.0265625 0.04375
0 0.4 0.31875 0.053125 0.0125
0 0.32265625 0.32421875 0.034375 0.034375
0 0.5375 0.5046875 0.01875 0.0375
0 0.51640625 0.34140625 0.053125 0.0171875
0 0.7296875 0.29375 0.059375 0.015625
0 0.40859375 0.2671875 0.034375 0.0296875