1 0.6515625 0.64765625 0.059375 0.0609375
1 0.46640625 0.69140625 0.05 0.03125
1 0.26328125 0.66796875 0.05625 0.040625
1 0.2515625 0.52578125 0.025 0.034375
1 0.4359375 0.446875 0.03125 0.028125
1 0.63984375 0.3234375 0.040625 0.03125
0 0.70234375 0.5484375 0.0359375 0.0609375
0 0.75234375 0.471875 0.075 0.0296875
0 0.5875 0.3953125 0.040625 0.075
0 0.746875 0.3671875 0.075 0.034375
0 0.48203125 0.31484375 0.059375 0.053125
0 0.38671875 0.39453125 0.046875 0.06875
0 0.21796875 0.3921875 0.0671875 0.04375
0 0.540625 0.5359375 0.03125 0.065625
0 0.40078125 0.56171875 0.0640625 0.04375