1 0.1921875 0.4546875 0.0578125 0.1
1 0.2859375 0.4140625 0.0828125 0.04375
1 0.36484375 0.24375 0.078125 0.059375
1 0.4734375 0.26328125 0.090625 0.071875
1 0.3828125 0.47890625 0.096875 0.05625
1 0.7921875 0.5578125 0.0515625 0.05625
1 0.75390625 0.52109375 0.078125 0.05625
1 0.6671875 0.55390625 0.040625 0.05625
1 0.428125 0.69765625 0.065625 0.053125
1 0.5546875 0.33359375 0.075 0.05625
1 0.640625 0.38359375 0.059375 0.103125
0 0.70234375 0.578125 0.05 0.09375
1 0.39296875 0.38671875 0.071875 0.078125
0 0.33671875 0.5359375 0.065625 0.090625
1 0.3671875 0.43125 0.0625 0.065625
0 0.4453125 0.4640625 0.071875 0.0859375
0 0.4375 0.328125 0.1125 0.0625
1 0.53125 0.69765625 0.05 0.075
0 0.56953125 0.6 0.05 0.1109375
1 0.62265625 0.62578125 0.078125 0.05625
1 0.60234375 0.48359375 0.05625 0.078125
1 0.578125 0.39375 0.0546875 0.075
1 0.69609375 0.42265625 0.075 0.075
1 0.73828125 0.3828125 0.05625 0.103125
0 0.5390625 0.496875 0.084375 0.090625
1 0.4421875 0.58515625 0.0765625 0.084375
1 0.275 0.63828125 0.075 0.0546875
1 0.27265625 0.22578125 0.0859375 0.0625
1 0.628125 0.31484375 0.0890625 0.0484375
0 0.221875 0.41484375 0.0671875 0.121875
0 0.4734375 0.3671875 0.090625 0.096875
1 0.61875 0.559375 0.04375 0.0671875