0 0.7125 0.33359375 0.05 0.0328125
0 0.75 0.53359375 0.053125 0.0375
1 0.65 0.44765625 0.03125 0.025
0 0.5671875 0.26796875 0.028125 0.0515625
0 0.4515625 0.3015625 0.0625 0.025
0 0.55078125 0.36328125 0.021875 0.053125
1 0.41328125 0.403125 0.0515625 0.0328125
1 0.3359375 0.31875 0.0328125 0.025
1 0.55234375 0.46015625 0.034375 0.0234375
1 0.4859375 0.55703125 0.0375 0.0234375
0 0.63203125 0.67578125 0.0484375 0.04375
0 0.55390625 0.64140625 0.01875 0.0515625
0 0.5265625 0.76640625 0.05625 0.0234375
0 0.22578125 0.64921875 0.028125 0.046875
0 0.35 0.58125 0.053125 0.034375
1 0.2859375 0.46875 0.025 0.03125
1 0.2578125 0.55703125 0.034375 0.028125
1 0.421875 0.5046875 0.01875 0.015625
1 0.43984375 0.65390625 0.040625 0.0375
0 0.440625 0.75234375 0.04375 0.0453125
0 0.37890625 0.76015625 0.0546875 0.015625
0 0.26953125 0.7046875 0.053125 0.0484375