0 0.41953125 0.2625 0.071875 0.084375
0 0.85859375 0.66484375 0.08125 0.0859375
0 0.56171875 0.40546875 0.065625 0.090625
1 0.50546875 0.5296875 0.040625 0.084375
0 0.58359375 0.71328125 0.121875 0.0609375
0 0.2109375 0.31015625 0.0578125 0.071875
0 0.39765625 0.73515625 0.0625 0.0859375
0 0.6328125 0.29453125 0.0875 0.078125
0 0.765625 0.43984375 0.04375 0.0875
0 0.36484375 0.5953125 0.1203125 0.025
0 0.08984375 0.41640625 0.034375 0.1
1 0.75703125 0.65625 0.05 0.0421875
1 0.4703125 0.18359375 0.0375 0.0734375
0 0.58671875 0.51640625 0.05625 0.090625
0 0.7390625 0.4453125 0.0421875 0.0890625
1 0.64296875 0.17265625 0.05 0.028125
0 0.6796875 0.36640625 0.0546875 0.0875
0 0.80859375 0.303125 0.1140625 0.0328125
1 0.6046875 0.2578125 0.03125 0.084375
1 0.759375 0.55078125 0.084375 0.0328125
0 0.26875 0.528125 0.05625 0.0890625
0 0.6734375 0.2109375 0.1140625 0.03125
0 0.5015625 0.65546875 0.103125 0.046875
1 0.225 0.45390625 0.0765625 0.075
1 0.29453125 0.1921875 0.08125 0.05
0 0.17421875 0.571875 0.05625 0.0859375
1 0.46015625 0.36875 0.05625 0.0703125
0 0.534375 0.60546875 0.1328125 0.04375
0 0.296875 0.73125 0.1171875 0.05
0 0.9125 0.58515625 0.121875 0.028125
1 0.80390625 0.43515625 0.034375 0.0796875
1 0.73359375 0.1640625 0.075 0.021875
1 0.49453125 0.31796875 0.0890625 0.0734375
1 0.1828125 0.53125 0.046875 0.075
0 0.13203125 0.52265625 0.034375 0.103125