1 0.43515625 0.784375 0.0796875 0.059375
1 0.23359375 0.58828125 0.06015625 0.06953125
1 0.59453125 0.67890625 0.0796875 0.04921875
1 0.57265625 0.58984375 0.08203125 0.0625
1 0.6609375 0.52421875 0.065625 0.04453125
1 0.8296875 0.5609375 0.05390625 0.05546875
1 0.7515625 0.45 0.05625 0.05859375
1 0.66171875 0.3328125 0.065625 0.03671875
1 0.2296875 0.4390625 0.05859375 0.0578125
1 0.3875 0.57265625 0.07109375 0.05234375
1 0.625 0.76640625 0.05625 0.07421875
1 0.52734375 0.7078125 0.06484375 0.0578125
1 0.36875 0.61953125 0.0671875 0.04140625
1 0.52890625 0.096875 0.07265625 0.084375
1 0.64296875 0.14375 0.0625 0.0828125
1 0.19453125 0.253125 0.078125 0.084375
1 0.41875 0.22109375 0.1140625 0.05859375
1 0.65 0.2484375 0.05625 0.05234375
1 0.43515625 0.42265625 0.0765625 0.03828125
1 0.5671875 0.45390625 0.06640625 0.05
1 0.5734375 0.34375 0.0765625 0.0453125
1 0.8015625 0.346875 0.10078125 0.06328125
0 0.825 0.69296875 0.11640625 0.05078125