0 0.59765625 0.39453125 0.06875 0.0671875
0 0.40625 0.31953125 0.184375 0.05
0 0.11953125 0.3984375 0.059375 0.071875
1 0.14765625 0.5109375 0.05 0.059375
0 0.36171875 0.45546875 0.178125 0.046875
0 0.74375 0.38828125 0.1609375 0.025
0 0.8671875 0.6234375 0.09375 0.0671875
0 0.56796875 0.60859375 0.140625 0.04375
0 0.234375 0.6140625 0.1390625 0.0265625
1 0.709375 0.66796875 0.1453125 0.021875
1 0.478125 0.53828125 0.125 0.028125
0 0.3515625 0.66328125 0.125 0.071875
0 0.74140625 0.51328125 0.121875 0.05625
0 0.88359375 0.45859375 0.11875 0.046875
1 0.525 0.6984375 0.121875 0.053125