0 0.94453125 0.5546875 0.0609375 0.05
0 0.79375 0.61953125 0.071875 0.028125
0 0.81484375 0.371875 0.075 0.034375
0 0.84296875 0.43359375 0.034375 0.0625
0 0.76328125 0.82578125 0.0546875 0.0578125
1 0.7953125 0.4234375 0.0421875 0.021875
1 0.728125 0.2609375 0.03125 0.03125
0 0.6828125 0.21796875 0.0265625 0.053125
1 0.73671875 0.09921875 0.03125 0.028125
1 0.6234375 0.325 0.034375 0.0203125
1 0.64375 0.4671875 0.0328125 0.021875
0 0.69453125 0.47109375 0.059375 0.053125
0 0.6140625 0.53203125 0.0640625 0.046875
0 0.52734375 0.2640625 0.053125 0.05625
0 0.51328125 0.33984375 0.075 0.0328125
0 0.4671875 0.396875 0.075 0.025
1 0.44921875 0.35390625 0.0484375 0.0234375
0 0.390625 0.5109375 0.028125 0.065625
0 0.8578125 0.74375 0.078125 0.025
0 0.8640625 0.8625 0.053125 0.05
0 0.928125 0.75546875 0.0453125 0.04375
1 0.66875 0.74140625 0.0375 0.0296875
0 0.70390625 0.70234375 0.0734375 0.046875
0 0.64140625 0.6359375 0.075 0.0375
0 0.4125 0.58046875 0.040625 0.0546875
1 0.38125 0.61953125 0.028125 0.0296875
0 0.25703125 0.628125 0.059375 0.04375
0 0.20078125 0.70625 0.08125 0.0296875
0 0.47890625 0.81171875 0.046875 0.0625
1 0.5234375 0.87578125 0.0375 0.05625
0 0.19765625 0.87578125 0.053125 0.05625
0 0.115625 0.46171875 0.034375 0.046875
1 0.25234375 0.82578125 0.040625 0.025
1 0.325 0.77578125 0.034375 0.025
1 0.3703125 0.77109375 0.0390625 0.03125
1 0.41640625 0.71640625 0.03125 0.028125
1 0.4703125 0.7203125 0.0328125 0.0296875
0 0.39921875 0.74296875 0.075 0.021875
0 0.46171875 0.65625 0.071875 0.034375
1 0.4375 0.62734375 0.046875 0.0328125
0 0.128125 0.69609375 0.071875 0.0390625
0 0.21328125 0.6625 0.034375 0.0625
1 0.240625 0.5765625 0.034375 0.028125
0 0.20859375 0.5796875 0.0484375 0.053125
1 0.16640625 0.5515625 0.0265625 0.025
1 0.0421875 0.45546875 0.034375 0.01875
0 0.24140625 0.40703125 0.040625 0.05
0 0.27578125 0.3390625 0.034375 0.0578125