0 0.26875 0.146875 0.059375 0.03515625
0 0.378125 0.1390625 0.0609375 0.05859375
0 0.178125 0.6671875 0.06875 0.04921875
0 0.3515625 0.66015625 0.05859375 0.05703125
0 0.309375 0.70859375 0.0671875 0.0359375
0 0.9015625 0.1734375 0.046875 0.0671875
0 0.9203125 0.22421875 0.0515625 0.08046875
0 0.88671875 0.35546875 0.05703125 0.06328125
0 0.8984375 0.41484375 0.046875 0.07734375
0 0.5953125 0.63671875 0.059375 0.06015625
0 0.37265625 0.44609375 0.0390625 0.09609375
0 0.92265625 0.3046875 0.05234375 0.0671875
0 0.78203125 0.825 0.05625 0.0640625
0 0.5203125 0.815625 0.05546875 0.07734375
0 0.703125 0.8484375 0.0484375 0.06875
0 0.85078125 0.50234375 0.05859375 0.053125
0 0.690625 0.76171875 0.0515625 0.07265625
0 0.715625 0.7796875 0.04609375 0.071875
1 0.70390625 0.7046875 0.046875 0.06640625
0 0.72109375 0.58671875 0.046875 0.06484375
0 0.73125 0.559375 0.04375 0.0671875
1 0.7859375 0.58828125 0.03359375 0.06015625
0 0.7859375 0.72890625 0.04921875 0.07890625
0 0.83359375 0.75 0.06484375 0.05234375
0 0.48203125 0.80625 0.0578125 0.0515625
0 0.6359375 0.88046875 0.05703125 0.059375
0 0.53203125 0.93984375 0.06328125 0.03984375
0 0.54609375 0.8796875 0.05234375 0.053125
0 0.4015625 0.684375 0.0484375 0.08671875
0 0.2609375 0.92109375 0.06171875 0.04609375
1 0.315625 0.9171875 0.03984375 0.0484375
1 0.76484375 0.228125 0.0265625 0.0515625
0 0.2796875 0.79296875 0.03828125 0.09765625
0 0.128125 0.80546875 0.046875 0.0875
0 0.1484375 0.48203125 0.04921875 0.0890625
1 0.11796875 0.9265625 0.03125 0.06015625
0 0.29921875 0.40625 0.0671875 0.040625
0 0.30859375 0.28203125 0.0421875 0.0734375
0 0.48046875 0.3703125 0.04609375 0.06953125
0 0.19921875 0.4125 0.05546875 0.06796875
0 0.18515625 0.51796875 0.03828125 0.09609375
0 0.21796875 0.5390625 0.03828125 0.0953125
0 0.24609375 0.48828125 0.0328125 0.09296875
0 0.29765625 0.56015625 0.03203125 0.09375
0 0.43984375 0.53984375 0.0515625 0.05703125
0 0.48984375 0.51015625 0.0484375 0.078125
0 0.39296875 0.42265625 0.0296875 0.0859375
0 0.41328125 0.3875 0.03515625 0.09296875
1 0.34453125 0.35390625 0.0359375 0.0578125
0 0.5125 0.5921875 0.0359375 0.08828125
0 0.57109375 0.5921875 0.06171875 0.04140625
0 0.6359375 0.6296875 0.040625 0.071875
0 0.6140625 0.8328125 0.05703125 0.05078125
0 0.64609375 0.29453125 0.0390625 0.0875
1 0.65546875 0.27109375 0.0234375 0.04140625
0 0.67734375 0.3515625 0.0421875 0.07890625
0 0.71953125 0.3359375 0.05 0.06875
1 0.63125 0.34765625 0.03203125 0.03515625
0 0.6203125 0.41484375 0.046875 0.0609375
0 0.6953125 0.44296875 0.05390625 0.05625
1 0.753125 0.37734375 0.02265625 0.07890625
0 0.76484375 0.4375 0.03046875 0.0890625
0 0.7828125 0.46484375 0.03046875 0.0921875