0 0.48125 0.76953125 0.05 0.053125
0 0.44375 0.646875 0.0421875 0.084375
0 0.5625 0.49921875 0.05 0.0546875
1 0.509375 0.51328125 0.0328125 0.0375
0 0.3953125 0.45625 0.046875 0.0625
0 0.3234375 0.44296875 0.05 0.0484375
0 0.53984375 0.36484375 0.0328125 0.075
0 0.390625 0.11953125 0.0296875 0.0890625
0 0.31640625 0.1390625 0.034375 0.084375
0 0.25703125 0.3125 0.0234375 0.0875
0 0.28125 0.2765625 0.046875 0.0390625
0 0.28515625 0.178125 0.03125 0.0890625
0 0.2234375 0.05234375 0.03125 0.0875
0 0.190625 0.03515625 0.0421875 0.065625
0 0.23125 0.1546875 0.0265625 0.078125
0 0.2125 0.140625 0.0359375 0.078125
1 0.171875 0.11875 0.03125 0.040625
0 0.5546875 0.15 0.05 0.04375
0 0.51875 0.13359375 0.0375 0.071875
0 0.509375 0.053125 0.03125 0.096875
0 0.565625 0.03984375 0.046875 0.05
1 0.5625 0.0734375 0.028125 0.0421875
0 0.71875 0.2515625 0.0546875 0.0515625
1 0.75625 0.03125 0.034375 0.04375
0 0.63828125 0.23359375 0.028125 0.0875