1 0.39296875 0.15078125 0.05546875 0.02734375
1 0.72578125 0.15390625 0.0390625 0.046875
0 0.19453125 0.19140625 0.06328125 0.021875
0 0.62421875 0.18828125 0.0546875 0.0328125
0 0.609375 0.221875 0.0421875 0.04296875
0 0.66875 0.23671875 0.03359375 0.05
0 0.1625 0.21484375 0.0625 0.02421875
0 0.18359375 0.2359375 0.05625 0.034375
1 0.4734375 0.21484375 0.03359375 0.0421875
0 0.14453125 0.38828125 0.034375 0.04921875
0 0.17578125 0.38515625 0.040625 0.04921875
0 0.22734375 0.40703125 0.04609375 0.040625
1 0.05078125 0.46796875 0.02265625 0.04609375
1 0.04609375 0.40625 0.025 0.05078125
1 0.25 0.52734375 0.03203125 0.03046875
0 0.27578125 0.51953125 0.05625 0.034375
0 0.27109375 0.5609375 0.05703125 0.02890625
0 0.31015625 0.5609375 0.03359375 0.0390625
0 0.22890625 0.65546875 0.03828125 0.04375
0 0.24453125 0.63515625 0.03515625 0.04140625
0 0.2703125 0.63359375 0.034375 0.04609375
0 0.6890625 0.653125 0.03359375 0.040625
1 0.709375 0.6328125 0.04921875 0.0328125
1 0.775 0.6421875 0.03359375 0.03359375
1 0.38125 0.6265625 0.0453125 0.0296875
0 0.4140625 0.6703125 0.028125 0.04375
0 0.45078125 0.665625 0.03125 0.0421875
0 0.490625 0.6765625 0.059375 0.0234375
0 0.46328125 0.62890625 0.05390625 0.03125
0 0.5203125 0.63125 0.05078125 0.03125
1 0.51484375 0.61484375 0.046875 0.02890625
0 0.5125 0.5734375 0.059375 0.02109375
0 0.46875 0.52421875 0.0296875 0.046875
1 0.5 0.5390625 0.04921875 0.0203125
0 0.3 0.253125 0.03359375 0.05078125
0 0.31015625 0.30546875 0.034375 0.05078125
0 0.69453125 0.5484375 0.0546875 0.0296875
0 0.5546875 0.534375 0.03125 0.03515625
0 0.69609375 0.45703125 0.0625 0.02421875
0 0.6890625 0.4796875 0.0546875 0.034375
0 0.72890625 0.5046875 0.06328125 0.01953125
0 0.65625 0.515625 0.0578125 0.01953125
1 0.7609375 0.51796875 0.0484375 0.0265625
1 0.484375 0.48671875 0.06171875 0.02109375
0 0.37734375 0.43203125 0.02890625 0.04375
0 0.4125 0.40703125 0.0265625 0.05234375
0 0.53515625 0.23671875 0.0421875 0.0390625
1 0.79765625 0.25078125 0.03828125 0.04375
0 0.3984375 0.3390625 0.03828125 0.0484375
0 0.553125 0.4171875 0.04609375 0.0375
1 0.56484375 0.39140625 0.03203125 0.0328125
1 0.60546875 0.38671875 0.0390625 0.0359375
0 0.63515625 0.3953125 0.02734375 0.0484375
0 0.6890625 0.36796875 0.04296875 0.04296875
1 0.3609375 0.34453125 0.025 0.0359375
0 0.41015625 0.29765625 0.0390625 0.0421875
0 0.6140625 0.26796875 0.0609375 0.03125
1 0.61875 0.30234375 0.03828125 0.03359375
0 0.45625 0.253125 0.0625 0.02265625
1 0.53515625 0.33984375 0.02890625 0.04609375
0 0.76953125 0.2578125 0.03984375 0.04453125
1 0.8234375 0.34921875 0.08671875 0.03671875
0 0.815625 0.38203125 0.053125 0.03828125
1 0.840625 0.55546875 0.0375 0.02421875
1 0.45078125 0.41796875 0.03515625 0.0359375
0 0.35703125 0.38046875 0.04375 0.04140625