0 0.409375 0.19375 0.046875 0.046875
0 0.3828125 0.32265625 0.0375 0.065625
1 0.5609375 0.49140625 0.034375 0.04375
0 0.55078125 0.321875 0.04375 0.046875
0 0.39453125 0.5734375 0.046875 0.040625
0 0.5078125 0.6453125 0.05 0.0375
0 0.325 0.596875 0.040625 0.0421875
0 0.5921875 0.81328125 0.03125 0.065625
0 0.46640625 0.74921875 0.040625 0.04375
0 0.7265625 0.3578125 0.05 0.03125
0 0.36796875 0.9109375 0.03125 0.0625
0 0.35703125 0.92265625 0.0328125 0.059375
0 0.47265625 0.15703125 0.0375 0.065625
0 0.290625 0.32890625 0.04375 0.0625
0 0.62421875 0.4890625 0.0390625 0.028125
0 0.51640625 0.2296875 0.046875 0.0375
0 0.4453125 0.68515625 0.046875 0.0359375
0 0.42890625 0.3453125 0.03125 0.0671875
0 0.6796875 0.55546875 0.03125 0.053125
0 0.75859375 0.5484375 0.0453125 0.03125
1 0.66328125 0.2875 0.03125 0.04375
0 0.2578125 0.71796875 0.03125 0.0734375
0 0.684375 0.37890625 0.03125 0.05625
0 0.41171875 0.83046875 0.053125 0.028125
1 0.28359375 0.82890625 0.034375 0.0609375
0 0.4515625 0.575 0.025 0.065625
0 0.30078125 0.26484375 0.059375 0.0421875
0 0.4265625 0.66953125 0.0375 0.05625
0 0.5265625 0.36640625 0.053125 0.034375
1 0.4515625 0.4390625 0.028125 0.0484375
0 0.653125 0.8015625 0.025 0.0625
0 0.7578125 0.48671875 0.03125 0.0546875
0 0.58515625 0.753125 0.021875 0.059375
0 0.253125 0.4296875 0.0484375 0.046875
0 0.371875 0.746875 0.025 0.06875
0 0.22265625 0.546875 0.0265625 0.071875
0 0.57421875 0.18984375 0.05 0.0484375
0 0.68046875 0.2234375 0.0546875 0.025
1 0.6140625 0.74921875 0.025 0.046875
0 0.48984375 0.88828125 0.0265625 0.065625
0 0.346875 0.1515625 0.025 0.06875
0 0.596875 0.6390625 0.025 0.0625
0 0.59609375 0.37421875 0.021875 0.0640625
0 0.3796875 0.4375 0.021875 0.0609375
0 0.37421875 0.59609375 0.0359375 0.05
0 0.503125 0.67421875 0.04375 0.028125