0 0.3421875 0.73203125 0.06328125 0.046875
1 0.43984375 0.72578125 0.0671875 0.02265625
0 0.53515625 0.73125 0.08125 0.02109375
1 0.52578125 0.69453125 0.053125 0.0421875
1 0.5734375 0.7015625 0.04921875 0.02734375
1 0.31640625 0.671875 0.02890625 0.0375
1 0.2578125 0.65546875 0.053125 0.040625
1 0.221875 0.615625 0.05078125 0.0375
0 0.4484375 0.6703125 0.03125 0.06484375
1 0.37734375 0.65234375 0.05390625 0.053125
1 0.28515625 0.64375 0.03515625 0.04921875
1 0.64921875 0.6703125 0.028125 0.04921875
1 0.6 0.66484375 0.06640625 0.025
1 0.66171875 0.6375 0.05078125 0.04140625
1 0.678125 0.58203125 0.03359375 0.03125
1 0.58515625 0.6265625 0.05625 0.03046875
1 0.56484375 0.61484375 0.0609375 0.04375
1 0.33203125 0.59921875 0.046875 0.03671875
0 0.325 0.62734375 0.040625 0.0546875
1 0.4078125 0.58515625 0.03125 0.04609375
1 0.43515625 0.60234375 0.0296875 0.0484375
1 0.49921875 0.58671875 0.053125 0.03046875
0 0.58046875 0.58203125 0.08125 0.02421875
1 0.20390625 0.540625 0.05234375 0.04140625
1 0.2296875 0.56796875 0.0421875 0.05546875
1 0.19453125 0.48671875 0.046875 0.0515625
1 0.23359375 0.48671875 0.03828125 0.04921875
1 0.33515625 0.546875 0.0609375 0.0328125
1 0.178125 0.37890625 0.05625 0.03046875
1 0.24921875 0.38125 0.03515625 0.0484375
1 0.35078125 0.34765625 0.04375 0.0453125
1 0.39296875 0.32734375 0.03828125 0.04375
1 0.3359375 0.45625 0.046875 0.04375
1 0.37421875 0.44609375 0.04765625 0.0375
1 0.43125 0.41875 0.0296875 0.04765625
1 0.503125 0.528125 0.03984375 0.0421875
1 0.5171875 0.5609375 0.05546875 0.02734375
1 0.54609375 0.50859375 0.03203125 0.04765625
1 0.33671875 0.49921875 0.06484375 0.03515625
1 0.3890625 0.515625 0.046875 0.040625
0 0.5828125 0.54140625 0.07578125 0.03125
0 0.65859375 0.53046875 0.04609375 0.05078125
0 0.49140625 0.49609375 0.05078125 0.053125
0 0.46484375 0.4578125 0.06953125 0.04453125
0 0.2484375 0.42890625 0.0765625 0.028125
0 0.2953125 0.38671875 0.04296875 0.06171875
0 0.43125 0.346875 0.03203125 0.06015625
1 0.4609375 0.3515625 0.034375 0.053125
0 0.46484375 0.40390625 0.04140625 0.06484375
0 0.49296875 0.40703125 0.04453125 0.0625
0 0.5859375 0.37109375 0.0296875 0.065625
0 0.63125 0.3890625 0.03046875 0.065625
1 0.60703125 0.47265625 0.0546875 0.04609375
1 0.628125 0.4875 0.05078125 0.02734375
1 0.64921875 0.44921875 0.03046875 0.05078125