1 0.796875 0.5421875 0.0296875 0.0703125
1 0.7375 0.76953125 0.040625 0.078125
1 0.76953125 0.39453125 0.034375 0.071875
1 0.71640625 0.265625 0.046875 0.05
1 0.621875 0.4796875 0.040625 0.05
0 0.57578125 0.3265625 0.075 0.0453125
1 0.5953125 0.18828125 0.028125 0.05
0 0.53515625 0.128125 0.065625 0.0953125
1 0.64140625 0.7578125 0.040625 0.05625
1 0.53125 0.83046875 0.04375 0.078125
1 0.565625 0.6546875 0.0515625 0.053125
1 0.490625 0.5375 0.028125 0.0671875
1 0.47109375 0.37421875 0.05 0.06875
1 0.3109375 0.878125 0.053125 0.08125
1 0.3359375 0.6984375 0.0265625 0.0640625
1 0.30390625 0.54765625 0.034375 0.05625
1 0.259375 0.42421875 0.0421875 0.0515625
1 0.2953125 0.3203125 0.05 0.04375
1 0.234375 0.73671875 0.05 0.071875
1 0.1765625 0.50234375 0.05 0.075
1 0.17734375 0.61953125 0.034375 0.040625
0 0.44453125 0.72421875 0.025 0.10625
0 0.428125 0.85546875 0.0734375 0.04375
1 0.38984375 0.61328125 0.04375 0.078125
0 0.38671875 0.44296875 0.0625 0.046875
0 0.41640625 0.22265625 0.06875 0.0546875
0 0.71015625 0.58984375 0.0296875 0.11875