0 0.5890625 0.61171875 0.05 0.04609375
0 0.2078125 0.40390625 0.04296875 0.05546875
0 0.2515625 0.4421875 0.05078125 0.0578125
0 0.4875 0.36875 0.04140625 0.05546875
0 0.75234375 0.52578125 0.04609375 0.06328125
0 0.3765625 0.43125 0.04296875 0.05546875
0 0.64453125 0.52578125 0.05625 0.040625
0 0.4328125 0.6640625 0.0484375 0.05078125
0 0.44296875 0.6078125 0.06171875 0.02890625
0 0.57890625 0.5609375 0.05 0.0515625
0 0.4328125 0.321875 0.03125 0.0609375
0 0.26328125 0.6296875 0.0359375 0.06796875
0 0.61796875 0.66796875 0.065625 0.034375
0 0.440625 0.48515625 0.03671875 0.06640625
0 0.73984375 0.7703125 0.03984375 0.065625
0 0.7640625 0.4375 0.059375 0.046875
0 0.48359375 0.4609375 0.0296875 0.0625
0 0.5859375 0.7765625 0.02265625 0.06875
0 0.6328125 0.34609375 0.06171875 0.03046875
1 0.403125 0.2921875 0.025 0.04453125
0 0.76171875 0.63515625 0.04765625 0.03984375
0 0.6921875 0.39296875 0.0625 0.03515625
0 0.340625 0.4546875 0.025 0.06875
1 0.5421875 0.7125 0.05390625 0.03046875
0 0.58046875 0.6671875 0.04765625 0.06171875
0 0.565625 0.39296875 0.02265625 0.065625
0 0.68046875 0.45625 0.025 0.06640625
0 0.209375 0.58984375 0.06328125 0.034375
0 0.3359375 0.33046875 0.02109375 0.065625
0 0.65546875 0.4390625 0.03203125 0.0625
0 0.33046875 0.54453125 0.06015625 0.0203125
0 0.61640625 0.45 0.02109375 0.06796875
0 0.62734375 0.40390625 0.06640625 0.0203125
0 0.77421875 0.39375 0.03671875 0.06640625