0 0.33359375 0.2875 0.0328125 0.05078125
0 0.53359375 0.25 0.03828125 0.05234375
1 0.44765625 0.35 0.02421875 0.03125
0 0.26796875 0.4328125 0.0515625 0.02734375
0 0.3015625 0.5484375 0.02578125 0.0625
0 0.36328125 0.44921875 0.05390625 0.021875
1 0.403125 0.58671875 0.0328125 0.0515625
1 0.31875 0.6640625 0.02421875 0.0328125
1 0.46015625 0.44765625 0.0234375 0.03359375
1 0.55703125 0.5140625 0.0234375 0.03828125
0 0.67578125 0.36796875 0.04296875 0.0484375
0 0.64140625 0.44609375 0.0515625 0.01796875
0 0.76640625 0.4734375 0.0234375 0.05625
0 0.64921875 0.77421875 0.04765625 0.02890625
0 0.58125 0.65 0.03515625 0.05234375
1 0.46875 0.7140625 0.03203125 0.02578125
1 0.55703125 0.7421875 0.02734375 0.03515625
1 0.5046875 0.578125 0.015625 0.01953125
1 0.65390625 0.56015625 0.03671875 0.03984375
0 0.75234375 0.559375 0.0453125 0.04296875
0 0.76015625 0.62109375 0.01640625 0.0546875
0 0.7046875 0.73046875 0.0484375 0.053125