1 0.25390625 0.12421875 0.10859375 0.05078125
1 0.43671875 0.090625 0.11328125 0.065625
1 0.61328125 0.115625 0.096875 0.03828125
1 0.75703125 0.19921875 0.059375 0.03515625
1 0.79921875 0.29375 0.11796875 0.05078125
1 0.6421875 0.25390625 0.08046875 0.03359375
1 0.496875 0.23203125 0.1125 0.06171875
1 0.16015625 0.2421875 0.08671875 0.07578125
1 0.14140625 0.36875 0.0765625 0.08125
1 0.3 0.30625 0.096875 0.05703125
1 0.30546875 0.40703125 0.08203125 0.06953125
1 0.45625 0.42734375 0.090625 0.0859375
1 0.57578125 0.4734375 0.0515625 0.0578125
1 0.63671875 0.34296875 0.11484375 0.06015625
1 0.703125 0.44296875 0.11171875 0.05625
1 0.84453125 0.40859375 0.0953125 0.06015625
1 0.86328125 0.5046875 0.13984375 0.0640625
1 0.30859375 0.21328125 0.134375 0.059375
1 0.1390625 0.4734375 0.05625 0.06484375
1 0.12109375 0.60703125 0.05078125 0.11015625
1 0.22890625 0.5671875 0.05859375 0.084375
1 0.35390625 0.534375 0.11015625 0.07890625
1 0.4953125 0.54453125 0.11015625 0.07578125
1 0.17265625 0.72421875 0.0984375 0.0578125
1 0.24765625 0.66875 0.08828125 0.0703125
1 0.32421875 0.7421875 0.0515625 0.0515625
1 0.48203125 0.72421875 0.10625 0.04453125
1 0.49609375 0.640625 0.040625 0.065625
1 0.6484375 0.578125 0.08828125 0.03515625
1 0.75390625 0.58046875 0.06953125 0.059375
1 0.89296875 0.60546875 0.121875 0.0453125
1 0.9 0.6984375 0.06640625 0.06328125
1 0.67734375 0.64921875 0.0859375 0.0515625
1 0.771875 0.7171875 0.11328125 0.0578125
1 0.65078125 0.734375 0.07734375 0.04765625
1 0.5671875 0.78125 0.0625 0.04765625
1 0.378125 0.78125 0.0671875 0.04453125
1 0.24609375 0.83125 0.103125 0.065625
1 0.3796875 0.92265625 0.11875 0.05625
1 0.53515625 0.93046875 0.10234375 0.0546875
1 0.61953125 0.85390625 0.1046875 0.0359375
1 0.48671875 0.85234375 0.04375 0.0265625
1 0.7515625 0.79609375 0.1109375 0.06328125