0 0.1640625 0.89921875 0.01953125 0.04609375
0 0.59609375 0.809375 0.034375 0.03515625
0 0.70546875 0.81328125 0.025 0.04375
0 0.71328125 0.690625 0.03515625 0.03359375
1 0.88828125 0.5828125 0.02421875 0.02109375
0 0.20234375 0.05078125 0.04375 0.01953125
0 0.26796875 0.69453125 0.04375 0.02890625
0 0.190625 0.6484375 0.0203125 0.0453125
0 0.22734375 0.65546875 0.0375 0.0265625
0 0.12578125 0.44375 0.0296875 0.03203125
0 0.1953125 0.5 0.028125 0.0375
0 0.25234375 0.378125 0.0453125 0.02265625
1 0.51640625 0.621875 0.02109375 0.02734375
0 0.73046875 0.4578125 0.03359375 0.03515625
0 0.696875 0.43359375 0.028125 0.03828125
0 0.1359375 0.2265625 0.02265625 0.04296875
0 0.23125 0.26171875 0.025 0.0421875
0 0.34296875 0.334375 0.04609375 0.02578125
0 0.3734375 0.27578125 0.02890625 0.03828125
0 0.30234375 0.19609375 0.03125 0.0453125
1 0.29140625 0.17890625 0.0234375 0.02734375
0 0.075 0.15 0.03125 0.034375
0 0.3765625 0.11328125 0.03203125 0.03125
0 0.4046875 0.1453125 0.01953125 0.04921875
0 0.6640625 0.196875 0.03359375 0.0359375
0 0.54453125 0.1375 0.04375 0.03359375
0 0.596875 0.13203125 0.04609375 0.01796875
0 0.72265625 0.08203125 0.034375 0.0328125
0 0.77578125 0.0953125 0.03671875 0.034375
0 0.84765625 0.10546875 0.05078125 0.01796875
0 0.9265625 0.26796875 0.03203125 0.0375
0 0.89375 0.31484375 0.01796875 0.04375
0 0.853125 0.31875 0.03359375 0.0421875
0 0.4953125 0.2921875 0.02109375 0.04453125
0 0.53828125 0.28671875 0.01640625 0.04453125
0 0.55546875 0.2890625 0.0171875 0.0484375
0 0.67109375 0.31328125 0.04765625 0.01953125
0 0.57734375 0.34140625 0.03984375 0.0296875
0 0.6078125 0.35078125 0.0140625 0.03984375
0 0.6625 0.3546875 0.046875 0.01640625
0 0.7453125 0.340625 0.04296875 0.02421875
0 0.74609375 0.18359375 0.04140625 0.03046875
1 0.71171875 0.19296875 0.03359375 0.021875