0 0.83125 0.346875 0.034375 0.0359375
1 0.75625 0.36015625 0.0359375 0.0296875
1 0.77578125 0.53359375 0.0359375 0.028125
1 0.33125 0.4125 0.015625 0.03125
0 0.74140625 0.44453125 0.034375 0.0265625
0 0.728125 0.53125 0.040625 0.034375
0 0.70625 0.3671875 0.025 0.0546875
0 0.65546875 0.3546875 0.0234375 0.05625
1 0.696875 0.49453125 0.0203125 0.0453125
1 0.6296875 0.4640625 0.015625 0.0421875
0 0.628125 0.37890625 0.0171875 0.0546875
0 0.6109375 0.36484375 0.021875 0.0546875
0 0.60703125 0.47421875 0.040625 0.0265625
0 0.6109375 0.2296875 0.034375 0.0375
0 0.434375 0.15703125 0.0328125 0.04375
1 0.47421875 0.08671875 0.025 0.0234375
0 0.49765625 0.3453125 0.0375 0.025
0 0.45546875 0.3171875 0.0375 0.0296875
0 0.36484375 0.22890625 0.025 0.0515625
0 0.75 0.74375 0.0296875 0.053125
0 0.7296875 0.78046875 0.046875 0.025
1 0.71875 0.75234375 0.034375 0.034375
1 0.6765625 0.703125 0.03125 0.025
1 0.73203125 0.721875 0.028125 0.025
0 0.6421875 0.6484375 0.025 0.046875
1 0.61875 0.58515625 0.01875 0.053125
1 0.61015625 0.56171875 0.028125 0.021875
0 0.55546875 0.54921875 0.040625 0.025
1 0.5375 0.56953125 0.034375 0.03125
0 0.63671875 0.8296875 0.0375 0.0359375
0 0.628125 0.79765625 0.0375 0.028125
1 0.49453125 0.37421875 0.0375 0.025
1 0.43359375 0.371875 0.021875 0.05
1 0.40859375 0.409375 0.0265625 0.021875
1 0.5796875 0.696875 0.0171875 0.053125
0 0.5546875 0.64453125 0.01875 0.053125
0 0.56640625 0.928125 0.040625 0.0328125
0 0.5921875 0.90234375 0.034375 0.040625
0 0.59453125 0.83203125 0.034375 0.0484375
0 0.5359375 0.815625 0.0203125 0.05625
0 0.534375 0.7640625 0.01875 0.053125
0 0.4921875 0.67890625 0.0375 0.03125
0 0.48515625 0.65 0.0296875 0.040625
1 0.46953125 0.62578125 0.028125 0.034375
1 0.68671875 0.89609375 0.0265625 0.0328125
0 0.4796875 0.8234375 0.01875 0.05625
0 0.421875 0.83515625 0.040625 0.03125
0 0.4140625 0.8703125 0.034375 0.0375
0 0.38359375 0.89765625 0.021875 0.0515625
1 0.37421875 0.93515625 0.0375 0.03125
0 0.3875 0.47421875 0.0375 0.025
0 0.42578125 0.5515625 0.01875 0.0546875
0 0.34921875 0.56875 0.0375 0.03125
1 0.3203125 0.53203125 0.01875 0.04375
0 0.22890625 0.51171875 0.0375 0.0234375
0 0.2125 0.53046875 0.0375 0.03125
0 0.2609375 0.68984375 0.01875 0.0515625
0 0.29453125 0.68203125 0.025 0.0421875
0 0.3578125 0.66484375 0.01875 0.053125
1 0.3375 0.71953125 0.034375 0.0234375
0 0.45546875 0.5515625 0.0234375 0.04375
1 0.47109375 0.51796875 0.015625 0.05625
1 0.50859375 0.55546875 0.01875 0.0421875
0 0.4234375 0.2828125 0.0203125 0.046875
0 0.61015625 0.72734375 0.0296875 0.0421875