1 0.2796875 0.4625 0.04453125 0.02890625
1 0.571875 0.46015625 0.0421875 0.03046875
1 0.59453125 0.33203125 0.034375 0.03203125
1 0.40625 0.646875 0.059375 0.03125
1 0.37265625 0.38984375 0.0359375 0.04453125
0 0.79609375 0.3984375 0.05546875 0.03828125
0 0.6765625 0.44140625 0.059375 0.0390625
0 0.49453125 0.3890625 0.02734375 0.0609375
0 0.3953125 0.52578125 0.04296875 0.0609375
0 0.61640625 0.58359375 0.0453125 0.05
0 0.28671875 0.28046875 0.07265625 0.0328125
0 0.2796875 0.603125 0.03671875 0.06015625
0 0.51328125 0.64453125 0.0625 0.040625
0 0.41484375 0.26015625 0.07109375 0.034375