0 0.06484375 0.37890625 0.08203125 0.0484375
1 0.19140625 0.34140625 0.10625 0.03671875
0 0.14921875 0.578125 0.0828125 0.06796875
0 0.35390625 0.2609375 0.04296875 0.09921875
0 0.4859375 0.25234375 0.03515625 0.08984375
0 0.57578125 0.2546875 0.03046875 0.10078125
0 0.73515625 0.25703125 0.05078125 0.11484375
0 0.871875 0.30703125 0.07421875 0.0890625
0 0.1859375 0.41484375 0.0453125 0.096875
0 0.34921875 0.37421875 0.05 0.084375
0 0.47578125 0.39375 0.0890625 0.03203125
1 0.57421875 0.36484375 0.03984375 0.0734375
0 0.659375 0.359375 0.05859375 0.090625
1 0.79765625 0.36484375 0.0609375 0.09296875
0 0.684375 0.44609375 0.04765625 0.07890625
0 0.25546875 0.52734375 0.07890625 0.0703125
0 0.38984375 0.49140625 0.0859375 0.028125
0 0.5015625 0.4828125 0.05859375 0.09453125
0 0.940625 0.428125 0.0484375 0.07578125
0 0.8625 0.4890625 0.04765625 0.0859375
0 0.80703125 0.56015625 0.034375 0.09453125
0 0.628125 0.5453125 0.09140625 0.04453125
0 0.578125 0.534375 0.07890625 0.0390625
1 0.3625 0.5734375 0.06015625 0.0796875
1 0.1671875 0.6875 0.05 0.0875
0 0.2578125 0.6515625 0.03203125 0.1046875
0 0.24140625 0.78125 0.09375 0.0359375
1 0.37421875 0.78046875 0.0953125 0.03203125
0 0.434375 0.70625 0.0453125 0.103125
0 0.48125 0.59453125 0.04609375 0.10234375
0 0.51875 0.64140625 0.03203125 0.09765625
0 0.784375 0.625 0.08125 0.06796875
1 0.68125 0.66953125 0.0390625 0.08125
0 0.58828125 0.7578125 0.04140625 0.10703125
1 0.7109375 0.7328125 0.059375 0.075