1 0.3375 0.45546875 0.04375 0.0453125
1 0.584375 0.47265625 0.05859375 0.0375
1 0.5359375 0.6484375 0.05 0.0375
1 0.59296875 0.61953125 0.0421875 0.040625
0 0.58125 0.71015625 0.05234375 0.0578125
0 0.4546875 0.4484375 0.034375 0.05546875
1 0.33359375 0.5234375 0.075 0.02734375
1 0.6734375 0.52890625 0.05625 0.0296875
1 0.4203125 0.64296875 0.0640625 0.02890625
1 0.41953125 0.59375 0.05390625 0.03046875
1 0.35078125 0.58125 0.0734375 0.03359375
1 0.3171875 0.6078125 0.06328125 0.02421875
1 0.66796875 0.6453125 0.0625 0.02890625
0 0.39453125 0.52421875 0.0390625 0.0640625
0 0.49921875 0.55703125 0.04453125 0.0609375
0 0.53515625 0.5390625 0.0375 0.05859375
0 0.58671875 0.56171875 0.0625 0.053125
0 0.4828125 0.6875 0.05234375 0.04921875