0 0.34296875 0.34140625 0.0546875 0.08359375
0 0.5484375 0.41640625 0.0453125 0.09921875
0 0.28046875 0.46953125 0.04140625 0.07734375
0 0.22421875 0.5671875 0.075 0.04296875
0 0.4453125 0.5 0.02890625 0.084375
0 0.3828125 0.684375 0.04453125 0.09453125
0 0.48359375 0.80078125 0.0578125 0.07578125
0 0.58671875 0.70390625 0.05078125 0.0875
0 0.7578125 0.721875 0.065625 0.06328125
1 0.56171875 0.25625 0.0375 0.0609375
0 0.21953125 0.70703125 0.07421875 0.0515625
1 0.5421875 0.62890625 0.03046875 0.03671875
1 0.3234375 0.77421875 0.04140625 0.03828125
1 0.70234375 0.40390625 0.05 0.06015625
1 0.734375 0.540625 0.0265625 0.046875