1 0.39296875 0.13359375 0.11484375 0.025
1 0.09765625 0.28359375 0.05546875 0.04296875
1 0.25859375 0.2421875 0.065625 0.07265625
1 0.48515625 0.25078125 0.06640625 0.0375
1 0.6484375 0.21015625 0.06015625 0.0265625
0 0.6921875 0.35234375 0.0421875 0.053125
0 0.30625 0.375 0.0828125 0.0328125
1 0.084375 0.74765625 0.053125 0.06171875
1 0.01953125 0.6421875 0.0390625 0.03203125
0 0.03828125 0.56484375 0.07578125 0.03125
1 0.12265625 0.46640625 0.03984375 0.03046875
1 0.65234375 0.46484375 0.0359375 0.03359375
1 0.4015625 0.534375 0.03046875 0.071875
1 0.653125 0.5234375 0.06796875 0.034375
1 0.19453125 0.5421875 0.08828125 0.02109375