1 0.78046875 0.65625 0.0203125 0.03125
1 0.7859375 0.84609375 0.028125 0.0328125
1 0.71015625 0.92734375 0.0234375 0.03125
1 0.6734375 0.77890625 0.021875 0.028125
1 0.64453125 0.8328125 0.01875 0.04375
1 0.20703125 0.7390625 0.015625 0.034375
1 0.6828125 0.5625 0.0234375 0.0375
1 0.68203125 0.64765625 0.01875 0.034375
1 0.6453125 0.75859375 0.0171875 0.034375
1 0.30859375 0.58125 0.0140625 0.0375
1 0.59375 0.64453125 0.0203125 0.028125
1 0.40703125 0.56484375 0.0125 0.0484375
1 0.3828125 0.61640625 0.0140625 0.0453125
1 0.3953125 0.39765625 0.021875 0.028125
0 0.36640625 0.4234375 0.025 0.0484375
0 0.30078125 0.54296875 0.028125 0.0390625
1 0.6078125 0.7234375 0.0234375 0.0375
1 0.51796875 0.80859375 0.01875 0.0359375
0 0.42421875 0.43984375 0.03125 0.0390625
0 0.42109375 0.778125 0.0328125 0.03125
1 0.434375 0.99140625 0.0203125 0.0171875