0 0.1984375 0.2421875 0.05234375 0.025
0 0.371875 0.25703125 0.05859375 0.021875
0 0.6546875 0.23359375 0.04375 0.03671875
0 0.6921875 0.2984375 0.04296875 0.02890625
0 0.5890625 0.2984375 0.053125 0.03203125
0 0.29140625 0.346875 0.03515625 0.04140625
0 0.43125 0.39140625 0.0546875 0.0203125
1 0.51328125 0.17578125 0.03046875 0.03359375
1 0.325 0.24921875 0.04453125 0.0265625
1 0.87734375 0.2875 0.025 0.0390625
0 0.3 0.31640625 0.0484375 0.028125
1 0.55234375 0.275 0.021875 0.0265625
0 0.4875 0.30859375 0.05859375 0.0203125
0 0.60703125 0.33984375 0.06015625 0.01796875
0 0.6421875 0.3796875 0.05078125 0.02890625
0 0.62578125 0.3703125 0.053125 0.02890625
0 0.69140625 0.35625 0.0546875 0.0234375
0 0.69140625 0.38515625 0.04765625 0.028125
0 0.67578125 0.41875 0.03515625 0.0390625
0 0.10625 0.4 0.0546875 0.0203125
0 0.1625 0.42421875 0.03203125 0.03671875
0 0.3296875 0.41171875 0.05 0.02578125
0 0.42265625 0.35546875 0.0359375 0.0359375
1 0.41015625 0.4296875 0.03671875 0.0296875
1 0.52890625 0.4078125 0.03828125 0.0234375
0 0.52109375 0.45234375 0.05546875 0.01796875
0 0.578125 0.465625 0.0390625 0.0375
0 0.73984375 0.49921875 0.0484375 0.03046875
0 0.83046875 0.5046875 0.05 0.02578125
0 0.49375 0.496875 0.05703125 0.02109375
0 0.3765625 0.49296875 0.04609375 0.02890625
1 0.76015625 0.38203125 0.03828125 0.02890625
1 0.325 0.49765625 0.034375 0.02890625
0 0.40234375 0.5140625 0.04296875 0.01953125
0 0.60078125 0.52890625 0.03125 0.0359375
0 0.61171875 0.5421875 0.0390625 0.034375
1 0.5640625 0.54375 0.03984375 0.01875
1 0.7 0.57421875 0.04140625 0.021875
0 0.5828125 0.7171875 0.03359375 0.03671875
0 0.61875 0.6375 0.028125 0.0421875
0 0.35859375 0.62578125 0.03359375 0.0421875
0 0.2375 0.62578125 0.0359375 0.03671875
0 0.25546875 0.55859375 0.04609375 0.0296875
0 0.2328125 0.53515625 0.040625 0.0328125
1 0.3515625 0.57890625 0.04140625 0.0265625
1 0.42734375 0.63125 0.02265625 0.02890625
0 0.84140625 0.4328125 0.03046875 0.04375
0 0.40859375 0.5984375 0.0375 0.0296875
0 0.48359375 0.62578125 0.02578125 0.04375
0 0.59296875 0.63671875 0.04140625 0.0359375
0 0.27421875 0.640625 0.05234375 0.0265625
0 0.52734375 0.615625 0.0453125 0.03671875
0 0.41796875 0.653125 0.05390625 0.0171875
0 0.603125 0.596875 0.03671875 0.03515625
0 0.6796875 0.66171875 0.0265625 0.0421875
0 0.8203125 0.54375 0.040625 0.0359375
1 0.83203125 0.6828125 0.0328125 0.028125