1 0.796875 0.6328125 0.021875 0.04375
1 0.76640625 0.77265625 0.03125 0.04375
1 0.7046875 0.6859375 0.03125 0.05
1 0.64375 0.87109375 0.028125 0.0453125
0 0.67265625 0.77109375 0.03125 0.059375
1 0.778125 0.50078125 0.034375 0.028125
1 0.6265625 0.57578125 0.021875 0.0375
1 0.2640625 0.7546875 0.0171875 0.03125
1 0.51484375 0.77421875 0.03125 0.028125
1 0.571875 0.57109375 0.0234375 0.040625
1 0.5953125 0.3578125 0.03125 0.03125
1 0.5125 0.31875 0.021875 0.034375
1 0.496875 0.3296875 0.01875 0.0375
1 0.72421875 0.21171875 0.028125 0.046875
1 0.43671875 0.6125 0.03125 0.046875
1 0.56953125 0.8625 0.0328125 0.028125
1 0.5125 0.8265625 0.025 0.0328125
0 0.4578125 0.8578125 0.028125 0.0625
0 0.39765625 0.77265625 0.0359375 0.053125
0 0.35390625 0.64609375 0.03125 0.059375
1 0.2515625 0.9390625 0.0296875 0.028125
1 0.22734375 0.75078125 0.025 0.040625
0 0.21484375 0.73125 0.0421875 0.0375
1 0.33203125 0.5796875 0.028125 0.0375
0 0.26875 0.49609375 0.021875 0.0578125
0 0.30390625 0.4671875 0.04375 0.053125
0 0.28984375 0.4125 0.0515625 0.0296875
0 0.5140625 0.69296875 0.0375 0.059375
0 0.5265625 0.64453125 0.0375 0.0515625
1 0.62578125 0.678125 0.03125 0.034375
1 0.56328125 0.61328125 0.0234375 0.028125
1 0.70078125 0.496875 0.021875 0.0375
1 0.6453125 0.53515625 0.0265625 0.0484375
1 0.646875 0.4140625 0.0296875 0.0375
1 0.63671875 0.44765625 0.028125 0.0578125
1 0.603125 0.41328125 0.021875 0.0515625
1 0.5546875 0.453125 0.028125 0.0375
1 0.528125 0.5 0.028125 0.0328125
1 0.46015625 0.58984375 0.034375 0.03125
1 0.48671875 0.46640625 0.028125 0.0265625
1 0.515625 0.3796875 0.0359375 0.0328125
1 0.4765625 0.36953125 0.028125 0.028125
1 0.8109375 0.34765625 0.0296875 0.040625
0 0.57421875 0.52109375 0.040625 0.0390625
0 0.44296875 0.4015625 0.0484375 0.03125
0 0.46015625 0.33359375 0.0390625 0.0578125
0 0.4015625 0.34453125 0.021875 0.0625
0 0.715625 0.38125 0.0359375 0.059375
0 0.66171875 0.12109375 0.03125 0.05625
0 0.58984375 0.2625 0.028125 0.0703125