1 0.23671875 0.775 0.0625 0.021875
1 0.0859375 0.725 0.046875 0.021875
1 0.1328125 0.68671875 0.040625 0.0296875
1 0.321875 0.71953125 0.04375 0.021875
1 0.33359375 0.70390625 0.05625 0.021875
1 0.65625 0.79375 0.0375 0.0265625
1 0.7171875 0.68984375 0.0375 0.03125
1 0.13828125 0.55390625 0.0515625 0.01875
1 0.0859375 0.53671875 0.0375 0.025
1 0.39453125 0.6421875 0.0453125 0.0265625
1 0.44140625 0.6203125 0.05 0.01875
1 0.1140625 0.315625 0.0453125 0.021875
1 0.3109375 0.453125 0.046875 0.0171875
1 0.32890625 0.4296875 0.0390625 0.01875
1 0.509375 0.559375 0.040625 0.01875
1 0.49765625 0.54140625 0.040625 0.0171875
1 0.5125 0.378125 0.0375 0.025
1 0.546875 0.47109375 0.0609375 0.01875
1 0.746875 0.559375 0.0453125 0.021875
1 0.86875 0.571875 0.034375 0.0203125
1 0.82109375 0.490625 0.0515625 0.021875
0 0.20703125 0.6734375 0.075 0.021875
0 0.38515625 0.5171875 0.0578125 0.0375
0 0.56875 0.61796875 0.075 0.028125
0 0.7296875 0.58046875 0.078125 0.01875