1 0.715625 0.12421875 0.1125 0.0296875
1 0.8046875 0.24453125 0.06484375 0.0390625
1 0.57578125 0.23203125 0.06875 0.0765625
1 0.41171875 0.271875 0.05859375 0.04375
1 0.9703125 0.20703125 0.05859375 0.028125
1 0.11328125 0.16796875 0.05703125 0.02109375
0 0.1296875 0.22265625 0.08515625 0.0234375
0 0.09296875 0.30859375 0.06640625 0.0390625
0 0.2234375 0.33671875 0.0578125 0.04453125
0 0.2890625 0.45546875 0.071875 0.03515625
1 0.0453125 0.3953125 0.090625 0.03671875
1 0.07109375 0.5171875 0.09296875 0.04921875
1 0.215625 0.6 0.0984375 0.0328125
1 0.29609375 0.653125 0.10078125 0.06171875
1 0.38984375 0.746875 0.0578125 0.06328125
1 0.15 0.6328125 0.04765625 0.0265625
1 0.434375 0.46171875 0.0421875 0.0296875
0 0.6203125 0.3703125 0.08984375 0.03359375
0 0.6875 0.45546875 0.06640625 0.0453125
0 0.8671875 0.45703125 0.08515625 0.0390625
1 0.97265625 0.465625 0.0421875 0.0359375
1 0.503125 0.53828125 0.0875 0.02421875
1 0.71328125 0.5328125 0.03203125 0.0734375
1 0.965625 0.525 0.06875 0.03671875
0 0.1796875 0.75859375 0.04453125 0.05
0 0.18046875 0.86796875 0.04375 0.05234375