0 0.72265625 0.61171875 0.04375 0.08125
0 0.6421875 0.67265625 0.06875 0.05625
0 0.59375 0.60703125 0.0625 0.053125
0 0.58046875 0.50078125 0.025 0.0890625
1 0.615625 0.4984375 0.034375 0.04375
1 0.721875 0.45234375 0.03125 0.059375
0 0.65234375 0.41171875 0.028125 0.090625
0 0.5703125 0.43203125 0.040625 0.0796875
0 0.5390625 0.328125 0.065625 0.040625
0 0.59375 0.3 0.03125 0.090625
0 0.64921875 0.2625 0.065625 0.0640625
1 0.54453125 0.23828125 0.028125 0.06875
1 0.51484375 0.225 0.0328125 0.065625
1 0.05859375 0.4921875 0.0375 0.071875
1 0.13125 0.41328125 0.028125 0.059375
0 0.11875 0.56875 0.0625 0.046875
1 0.159375 0.51796875 0.0375 0.0640625
0 0.1421875 0.325 0.0625 0.05
0 0.153125 0.70234375 0.0375 0.0796875
0 0.19921875 0.3875 0.028125 0.096875
0 0.16953125 0.24921875 0.04375 0.09375
1 0.5015625 0.76796875 0.03125 0.0484375
1 0.4484375 0.76484375 0.0421875 0.059375
1 0.49921875 0.6875 0.04375 0.0375
0 0.409375 0.671875 0.0515625 0.059375
0 0.32734375 0.725 0.0671875 0.0375
0 0.3484375 0.80546875 0.065625 0.034375
0 0.4140625 0.78984375 0.04375 0.075
0 0.271875 0.76875 0.0625 0.059375
1 0.4703125 0.58984375 0.034375 0.06875
1 0.4453125 0.53359375 0.04375 0.0375
1 0.36328125 0.540625 0.0515625 0.053125
1 0.303125 0.61640625 0.034375 0.0375
1 0.2421875 0.278125 0.03125 0.065625
1 0.2796875 0.3671875 0.034375 0.053125
1 0.415625 0.1828125 0.0375 0.05625
1 0.36171875 0.178125 0.0375 0.040625
1 0.33671875 0.3890625 0.0390625 0.05625
0 0.50078125 0.546875 0.028125 0.08125
0 0.36328125 0.49140625 0.0390625 0.090625
0 0.30390625 0.46796875 0.0640625 0.0625
0 0.25078125 0.49453125 0.028125 0.090625
0 0.25546875 0.7296875 0.059375 0.03125
0 0.23828125 0.65234375 0.0703125 0.046875
0 0.221875 0.61328125 0.06875 0.0390625
1 0.31015625 0.565625 0.0265625 0.05625
1 0.47890625 0.425 0.028125 0.0796875
0 0.29140625 0.19453125 0.065625 0.046875
0 0.43359375 0.39921875 0.0625 0.040625
0 0.4109375 0.35859375 0.0671875 0.0515625
0 0.41875 0.28046875 0.075 0.0375
0 0.3484375 0.24375 0.071875 0.040625
0 0.3078125 0.325 0.028125 0.090625
0 0.46953125 0.18984375 0.065625 0.0484375