0 0.56171875 0.7140625 0.046875 0.0265625
0 0.3296875 0.584375 0.0484375 0.0328125
0 0.60078125 0.57421875 0.0171875 0.04375
0 0.353125 0.690625 0.04375 0.03125
0 0.33984375 0.39765625 0.0375 0.040625
0 0.46328125 0.4171875 0.01875 0.046875
0 0.72109375 0.62734375 0.040625 0.040625
0 0.47890625 0.58359375 0.05 0.028125
0 0.46875 0.6984375 0.05 0.015625
0 0.6578125 0.49609375 0.04375 0.0375
0 0.553125 0.50078125 0.0203125 0.05
0 0.4109375 0.49765625 0.05625 0.021875
0 0.31953125 0.4609375 0.0359375 0.0390625
0 0.6078125 0.40703125 0.046875 0.03125