0 0.40703125 0.56328125 0.08046875 0.0703125
0 0.4515625 0.76484375 0.0640625 0.0734375
0 0.71796875 0.36796875 0.08984375 0.0640625
0 0.7796875 0.80859375 0.078125 0.0703125
0 0.17578125 0.61640625 0.09453125 0.05703125
0 0.85390625 0.4796875 0.07265625 0.0671875
0 0.471875 0.39296875 0.0890625 0.0578125
0 0.684375 0.7796875 0.0640625 0.07109375
0 0.56640625 0.8734375 0.084375 0.05859375
1 0.94765625 0.73203125 0.05078125 0.0484375
1 0.86484375 0.7609375 0.05 0.04765625
0 0.24140625 0.4578125 0.1015625 0.034375
0 0.21796875 0.2328125 0.04140625 0.07578125
0 0.47734375 0.52421875 0.06640625 0.07109375
1 0.58515625 0.79765625 0.0484375 0.05390625
1 0.8453125 0.553125 0.0328125 0.04921875
0 0.628125 0.659375 0.07734375 0.07578125
0 0.2828125 0.83515625 0.0328125 0.07734375
1 0.6890625 0.60078125 0.03515625 0.05390625
1 0.5734375 0.49921875 0.05859375 0.04140625
1 0.5203125 0.26328125 0.065625 0.02265625
0 0.28828125 0.6671875 0.07109375 0.0625
0 0.41953125 0.35 0.0875 0.07265625
0 0.9484375 0.57734375 0.0515625 0.08125
0 0.3734375 0.26875 0.11015625 0.04609375
0 0.125 0.34765625 0.03515625 0.07890625
0 0.615625 0.165625 0.11328125 0.0359375
0 0.49453125 0.81328125 0.1046875 0.034375
0 0.5265625 0.75625 0.0578125 0.078125
0 0.2703125 0.75078125 0.11484375 0.02109375