0 0.80625 0.409375 0.04609375 0.046875
0 0.67734375 0.3828125 0.06640625 0.03671875
1 0.50859375 0.5609375 0.04375 0.03515625
0 0.678125 0.55078125 0.04765625 0.04453125
0 0.4265625 0.39453125 0.040625 0.046875
0 0.3546875 0.5078125 0.0375 0.05
0 0.403125 0.325 0.0421875 0.04140625
0 0.18671875 0.5921875 0.065625 0.03046875
0 0.25078125 0.46640625 0.04453125 0.040625
0 0.6421875 0.7265625 0.03125 0.05
0 0.0890625 0.36796875 0.0625 0.03203125
0 0.07734375 0.35703125 0.059375 0.0328125
0 0.84296875 0.47265625 0.06484375 0.03671875
0 0.67109375 0.290625 0.06328125 0.04375
0 0.5109375 0.62421875 0.02734375 0.0390625
0 0.7703125 0.51640625 0.03828125 0.046875
0 0.31484375 0.4453125 0.0359375 0.04609375
0 0.6546875 0.42890625 0.0671875 0.03046875
0 0.44453125 0.6796875 0.05390625 0.03046875
0 0.4515625 0.75859375 0.03203125 0.0453125
1 0.7125 0.66328125 0.04296875 0.03046875
0 0.28203125 0.2578125 0.0734375 0.03203125
0 0.62109375 0.684375 0.05546875 0.03203125
0 0.16953125 0.41171875 0.028125 0.05234375
1 0.17109375 0.28359375 0.0609375 0.03359375
0 0.425 0.4515625 0.06484375 0.025
0 0.73515625 0.30078125 0.0421875 0.05859375
0 0.33046875 0.4265625 0.05546875 0.03671875
0 0.63359375 0.5265625 0.03359375 0.053125
1 0.5609375 0.4515625 0.0484375 0.02734375
0 0.1984375 0.653125 0.06328125 0.02421875
0 0.51328125 0.7578125 0.0546875 0.03046875
0 0.246875 0.58515625 0.059375 0.02265625
0 0.5703125 0.253125 0.04765625 0.0484375
0 0.253125 0.371875 0.06953125 0.025
0 0.453125 0.22265625 0.07109375 0.0265625
0 0.81015625 0.57421875 0.0484375 0.05
0 0.7765625 0.68046875 0.025 0.0546875
1 0.25078125 0.6140625 0.046875 0.025
0 0.11171875 0.48984375 0.06484375 0.0265625
0 0.8484375 0.346875 0.06796875 0.02421875
0 0.3609375 0.596875 0.06171875 0.025
0 0.62578125 0.59609375 0.0640625 0.02265625
0 0.5625 0.3796875 0.0609375 0.021875
0 0.40390625 0.37421875 0.04921875 0.0359375
0 0.32578125 0.503125 0.02734375 0.04453125