1 0.86171875 0.240625 0.125 0.1515625
1 0.9015625 0.45 0.13125 0.1625
1 0.8640625 0.65234375 0.1015625 0.18125
1 0.9 0.81640625 0.134375 0.109375
1 0.640625 0.14296875 0.15625 0.140625
1 0.4546875 0.1140625 0.1390625 0.11875
1 0.5640625 0.36484375 0.075 0.159375
1 0.35703125 0.25234375 0.15 0.14375
1 0.19296875 0.3265625 0.096875 0.109375
1 0.3609375 0.40859375 0.11875 0.115625
1 0.52265625 0.5 0.084375 0.115625
1 0.390625 0.6171875 0.075 0.15
1 0.2171875 0.50703125 0.134375 0.1484375
1 0.1 0.60546875 0.10625 0.1640625
1 0.35703125 0.7625 0.1234375 0.15
1 0.24140625 0.9171875 0.140625 0.0515625
1 0.4890625 0.9359375 0.159375 0.1234375
1 0.51328125 0.68671875 0.1109375 0.1296875
1 0.66015625 0.659375 0.1203125 0.1125
1 0.66796875 0.76328125 0.19375 0.0875
1 0.709375 0.90078125 0.128125 0.153125
1 0.19453125 0.77890625 0.175 0.103125
1 0.73359375 0.45859375 0.08125 0.16875