0 0.27734375 0.38828125 0.04375 0.08125
0 0.3578125 0.32734375 0.06875 0.05625
0 0.40625 0.39296875 0.0625 0.053125
0 0.41953125 0.49921875 0.025 0.0890625
1 0.384375 0.5015625 0.034375 0.04375
1 0.278125 0.54765625 0.03125 0.059375
0 0.34765625 0.58828125 0.028125 0.090625
0 0.4296875 0.56796875 0.040625 0.0796875
0 0.4609375 0.671875 0.065625 0.040625
0 0.40625 0.7 0.03125 0.090625
0 0.35078125 0.7375 0.065625 0.0640625
1 0.45546875 0.76171875 0.028125 0.06875
1 0.48515625 0.775 0.0328125 0.065625
1 0.94140625 0.5078125 0.0375 0.071875
1 0.86875 0.58671875 0.028125 0.059375
0 0.88125 0.43125 0.0625 0.046875
1 0.840625 0.48203125 0.0375 0.0640625
0 0.8578125 0.675 0.0625 0.05
0 0.846875 0.29765625 0.0375 0.078125
0 0.80078125 0.6125 0.028125 0.096875
0 0.83046875 0.75078125 0.04375 0.09375
1 0.4984375 0.23203125 0.03125 0.0484375
1 0.5515625 0.23515625 0.0421875 0.059375
1 0.50078125 0.3125 0.04375 0.0375
0 0.590625 0.328125 0.0515625 0.059375
0 0.67265625 0.275 0.0671875 0.0375
0 0.6515625 0.19453125 0.065625 0.034375
0 0.5859375 0.21015625 0.04375 0.075
0 0.728125 0.23125 0.0625 0.059375
1 0.5296875 0.41015625 0.034375 0.06875
1 0.5546875 0.46640625 0.04375 0.0375
1 0.63671875 0.459375 0.0515625 0.053125
1 0.696875 0.38359375 0.034375 0.0375
1 0.7578125 0.721875 0.03125 0.065625
1 0.7203125 0.6328125 0.034375 0.053125
1 0.584375 0.8171875 0.0375 0.05625
1 0.63828125 0.821875 0.0375 0.040625
1 0.66328125 0.6109375 0.0390625 0.05625
0 0.49921875 0.453125 0.028125 0.08125
0 0.63671875 0.50859375 0.0390625 0.090625
0 0.69609375 0.53203125 0.0640625 0.0625
0 0.74921875 0.50546875 0.028125 0.090625
0 0.74453125 0.2703125 0.059375 0.03125
0 0.76171875 0.34765625 0.0703125 0.046875
0 0.778125 0.38671875 0.06875 0.0390625
1 0.68984375 0.434375 0.0265625 0.05625
1 0.52109375 0.575 0.028125 0.0796875
0 0.70859375 0.80546875 0.065625 0.046875
0 0.56640625 0.60078125 0.0625 0.040625
0 0.5890625 0.64140625 0.0671875 0.0515625
0 0.58125 0.71953125 0.075 0.0375
0 0.6515625 0.75625 0.071875 0.040625
0 0.6921875 0.675 0.028125 0.090625
0 0.53046875 0.81015625 0.065625 0.0484375